# timestamp tx ty tz qx qy qz qw
173373.663450729 0.036028220 0.004988133 0.012171173 -0.896462381 -0.057898891 0.436157832 0.052623797
173373.696784678 0.055101504 -0.000946462 0.026628459 -0.935318348 -0.086282686 0.336678779 0.066198833
173373.730118628 0.072755094 -0.011593997 0.047740917 -0.958053713 -0.093148841 0.260808083 0.073725987
173373.763452577 0.086052818 -0.026973983 0.072973129 -0.968211209 -0.066752348 0.228081793 0.078037641
173373.796786526 0.093427271 -0.045358962 0.099078539 -0.966566218 -0.008744224 0.242883476 0.081736781
173373.830120475 0.094284278 -0.064515744 0.124628424 -0.949282269 0.069323244 0.295396693 0.082451530
173373.863454424 0.089980658 -0.082619221 0.152354939 -0.914984678 0.149006971 0.365821538 0.082307736
173373.896788374 0.083894026 -0.098043584 0.184441592 -0.871202792 0.209354495 0.436255806 0.082808592
173373.930122323 0.079064465 -0.098694468 0.220433040 -0.830843509 0.236807853 0.496866398 0.082127258
173373.963456272 0.079194027 -0.107442909 0.258867423 -0.805833783 0.225415392 0.540587737 0.087090267
173373.996790221 0.084037725 -0.114675894 0.297099814 -0.797252408 0.178629329 0.567856346 0.100096609
173374.030124171 0.093039528 -0.122512447 0.333139815 -0.801649559 0.110807322 0.575327833 0.118649089
173374.063458120 0.105461492 -0.132516917 0.366023609 -0.810784107 0.034131141 0.566281094 0.144187099
173374.096792069 0.120546063 -0.146167541 0.394133096 -0.816885280 -0.032032696 0.550339350 0.169702517
173374.130126018 0.137576732 -0.164221516 0.415323177 -0.817365215 -0.068847489 0.541591857 0.183990189
173374.163459967 0.156156606 -0.186164477 0.428468316 -0.813078246 -0.068449475 0.548360527 0.183082408
173374.196793917 0.175769546 -0.210840166 0.433851935 -0.806770332 -0.038868042 0.566349545 0.163887460
173374.230127866 -0.017338836 -0.297416141 0.443016099 -0.811491166 -0.004735519 0.565659775 0.146590181
173374.263461815 0.044228900 -0.345381336 0.437608175 -0.813569946 0.033129457 0.568340779 0.118301061
173374.296795764 0.062242434 -0.376455471 0.431890146 -0.825242542 0.046488768 0.554249789 0.098085230
173374.330129713 0.080961162 -0.404286542 0.424482105 -0.839839270 0.052375684 0.534110553 0.081564120
173374.363463663 0.099629497 -0.431363454 0.414089175 -0.850420681 0.066235109 0.518543630 0.059245926
173374.396797612 0.117958727 -0.457929956 0.400801110 -0.853041451 0.099353683 0.511131870 0.034544740
173374.430131561 0.136812218 -0.483407455 0.385696814 -0.851281111 0.146570606 0.503709355 0.010696363
173374.463465510 0.156559237 -0.506789716 0.369413831 0.846910901 -0.202545239 -0.491616355 0.005541703
173374.496799460 0.174732892 -0.525579750 0.353921573 0.852308542 -0.236682684 -0.466257783 0.012455380
173374.530133409 0.185035859 -0.542000887 0.345865970 0.871679011 -0.219966957 -0.437851609 0.008729698
173374.563467358 0.182813075 -0.558988240 0.339903893 0.887121509 -0.175878996 -0.426213952 0.020583346
173374.596801307 0.175260406 -0.576124537 0.332935503 0.889790282 -0.154822577 -0.428036212 0.032988268
173374.630135256 0.167017563 -0.592541060 0.327910995 0.881412971 -0.163437193 -0.441024657 0.043551240
173374.663469206 0.158150143 -0.605098352 0.324158150 0.868870453 -0.178015126 -0.458415985 0.056829001
173374.696803155 0.149524772 -0.612762601 0.321621481 0.855329521 -0.192676660 -0.476317040 0.066401750
173374.730137104 0.142189349 -0.616995482 0.320427928 0.839031419 -0.214966896 -0.494905764 0.069884165
173374.763471053 0.131101129 -0.622041359 0.321878354 0.822994111 -0.227181748 -0.515403028 0.073680834
173374.796805002 0.111378474 -0.629495422 0.325579295 0.812422572 -0.200735560 -0.540261385 0.088274779
173374.830138952 0.089880433 -0.637983289 0.328247936 0.797118466 -0.191258064 -0.563049486 0.104870302
173374.863472901 0.066350621 -0.645966759 0.331647069 0.784508448 -0.179482595 -0.581819573 0.117552020
173374.896806850 0.039722647 -0.653310938 0.335424899 0.774046519 -0.167985169 -0.596865168 0.128003679
173374.930140799 0.009206118 -0.660171363 0.340554353 0.760882127 -0.164376792 -0.612503123 0.137399357
173374.963474749 -0.025126887 -0.666611466 0.347962306 0.741860476 -0.171891096 -0.631747973 0.144882655
173374.996808698 -0.062412911 -0.671672645 0.357637819 0.716204205 -0.186936916 -0.656272249 0.146331339
173375.030142647 -0.101108100 -0.675512379 0.368265290 0.689448689 -0.204522298 -0.680090045 0.142508472
173375.063476596 0.003769907 -0.824351718 0.388656595 0.661718909 -0.199726255 -0.712657933 0.119817275
173375.096810545 -0.032319253 -0.839100714 0.401739902 0.636302640 -0.204771502 -0.735815678 0.108456769
173375.130144495 -0.122031153 -0.851648270 0.414442955 0.617693198 -0.208302785 -0.752753722 0.091798132
173375.163478444 -0.163320766 -0.870387038 0.427215628 0.596566095 -0.204737410 -0.771899525 0.079765975
173375.196812393 -0.205266620 -0.893304865 0.437305175 0.590550229 -0.201800022 -0.777524694 0.077346810
173375.230146342 -0.249071863 -0.919530675 0.444677198 0.593861032 -0.195936084 -0.775466385 0.087120668
173375.263480291 -0.295047602 -0.947443134 0.451181688 0.595974514 -0.183116696 -0.775685884 0.097949285
173375.296814241 -0.343066193 -0.976144579 0.457497627 0.595296393 -0.161731795 -0.780237937 0.103410792
173375.330148190 -0.392149439 -1.005616299 0.462682843 0.597409085 -0.139053432 -0.783434385 0.099985464
173375.363482139 -0.442488835 -1.035109099 0.467664450 0.598707383 -0.113546384 -0.788357984 0.084548080
173375.396816088 -0.493741321 -1.065128219 0.472477126 0.600955809 -0.086579223 -0.792083116 0.062932430
173375.430150038 -0.546175628 -1.094962326 0.478784721 0.598158616 -0.058249613 -0.798662805 0.030837916
173375.463483987 -0.598668771 -1.126313611 0.487103564 -0.593177516 0.029489298 0.804526186 0.002903631
173375.496817936 -0.649923717 -1.161070093 0.497435246 -0.592464648 0.011418085 0.805196474 0.022669520
173375.530151885 -0.699737577 -1.198717721 0.509670188 -0.598288333 0.006892048 0.800649104 0.031057720
173375.563485834 -0.747895988 -1.238446178 0.522599126 -0.613855535 0.004887033 0.788619353 0.035171240
173375.596819784 -0.794347658 -1.279405347 0.537369229 -0.633499282 0.003364660 0.772722470 0.039589422
173375.630153733 -0.839820763 -1.321898038 0.555746352 -0.650940215 0.008224218 0.757986382 0.040814753
173375.663487682 -0.884418092 -1.365785039 0.577769039 -0.664350552 0.015924237 0.746298910 0.037718682
173375.696821631 -0.956956015 -1.406376386 0.604471822 -0.676876845 0.022149895 0.734919763 0.035214483
173375.730155580 -0.930268065 -1.433487790 0.640636804 -0.670098486 0.028071347 0.740849247 0.036364980
173375.763489530 -0.975350567 -1.473679747 0.670156135 -0.663375173 0.030850581 0.746753426 0.036618886
173375.796823479 -1.020941932 -1.513723305 0.699898466 -0.650742377 0.032055570 0.757717551 0.037025834
173375.830157428 -1.066810432 -1.553838604 0.728543086 -0.635311946 0.032246926 0.770750950 0.035802799
173375.863491377 -1.112608925 -1.593983217 0.755372830 -0.621016210 0.031378632 0.782508180 0.032174470
173375.896825327 -1.175979388 -1.658246198 0.761793039 -0.605916102 0.025870920 0.794649210 0.027000100
173375.930159276 -1.244799186 -1.750977249 0.746734664 -0.589437503 0.015359963 0.807327161 0.023459707
173375.963493225 -1.236636248 -1.810936594 0.787972442 -0.575300031 0.007713330 0.817665373 0.019842282
173375.996827174 -1.157341385 -1.842854679 0.824564887 -0.551462166 0.003024576 0.833852908 0.023867555
173376.030161123 -1.191789912 -1.891033555 0.842943631 -0.534947155 -0.002773219 0.844375164 0.029230697
173376.063495073 -1.226029698 -1.938155785 0.857481859 -0.524663355 -0.007678990 0.850619665 0.033400332
173376.096829022 -1.261728023 -1.985705298 0.869588267 -0.519204445 -0.007637709 0.853857429 0.035998613
173376.130162971 -1.299641866 -2.033997427 0.881033470 -0.511076030 -0.007048657 0.858579334 0.039914100
173376.163496920 -1.339655401 -2.084007361 0.891865958 -0.501390720 -0.008621328 0.864052439 0.044118038
173376.196830869 -1.386671916 -2.135516531 0.901244907 -0.492912147 -0.011207629 0.868866310 0.044534708
173376.230164819 -1.432132266 -2.192286026 0.908496151 -0.488995731 -0.016571448 0.871316002 0.037642897
173376.263498768 -1.479761982 -2.252765941 0.912248544 -0.496064125 -0.025942583 0.867502148 0.026218098
173376.296832717 -1.529617723 -2.316676408 0.913200054 -0.509251775 -0.036806834 0.859707259 0.014536677
173376.330166666 -1.581934330 -2.383578475 0.912677238 -0.521969483 -0.048232438 0.851571502 0.006889724
173376.363500616 -1.636702286 -2.452830189 0.911671164 -0.530617589 -0.058359581 0.845594929 0.002889358
173376.396834565 -1.693902235 -2.524269922 0.910186852 -0.536597157 -0.067062593 0.841165299 0.002653438
173376.430168514 -1.753452928 -2.598200503 0.907189960 -0.543874690 -0.076793692 0.835614034 0.007227532
173376.463502463 -1.815854583 -2.673372979 0.904060103 -0.549358172 -0.082768590 0.831346360 0.014771209
173376.496836412 -1.881721446 -2.749645433 0.901966270 -0.550750985 -0.086187368 0.829829666 0.025056243
173376.530170362 -1.950689245 -2.827506595 0.899404903 -0.552909443 -0.090621929 0.827523987 0.035817111
173376.563504311 -2.022843579 -2.906212764 0.895479499 -0.559089343 -0.092214559 0.822678879 0.045989602
173376.596838260 -2.097714264 -2.985508935 0.890720350 -0.570002181 -0.089784134 0.814964809 0.053560084
173376.630172209 -2.175952035 -3.066216386 0.886439484 -0.578368132 -0.085644901 0.809344347 0.055829945
173376.663506158 -2.257574028 -3.148597924 0.883089186 -0.581356605 -0.083776338 0.807303090 0.057164178
173376.696840108 -2.340923373 -3.231605417 0.880240714 -0.580062374 -0.083009294 0.807866960 0.063151203
173376.730174057 -2.425360307 -3.315703215 0.877241492 -0.576020352 -0.082934461 0.810021499 0.072025002
173376.763508006 -2.510316192 -3.400827540 0.873706558 -0.570306471 -0.083389754 0.813030571 0.082328426
173376.796841955 -2.594712912 -3.486721575 0.869014902 -0.567029566 -0.081798651 0.814820897 0.088619166
173376.830175905 -2.678043912 -3.573073875 0.863270680 -0.565922335 -0.078535830 0.815398431 0.093217131
173376.863509854 -2.759275995 -3.659454456 0.857400779 -0.563570068 -0.075925430 0.816399723 0.100576334
173376.896843803 -2.837582834 -3.745928578 0.851130176 -0.560608242 -0.072300505 0.817415310 0.111010121
173376.930177752 -2.912911974 -3.833369008 0.843342659 -0.560298142 -0.066153713 0.816476588 0.122701511
173376.963511701 -2.985050265 -3.922379414 0.833999538 -0.563848093 -0.056352220 0.813113386 0.133215527
173376.996845651 -3.054237962 -4.013427300 0.824204005 -0.567887789 -0.044669842 0.809388429 0.142823092
173377.030179600 -3.303370853 -3.928346627 0.795686465 -0.576044400 -0.019632521 0.801773187 0.157946732
173377.063513549 -3.373699937 -4.018135974 0.786681164 -0.578914826 -0.010527607 0.798727141 0.163651302
173377.096847498 -3.440483700 -4.110309393 0.778217449 -0.581958651 -0.002887497 0.795715796 0.167786059
173377.130181447 -3.503816340 -4.206196586 0.769955105 -0.586153758 0.002512124 0.792649691 0.167701904
173377.163515397 -3.563344982 -4.305665732 0.761621228 -0.590734191 0.004108281 0.789734287 0.165335999
173377.196849346 -3.619093240 -4.407794611 0.752079078 -0.596450007 0.002004093 0.785855009 0.163325681
173377.230183295 -3.671371590 -4.512027831 0.740336698 -0.604534915 0.001978772 0.779879902 0.162237353
173377.263517244 -3.721564629 -4.617717924 0.727128434 -0.611218000 0.008122575 0.774462321 0.162956111
173377.296851194 -3.772819875 -4.724337594 0.713363779 -0.612765092 0.017659799 0.773076851 0.162970108
173377.330185143 -3.826954529 -4.831226237 0.699581988 -0.611452527 0.025739792 0.773462328 0.164982717
173377.363519092 -3.883560970 -4.938182147 0.685823785 -0.611942173 0.034096024 0.771833895 0.169223749
173377.396853041 -3.942884724 -5.045734985 0.672723543 -0.613769427 0.041769632 0.768691241 0.175089020
173377.430186990 -4.005612503 -5.154260141 0.660696266 -0.615787724 0.044670447 0.765982456 0.179111436
173377.463520940 -4.071589201 -5.263730333 0.649810961 -0.617107483 0.043524428 0.764364411 0.181744397
173377.496854889 -4.140516239 -5.374762654 0.639366972 -0.618713179 0.042248465 0.763085449 0.181960621
173377.530188838 -4.213260749 -5.487831834 0.629290027 -0.619791292 0.041173822 0.762931715 0.179161012
173377.563522787 -4.290105192 -5.602501198 0.619881737 -0.618206745 0.039310212 0.765203469 0.175324780
173377.596856736 -4.371226984 -5.718590800 0.610946213 -0.614884790 0.038414123 0.768796821 0.171442405
173377.630190686 -4.456342452 -5.836366973 0.602328008 -0.610762794 0.039047827 0.772749154 0.168234422
173377.663524635 -4.323580474 -6.114641585 0.617390599 -0.602521095 0.032866101 0.781064183 0.160707474
173377.696858584 -4.407079199 -6.239514601 0.609382114 -0.599148170 0.032302506 0.785398184 0.152077980
173377.730192533 -4.493556671 -6.365987217 0.601806547 -0.595995664 0.028230735 0.789848701 0.141884546
173377.763526483 -4.581912396 -6.492691723 0.594647598 -0.593694355 0.020698150 0.793029731 0.134916436
173377.796860432 -4.671833501 -6.619259540 0.587367492 -0.594004078 0.012426427 0.793396793 0.132386815
173377.830194381 -4.763267342 -6.745381916 0.580182057 -0.595597548 0.005298431 0.792069627 0.133645777
173377.863528330 -4.856395165 -6.871356302 0.573212790 -0.596747847 0.000066402 0.790692914 0.136735947
173377.896862279 -4.951321131 -6.997097693 0.566951509 -0.595701882 -0.003312904 0.790798048 0.140594236
173377.930196229 -5.047442241 -7.122057111 0.561903619 -0.591902275 -0.007276607 0.792302873 0.147834048
173377.963530178 -5.144032116 -7.246119591 0.557921351 -0.586300606 -0.010587894 0.794588908 0.157378408
173377.996864127 -5.240642412 -7.369285574 0.554800139 -0.580399818 -0.011462761 0.796639105 0.168436320
173378.030198076 -5.336906698 -7.491737612 0.552194487 -0.574982523 -0.010559013 0.797688912 0.181592965
173378.063532025 -5.432043299 -7.613318644 0.550069982 -0.570181052 -0.006471305 0.797751461 0.196072173
173378.096865975 -5.525513854 -7.734095526 0.548726521 -0.564444440 0.001554247 0.797307769 0.213776472
173378.130199924 -5.616761702 -7.854309219 0.548328087 -0.556216931 0.009995426 0.796758075 0.236007174
173378.163533873 -5.704635768 -7.974670569 0.547798674 -0.548350979 0.020658369 0.793806919 0.262211769
173378.196867822 -5.788970968 -8.095689625 0.547033730 -0.538859796 0.032282562 0.789466250 0.292114697
173378.230201772 -5.869948106 -8.217897958 0.545356237 -0.527666912 0.044783347 0.784034440 0.323808707
173378.263535721 -5.947914513 -8.342033778 0.541717477 -0.516676445 0.059777185 0.777195963 0.354173084
173378.296869670 -6.023112553 -8.468536480 0.535673813 -0.506892250 0.077774910 0.768238201 0.383172778
173378.330203619 -6.095636840 -8.598123993 0.527019633 -0.499282627 0.099783770 0.756426067 0.410584538
173378.363537568 -6.165685251 -8.731426736 0.516214506 -0.491197113 0.124590560 0.742197866 0.438571449
173378.396871518 -6.234200378 -8.869128438 0.503361463 -0.481210791 0.151559036 0.726953791 0.465837116
173378.430205467 -6.302385725 -9.011617786 0.488706331 -0.469494598 0.179355190 0.711373945 0.491277567
173378.463539416 -6.371097521 -9.158856541 0.472495321 -0.457681082 0.205524435 0.695292747 0.514641361
173378.496873365 -6.441281545 -9.310914628 0.454923833 -0.447168505 0.228402716 0.678044931 0.536775185
173378.530207314 -6.514291634 -9.467672697 0.436290357 -0.439309729 0.247722742 0.660125446 0.556663993
173378.563541264 -6.591322839 -9.628673860 0.417090467 -0.434493113 0.262023532 0.642350161 0.574408978
173378.596875213 -6.673758947 -9.793520983 0.397572023 -0.433748581 0.269518555 0.625206084 0.590202736
173378.630209162 -6.762851743 -9.961597831 0.377134460 -0.438215292 0.273582118 0.609744905 0.601108421
173378.663543111 -6.859523832 -10.132479657 0.355066998 -0.448415177 0.278139714 0.597378791 0.603904552
173378.696877061 -6.964221058 -10.305639130 0.331106991 -0.463993604 0.283106684 0.589575637 0.597462224
173378.730211010 -7.076124085 -10.480686031 0.305825737 -0.483245763 0.283779735 0.583553410 0.587714227
173378.763544959 -7.194232946 -10.657672654 0.280074032 -0.504038593 0.272923806 0.577584187 0.581252269
173378.796878908 -8.211014232 -10.078941182 0.240644524 -0.530613209 0.259813798 0.557712035 0.583012606
173378.830212857 -8.362957343 -10.243573339 0.213587352 -0.551540867 0.222679989 0.557718426 0.578935620
173378.863546807 -8.517877008 -10.409259869 0.184701509 -0.573390385 0.182793351 0.561297580 0.568115379
173378.896880756 -8.677044324 -10.579880829 0.153157565 -0.596660104 0.145713618 0.568416315 0.547418629
173378.930214705 -8.765226061 -9.577123090 0.243994059 -0.617087445 0.141971015 0.569844290 0.523760251
173378.963548654 -9.345518307 -9.660547053 0.163169645 -0.641660150 0.111169420 0.578224213 0.491498089
173378.996882603 -9.519737584 -9.818497423 0.131952322 -0.656409083 0.084400407 0.592852747 0.458834728
173379.030216553 -9.691388542 -9.978154182 0.102311638 -0.666741241 0.058798938 0.609835763 0.424380896
173379.063550502 -9.861675022 -10.142149225 0.074442007 -0.676031124 0.035507078 0.626761737 0.385863826
173379.096884451 -10.030304931 -10.309593767 0.049202468 -0.683635616 0.015686283 0.642868493 0.345132417
173379.130218400 -10.197400714 -10.478942913 0.027214558 -0.687036411 -0.002476037 0.658784352 0.306558342
173379.163552350 -10.362869592 -10.649374735 0.008393516 -0.686104180 -0.020440340 0.674627058 0.271517182
173379.196886299 -10.527370014 -10.820389682 -0.007706143 -0.681479981 -0.037357313 0.690904560 0.238412154
173379.230220248 -10.690749407 -10.991051479 -0.022534937 -0.676688648 -0.052049221 0.704511031 0.207479061
173379.263554197 -10.853375315 -11.160132406 -0.036073406 -0.672981675 -0.060686830 0.714369984 0.181901896
173379.296888146 -11.015945496 -11.328547615 -0.048126594 -0.669802242 -0.069609422 0.720996779 0.163349716
173379.330222096 -11.178675406 -11.496552218 -0.059594876 -0.666032394 -0.078582921 0.726237724 0.151011069
173379.363556045 -11.341564452 -11.664177633 -0.070909655 -0.660150360 -0.089253585 0.732197658 0.141851644
173379.396889994 -11.505200640 -11.831799903 -0.082802728 -0.653092954 -0.100149490 0.738887663 0.132229709
173379.430223943 -11.669691232 -11.998951265 -0.095667361 -0.647534268 -0.111817083 0.744263832 0.119447312
173379.463557892 -11.834031883 -12.164910419 -0.109970596 -0.645771437 -0.121368337 0.746082822 0.107746930
173379.496891842 -11.998265102 -12.328838211 -0.125586534 -0.647287520 -0.127577235 0.744913104 0.099233983
173379.530225791 -12.163032855 -12.490309743 -0.141180065 -0.646045935 -0.131581875 0.745658238 0.096460630
173379.563559740 -12.328590203 -12.648889517 -0.156567025 -0.641229997 -0.132058411 0.749351567 0.099281902
173379.596893689 -12.494673351 -12.804434709 -0.171951758 -0.635027953 -0.129208982 0.753973797 0.107554876
173379.630227639 -12.661094171 -12.957494425 -0.187671243 -0.628829431 -0.121851091 0.758547256 0.119715991
173379.663561588 -12.827875438 -13.108843419 -0.203604134 -0.623944363 -0.111906373 0.761939287 0.132736277
173379.696895537 -12.994789677 -13.259394652 -0.219171010 -0.618875433 -0.100805291 0.764926139 0.147375351
173379.730229486 -13.161855003 -13.410049916 -0.234265416 -0.613684706 -0.090318692 0.767107031 0.163647235
173379.763563435 -13.395445844 -13.478260902 -0.236340765 -0.611197818 -0.074998066 0.765918100 0.184883697
173379.796897385 -13.563332186 -13.629926111 -0.251476644 -0.610329331 -0.061397512 0.762833721 0.204482685
173379.830231334 -13.730988100 -13.782701890 -0.266415969 -0.609082387 -0.049708247 0.759449484 0.223123771
173379.863565283 -13.899654039 -13.938163006 -0.281750248 -0.607334421 -0.038610838 0.756261364 0.240255808
173379.896899232 -14.069820987 -14.097012579 -0.297901858 -0.605150213 -0.027705851 0.753961107 0.254102845
173379.930233181 -14.241741465 -14.259954189 -0.314940733 -0.602815557 -0.017849927 0.752521060 0.264588055
173379.963567131 -14.320254015 -14.400192714 -0.330669667 -0.601373178 -0.011887397 0.751413284 0.271269364
173379.996901080 -14.493790527 -14.570063443 -0.349096422 -0.602056334 -0.007156642 0.748473056 0.277965893
173380.030235029 -14.669800014 -14.744584774 -0.368533363 -0.604874997 -0.003122492 0.743774345 0.284457750
173380.063568978 -14.847810129 -14.922634776 -0.388719310 -0.608485410 0.000120150 0.738621687 0.290143920
173380.096902928 -15.028064907 -15.103956731 -0.409478235 -0.611280114 0.003593322 0.734492984 0.294692666
173380.130236877 -15.210793987 -15.288222210 -0.430914564 -0.613463387 0.007956209 0.731707517 0.296990710
173380.163570826 -15.396135643 -15.475178838 -0.452789050 -0.615253736 0.012543015 0.730263758 0.296682249
173380.196904775 -15.584109798 -15.664637720 -0.474962797 -0.617344573 0.016519047 0.729399098 0.294261371
173380.230238724 -15.774675988 -15.856509688 -0.497375654 -0.620045346 0.019772001 0.728823636 0.289773954
173380.263572674 -15.967772986 -16.050898122 -0.519843718 -0.622813256 0.022509838 0.728900134 0.283375281
173380.296906623 -16.060440282 -16.478755482 -0.592909359 -0.626263583 0.018557950 0.730400059 0.271965590
173380.330240572 -16.258136480 -16.682339077 -0.615238143 -0.627045113 0.019410119 0.732193286 0.265199294
173380.363574521 -16.457724320 -16.888431298 -0.636973233 -0.627164371 0.020427072 0.733996997 0.259799912
173380.396908470 -16.659039310 -17.096877054 -0.658251168 -0.627438529 0.022442336 0.735082583 0.255872683
173380.430242420 -16.862222972 -17.307511157 -0.679056911 -0.627814673 0.024003893 0.735996629 0.252153748
173380.463576369 -17.070143140 -17.504824055 -0.696407044 -0.627405787 0.024822332 0.737566823 0.248477387
173380.496910318 -17.276907443 -17.719408540 -0.716723573 -0.626024636 0.025241591 0.740118234 0.244296987
173380.530244267 -17.484562069 -17.935592704 -0.737566572 -0.624153894 0.027520274 0.742914081 0.240318996
173380.563578217 -17.693133842 -18.153320812 -0.759151887 -0.621410151 0.031623504 0.746102352 0.237024596
173380.596912166 -17.902727553 -18.372545635 -0.781443098 -0.617753541 0.036160192 0.749840294 0.234120774
173380.630246115 -18.113316998 -18.593041043 -0.804444727 -0.613881537 0.040235363 0.753782121 0.230961227
173380.663580064 -18.324709688 -18.814559258 -0.828406386 -0.611223948 0.044188371 0.756977500 0.226798893
173380.696914013 -18.536832823 -19.036992726 -0.853138061 -0.609658098 0.047509539 0.759390438 0.222229632
173380.730247963 -18.749787984 -19.260281027 -0.878124135 -0.608382294 0.048490547 0.761442219 0.218461434
173380.763581912 -18.963272488 -19.484361763 -0.903537020 -0.608762135 0.046737492 0.761661717 0.217015434
173380.796915861 -18.751677822 -20.609621316 -1.137578299 -0.617143336 0.024968413 0.760271023 0.201242770
173380.830249810 -18.962158173 -20.844060545 -1.167300137 -0.621144144 0.023173145 0.756560774 0.203122506
173380.863583759 -19.178130730 -21.082730903 -1.198095067 -0.625521175 0.020397955 0.752340217 0.205648682
173380.896917709 -19.395408406 -21.320368217 -1.229480421 -0.630622952 0.017415615 0.747297038 0.208706795
173380.930251658 -19.613817834 -21.556598954 -1.261453049 -0.636331710 0.015790917 0.741391848 0.212534067
173380.963585607 -19.833409902 -21.791144445 -1.293789956 -0.642594245 0.014838878 0.734669395 0.217056037
173380.996919556 -20.054388815 -22.023729206 -1.325999411 -0.647733234 0.014675846 0.728382872 0.222900581
173381.030253506 -20.276838568 -22.254611584 -1.357889795 -0.651610360 0.014506546 0.722915687 0.229317265
173381.063587455 -20.500525592 -22.484771004 -1.389605804 -0.655878765 0.014798957 0.717350039 0.234548412
173381.096921404 -20.725421623 -22.715116733 -1.420561937 -0.659709164 0.014212329 0.712532388 0.238494075
173381.130255353 -20.951497594 -22.946731206 -1.450286936 -0.662048480 0.011711365 0.709338561 0.241647387
173381.163589302 -21.178458806 -23.180328066 -1.478560660 -0.662143282 0.007798135 0.707512490 0.246843149
173381.196923252 -21.405878290 -23.416737445 -1.506105104 -0.661450912 0.004372395 0.705303074 0.254972836
173381.230257201 -21.418943915 -23.713036256 -1.540481166 -0.661578189 -0.000470456 0.703096429 0.260709589
173381.263591150 -21.647762019 -23.958892753 -1.567869096 -0.659976473 -0.002584875 0.701470544 0.269004552
173381.296925099 -21.876275762 -24.206914299 -1.595446889 -0.658160055 -0.005025204 0.700578858 0.275661664
173381.330259049 -22.105950908 -24.458657709 -1.623866668 -0.656428694 -0.005412893 0.700482560 0.279993311
173381.363592998 -22.336974970 -24.713929981 -1.652988125 -0.654458361 -0.005571049 0.701117873 0.282996368
173381.396926947 -22.569456252 -24.972460859 -1.683091038 -0.653321378 -0.006115661 0.701641857 0.284310535
173381.430260896 -22.803220571 -25.233988725 -1.714177464 -0.652710105 -0.006272147 0.701978611 0.284879287
173381.463594845 -23.038175779 -25.498157310 -1.746461044 -0.653387678 -0.005395431 0.701556909 0.284382375
173381.496928795 -23.274571884 -25.764861276 -1.779773588 -0.654267452 -0.003891622 0.701226296 0.283197172
173381.530262744 -23.512921868 -26.033855042 -1.813733883 -0.654012212 -0.002717000 0.702920124 0.279578154
173381.563596693 -23.753198822 -26.304971000 -1.848030588 -0.651601503 -0.001979150 0.707486937 0.273630771
173381.596930642 -23.994958109 -26.578114350 -1.882944954 -0.648495652 -0.000409365 0.712851235 0.267013740
173381.630264591 -24.238088965 -26.853110970 -1.918482864 -0.645316735 0.002595809 0.718092090 0.260582663
173381.663598541 -24.482758596 -27.130050219 -1.954348701 -0.641508527 0.004864394 0.723695451 0.254377754
173381.696932490 -24.728802582 -27.409086019 -1.991061016 -0.639392701 0.006574555 0.728057303 0.247115990
173381.730266439 -24.976053446 -27.690293979 -2.028663327 -0.638905949 0.008400803 0.731030548 0.239422122
173381.763600388 -25.224584317 -27.973759034 -2.066973617 -0.639151734 0.009807059 0.733108510 0.232251577
173381.796934338 -25.474509703 -28.259463962 -2.105724127 -0.639318284 0.009985157 0.734720907 0.226622188
173381.830268287 -25.725998719 -28.547191432 -2.144788107 -0.638786730 0.008812512 0.736387221 0.222727892
173381.863602236 -25.979110185 -28.836661705 -2.184401544 -0.638549820 0.007577466 0.737516598 0.219695191
173381.896936185 -26.234010794 -29.127709698 -2.224530069 -0.639083929 0.006282710 0.737825715 0.217130084
173381.930270134 -26.491012715 -29.420240209 -2.264953125 -0.640078482 0.004029295 0.737849052 0.214154332
173381.963604084 -26.750159464 -29.714239987 -2.305596325 -0.641754396 0.001134982 0.737383285 0.210750795
173381.996938033 -27.011408995 -30.009799045 -2.346432653 -0.644520831 -0.001645147 0.736032520 0.206993527
173382.030271982 -27.274869862 -30.307011845 -2.387118630 -0.647863175 -0.005607810 0.734178726 0.203035608
173382.063605931 -27.540516805 -30.606040345 -2.427525128 -0.650912547 -0.010855218 0.732247962 0.200019854
173382.096939880 -27.808409354 -30.906999266 -2.467854847 -0.653562897 -0.017091849 0.730501690 0.197308613
173382.130273830 -28.078313264 -31.209924573 -2.508391785 -0.655958421 -0.023033311 0.728937964 0.194518533
173382.163607779 -28.404722417 -27.781578874 -1.591305681 -0.646169729 0.018630109 0.730311185 0.220823852
173382.196941728 -28.667808222 -28.041031117 -1.619891604 -0.648205167 0.013496622 0.729345818 0.218409205
173382.230275677 -28.929528622 -28.299377795 -1.648527152 -0.650061148 0.009119971 0.728211365 0.216899832
173382.263609627 -29.192360636 -28.559146975 -1.677647100 -0.652441346 0.006078829 0.726326685 0.216177903
173382.296943576 -29.456299935 -28.820350842 -1.707201682 -0.655208559 0.003981948 0.723876675 0.216075098
173382.330277525 -29.721431604 -29.083009413 -1.737154745 -0.658375280 0.002515121 0.720967834 0.216196780
173382.363611474 -29.987875704 -29.347155131 -1.767419051 -0.661556057 0.001810893 0.718108965 0.216008842
173382.396945423 -30.255550124 -29.612905857 -1.797910681 -0.664427366 0.002451466 0.715606185 0.215494904
173382.430279373 -30.524361540 -29.880221718 -1.828459560 -0.666883958 0.004375386 0.713321272 0.215451630
173382.463613322 -30.794112683 -30.148871062 -1.859016853 -0.668373466 0.007976677 0.711084429 0.218110564
173382.496947271 -31.064843876 -30.418396603 -1.889743177 -0.668460913 0.014416490 0.709066703 0.224001303
173382.530281220 -31.336698732 -30.688283115 -1.920791562 -0.666699103 0.025818156 0.707925031 0.231706451
173382.563615169 -31.610426116 -30.958292586 -1.951448346 -0.660588916 0.040080525 0.710346128 0.239633501
173382.596949119 -31.886497465 -31.228456695 -1.980837575 -0.648480877 0.054544854 0.717883452 0.247266577
173382.630283068 -32.164425348 -31.498982037 -2.008440462 -0.631971942 0.068601751 0.728322543 0.255834981
173382.663617017 -32.443528253 -31.770675201 -2.034083827 -0.613926868 0.082502345 0.738504462 0.266267391
173382.696950966 -32.723415751 -32.044607163 -2.057578704 -0.596913570 0.094375403 0.746488895 0.278463287
173382.730284916 -32.765490585 -32.167118858 -2.037839991 -0.580138874 0.100372264 0.753791476 0.291826501
173382.763618865 -33.039369063 -32.441233886 -2.055604340 -0.562970510 0.101984803 0.758565309 0.311836459
173382.796952814 -33.319970322 -32.724862593 -2.072244662 -0.546096684 0.099147289 0.760541347 0.336934841
173382.830286763 -33.515241691 -32.904076586 -2.036513561 -0.529991759 0.088113931 0.766043776 0.352876188
173382.863620712 -33.804426421 -33.193514954 -2.053053427 -0.512928161 0.079590694 0.774596973 0.361344092
173382.896954662 -34.094021229 -33.486640083 -2.070898074 -0.495206268 0.078443920 0.782600347 0.368990516
173382.930288611 -34.382229027 -33.783116559 -2.087079217 -0.468996043 0.075557876 0.791700657 0.384114292
173382.963622560 -34.669547534 -34.082984696 -2.102197409 -0.435296593 0.068419739 0.801603250 0.404064160
173382.996956509 -34.958816606 -34.385166436 -2.118030309 -0.406115575 0.059920583 0.810053328 0.418680392
173383.030290458 -35.251736069 -34.689163473 -2.134431822 -0.383851333 0.050786395 0.817330045 0.426673756
173383.063624408 -35.454624206 -34.905724046 -2.135803366 -0.365083608 0.043298087 0.825229057 0.428761284
173383.096958357 -35.769115144 -35.232854258 -2.159571380 -0.351629681 0.035884711 0.829837536 0.431785270
173383.130292306 -36.067541063 -35.538154400 -2.181945386 -0.344964770 0.026802279 0.831694625 0.434240712
173383.163626255 -36.367857261 -35.842297746 -2.208658649 -0.349421562 0.020305526 0.830094928 0.434090621
173383.196960205 -36.670802387 -36.145196048 -2.240537952 -0.366161551 0.020297586 0.824590322 0.430772013
173383.230294154 -36.975720202 -36.447186320 -2.276957965 -0.389154208 0.023505321 0.816241917 0.426328083
173383.263628103 -37.281188081 -36.748977123 -2.317549834 -0.414273046 0.030053505 0.805085724 0.423452013
173383.296962052 -37.587259926 -37.051043451 -2.361679917 -0.440519680 0.037616413 0.791675911 0.421635706
173383.330296001 -37.895289152 -37.353187924 -2.408647578 -0.465577935 0.043039941 0.779311567 0.417202866
173383.363629951 -38.203876932 -37.655728941 -2.458806186 -0.490342757 0.049023345 0.765945662 0.412901847
173383.396963900 -38.511530228 -37.958913896 -2.512534588 -0.515859275 0.062518873 0.749610009 0.409957842
173383.430297849 -38.818102388 -38.262875957 -2.569867356 -0.545093836 0.086139313 0.727919374 0.406922737
173383.463631798 -39.123285311 -38.568288020 -2.630820523 -0.581328463 0.119204390 0.697450110 0.401759723
173383.496965747 -39.426449142 -38.875923410 -2.694377498 -0.621533075 0.160476588 0.656202991 0.396663000
173383.530299697 -39.728024360 -39.186322345 -2.758956704 -0.662795098 0.201313369 0.605763113 0.391441741
173383.563633646 -40.028881501 -39.499384612 -2.822223752 -0.701870802 0.231964015 0.550927794 0.387361121
173383.596967595 -40.330077469 -39.814664506 -2.881975323 -0.734002765 0.249243078 0.499735457 0.386500068
173383.630301544 -40.633869460 -40.131026657 -2.937512908 -0.757326841 0.252765542 0.461900464 0.386281761
173383.663635494 -40.939725916 -40.447244390 -2.989480005 -0.773583955 0.248135800 0.434803626 0.388512928
173383.696969443 -41.245911528 -40.764182059 -3.038605405 -0.785734646 0.243469282 0.410734028 0.393244622
173383.730303392 -41.552247705 -41.081576497 -3.084730771 -0.794613644 0.240733041 0.388638473 0.399495803
173383.763637341 -41.859476500 -41.400155554 -3.128048969 -0.797674369 0.250504593 0.369858498 0.405176185
173383.796971290 -42.170179542 -41.720264015 -3.166679234 -0.794608744 0.259861284 0.365174833 0.409531926
173383.830305240 -42.485466635 -42.040066241 -3.201330814 -0.783801573 0.264042994 0.377095218 0.416816012
173383.863639189 -42.805716264 -42.359134665 -3.232720499 -0.763739339 0.265440152 0.403457826 0.428328765
173383.896973138 -43.129840625 -42.679128335 -3.260550979 -0.736938062 0.265350733 0.437254202 0.441950273
173383.930307087 -43.658715542 -43.072606491 -3.310032053 -0.704204650 0.270100871 0.473031598 0.455392619
173383.963641036 -43.990522138 -43.400010309 -3.330872323 -0.672449091 0.272213274 0.511114228 0.460949455
173383.996974986 -44.323667092 -43.729453242 -3.347637462 -0.641024701 0.272301163 0.549333888 0.461705196
173384.030308935 -44.659547928 -44.062536933 -3.360472421 -0.607149806 0.267911850 0.589054526 0.461093396
173384.063642884 -44.998201667 -44.399868673 -3.370438591 -0.571607869 0.256128390 0.630096583 0.458956412
173384.096976833 -45.339625420 -44.741542376 -3.378722588 -0.536864486 0.231553995 0.670986863 0.455999890
173384.130310783 -45.683694702 -45.087620068 -3.387219589 -0.502144965 0.199506844 0.710649054 0.450583372
173384.163644732 -46.029884365 -45.438228535 -3.397232971 -0.465874182 0.165127705 0.746806268 0.444943238
173384.196978681 -46.378286724 -45.793226454 -3.410183372 -0.428556915 0.130498235 0.778645564 0.439340718
173384.230312630 -46.728859970 -46.151882736 -3.427142176 -0.390593469 0.099864832 0.806551504 0.432363770
173384.263646579 -47.081738337 -46.513006444 -3.448480897 -0.355072191 0.074092681 0.830071371 0.423574707
173384.296980529 -47.437577211 -46.876330198 -3.474479746 -0.325221308 0.047462469 0.849658907 0.412381081
173384.330314478 -47.796030283 -47.241398218 -3.505529484 -0.300879512 0.018035931 0.864289019 0.402679421
173384.363648427 -48.156991644 -47.607406160 -3.541914609 -0.286161277 -0.006025367 0.875043837 0.390350741
173384.396982376 -48.519780313 -47.973343448 -3.581440849 -0.278487651 -0.017083335 0.883820083 0.375519438
173384.430316325 -48.884810104 -48.340296660 -3.623368218 -0.276219939 -0.027051570 0.890425595 0.360711821
173384.463650275 -49.251257727 -48.707948251 -3.667559112 -0.276833507 -0.036116431 0.894607278 0.348907769
173384.496984224 -49.618993644 -49.076638360 -3.715707196 -0.283727307 -0.039708791 0.897355145 0.335672117
173384.530318173 -49.988486865 -49.446143041 -3.766153453 -0.293123621 -0.040697489 0.898941675 0.322995545
173384.563652122 -50.360142738 -49.815916991 -3.819845314 -0.305744982 -0.036143645 0.899270929 0.310685433
173384.596986072 -50.733650553 -50.185137303 -3.877828477 -0.328714395 -0.025893754 0.894977437 0.300485853
173384.630320021 -51.108760681 -50.553727558 -3.940662446 -0.366192967 -0.012936379 0.883201265 0.292730057
173384.663653970 -51.484299252 -50.922406403 -4.008161643 -0.414584014 0.004055854 0.863946082 0.285833539
173384.696987919 -51.803192885 -51.279334659 -4.073666257 -0.468530678 0.023100181 0.837725679 0.279573017
173384.730321868 -52.177400701 -51.649727320 -4.148176587 -0.527607946 0.039579017 0.803508765 0.272831487
173384.763655818 -52.551930840 -52.022133283 -4.224408839 -0.587769814 0.052842660 0.764443761 0.259538118
173384.796989767 -52.926424136 -52.397588621 -4.300847412 -0.642113368 0.064968755 0.724955007 0.240644387
173384.830323716 -53.301311056 -52.775460984 -4.375453749 -0.690558479 0.072240703 0.684737470 0.221460754
173384.863657665 -53.677754917 -53.154938756 -4.446711286 -0.727733783 0.075018254 0.650586282 0.203748109
173384.896991614 -54.056029847 -53.536107289 -4.514272293 -0.754491858 0.075466059 0.624630129 0.186772890
173384.930325564 -54.435821108 -53.918207169 -4.577107874 -0.772170484 0.076651502 0.606102519 0.174691233
173384.963659513 -54.817680133 -54.300270912 -4.634729384 -0.778204813 0.079865398 0.598907651 0.171255403
173384.996993462 -55.202074912 -54.681565788 -4.687873146 -0.773644614 0.083919993 0.603068400 0.175328122
173385.030327411 -55.588323965 -55.061759944 -4.737355295 -0.760231623 0.088279520 0.616159426 0.186016580
173385.063661361 -55.030025520 -54.037676887 -4.501427618 -0.739881458 0.094008527 0.635975549 0.198173982
173385.096995310 -55.387512954 -54.384368655 -4.541434890 -0.718819392 0.099831096 0.652425383 0.218342742
173385.130329259 -55.761841156 -54.748409771 -4.582542739 -0.695643966 0.108970441 0.667148172 0.243142412
173385.163663208 -56.134095033 -55.112566607 -4.623677182 -0.673067213 0.122436329 0.677995664 0.268908445
173385.196997157 -56.504227685 -55.476988531 -4.665027156 -0.651208876 0.139386660 0.684010713 0.297704053
173385.230331107 -56.872610211 -55.842335218 -4.706504394 -0.630796366 0.156600855 0.685117584 0.328916422
173385.263665056 -57.239818264 -56.209125811 -4.748357149 -0.612788776 0.175340796 0.680681457 0.361134705
173385.296999005 -57.606731461 -56.578251147 -4.790370495 -0.596904381 0.191907129 0.673128493 0.392141361
173385.330332954 -57.973802328 -56.949772192 -4.832015216 -0.582294943 0.205626547 0.663245091 0.422795780
173385.363666903 -58.342370476 -57.323783632 -4.873623290 -0.567445201 0.216556898 0.654335557 0.450504199
173385.397000853 -58.713123250 -57.699873175 -4.915179854 -0.551626613 0.223184360 0.647424818 0.476170060
173385.430334802 -59.085575270 -58.078444201 -4.957337615 -0.536377035 0.229171485 0.639903935 0.500302969
173385.463668751 -59.459540594 -58.459693503 -5.000385448 -0.522741360 0.235910965 0.630476229 0.523055649
173385.497002700 -59.835401704 -58.843180232 -5.044559534 -0.510666661 0.243838501 0.619861980 0.543629904
173385.530336650 -60.212984052 -59.228663545 -5.089871864 -0.500192743 0.253795818 0.607838501 0.562074069
173385.563670599 -60.592302168 -59.616144611 -5.136205915 -0.490577388 0.265600682 0.594125646 0.579486688
173385.597004548 -60.973714097 -60.006001219 -5.183774903 -0.481579384 0.278137839 0.580286343 0.594969243
173385.630338497 -61.357156740 -60.398579868 -5.232367205 -0.471495572 0.292656809 0.565443517 0.610178291
173385.663672446 -61.743362484 -60.792943063 -5.282012647 -0.460777574 0.307468831 0.551685948 0.623529919
173385.697006396 -62.132334341 -61.189092951 -5.332338478 -0.449047750 0.320898257 0.540507549 0.635005525
173385.730340345 -62.523335241 -61.587474324 -5.383063643 -0.436789923 0.333729705 0.529705693 0.645949631
173385.763674294 -62.915918872 -61.988037386 -5.434271562 -0.425511840 0.346793629 0.517159593 0.656673289
173385.797008243 -63.310021053 -62.391002533 -5.485881786 -0.416304284 0.360452969 0.502118201 0.666814601
173385.830342192 -63.705685881 -62.796508130 -5.537797839 -0.408827884 0.373928968 0.484522727 0.676959833
173385.863676142 -64.103444454 -63.204443554 -5.590059713 -0.401171129 0.387132873 0.466311536 0.686835800
173385.897010091 -64.503756877 -63.614813511 -5.642531902 -0.391109796 0.399520841 0.449161462 0.696900428
173385.930344040 -64.906816486 -64.027790249 -5.695334279 -0.377622547 0.411344524 0.433367006 0.707382452
173385.963677989 -65.312635456 -64.443304687 -5.748523354 -0.359603438 0.422151844 0.418738963 0.719118119
173385.997011939 -65.721098082 -64.861409086 -5.802191077 -0.337078336 0.431475595 0.404920762 0.732288319
173386.030345888 -66.131945683 -65.282598411 -5.856685419 -0.310730089 0.440036469 0.390067108 0.746767948
173386.063679837 -66.545087531 -65.707221557 -5.912493865 -0.281820038 0.449397951 0.372589718 0.761443267
173386.097013786 -66.960691754 -66.135101197 -5.969755753 -0.252092908 0.461582662 0.352412081 0.774077733
173386.130347735 -67.379096506 -66.566345232 -6.028461890 -0.221489958 0.475707737 0.330700509 0.784398827
173386.163681685 -67.800734094 -67.001699096 -6.088427893 -0.189863616 0.491095694 0.307055041 0.792776153
173386.197015634 -68.225121795 -67.440290278 -6.148868690 -0.158899744 0.505745772 0.281336417 0.799888684
173386.230349583 -68.652027485 -67.881189505 -6.209331971 -0.130008055 0.517638096 0.256119921 0.805947450
173386.263683532 -69.081627628 -68.324480750 -6.269995443 -0.103514277 0.527365893 0.231876297 0.810804164
173386.297017481 -69.513988228 -68.770552967 -6.330849900 -0.078782038 0.534749344 0.207680019 0.815294756
173386.330351431 -69.949007698 -69.219230538 -6.391727078 -0.056165993 0.539958986 0.182301056 0.819790217
173386.363685380 -70.386696010 -69.670015839 -6.453080145 -0.034279647 0.544273253 0.156152828 0.823533743
173386.397019329 -70.827081405 -70.122709429 -6.514825962 -0.012609759 0.547603992 0.129259962 0.826597075
173386.430353278 -71.270216367 -70.576829598 -6.576953406 0.008221741 0.549885678 0.103220015 0.828796581
173386.463687228 -71.716530003 -71.032151089 -6.639645617 0.028973030 0.552200224 0.078573281 0.829494856
173386.497021177 -72.165940492 -71.488498643 -6.702875373 0.049682246 0.554575351 0.054297775 0.828872491
173386.530355126 -72.617974776 -71.945585787 -6.766310635 0.069966830 0.556311636 0.030451421 0.827462819
173386.563689075 -73.072084321 -72.403187860 -6.829852614 0.089454408 0.557542211 0.007030987 0.825284894
173386.597023024 -73.529190706 -72.861435934 -6.894047741 0.108814831 0.557572421 -0.015917464 0.822811620
173386.630356974 -73.989075020 -73.320502561 -6.958898316 0.128063524 0.557529731 -0.039681056 0.819259267
173386.663690923 -74.450964912 -73.780130278 -7.024281026 0.146680961 0.557528620 -0.062983586 0.814665331
173386.697024872 -74.915093524 -74.239860181 -7.090151854 0.164712263 0.558491812 -0.084040396 0.808637112
173386.730358821 -75.381162565 -74.699429310 -7.156353757 0.181706804 0.560397605 -0.101652077 0.801625858
173386.763692770 -75.848561667 -75.158843037 -7.222245552 0.196716661 0.561095884 -0.115952398 0.795631200
173386.797026720 -76.317399028 -75.618040177 -7.287334166 0.209107665 0.560005772 -0.128580109 0.791286721
173386.830360669 -76.669418294 -75.966281807 -7.327933440 0.218558025 0.557844355 -0.140395381 0.788245649
173386.863694618 -77.140669162 -76.423469767 -7.391484731 0.226107072 0.555618672 -0.151819805 0.785566184
173386.897028567 -77.613165366 -76.880013942 -7.454990737 0.231665390 0.554464735 -0.160506593 0.783031059
173386.930362517 -78.086244451 -77.335558636 -7.518493539 0.235401088 0.554042430 -0.165840077 0.781102030
173386.963696466 -78.559635631 -77.790117273 -7.581896654 0.236687268 0.553909612 -0.167797026 0.780389285
173386.997030415 -79.033262066 -78.243647148 -7.645100093 0.235169313 0.554004220 -0.166129524 0.781137439
173387.030364364 -79.507498891 -78.696151536 -7.708157197 0.230873952 0.554983312 -0.161571123 0.782678423
173387.063698313 -79.982406406 -79.147656866 -7.771017668 0.224091300 0.556221080 -0.153656116 0.785360425
173387.097032263 -80.457902343 -79.598286762 -7.833631230 0.215007912 0.557210394 -0.142597706 0.789274394
173387.130366212 -80.933990084 -80.048250364 -7.896198766 0.204211551 0.558466536 -0.128212876 0.793709159
173387.163700161 -81.410673056 -80.497825537 -7.958627184 0.191638574 0.559883755 -0.110815786 0.798451438
173387.197034110 -81.888298573 -80.947300845 -8.020964298 0.177301126 0.561502363 -0.091500406 0.803061070
173387.230368059 -82.367335721 -81.396668726 -8.083196409 0.160624338 0.563530702 -0.069904164 0.807308105
173387.263702009 -82.848314997 -81.846109605 -8.145272254 0.141454805 0.565288995 -0.046509979 0.811341921
173387.297035958 -83.331642865 -82.295921783 -8.207312948 0.120562741 0.566211935 -0.022029815 0.815097146
173387.330369907 -83.817570775 -82.746283140 -8.269349399 0.098667668 0.565632114 0.003550624 0.818726081
173387.363703856 -84.306458704 -83.197336356 -8.331579427 0.076456311 0.563726318 0.030399312 0.821853365
173387.397037806 -84.798519557 -83.649371798 -8.393980443 0.053961666 0.560448995 0.058238947 0.824374482
173387.430371755 -85.293687435 -84.102411335 -8.456339067 0.030293034 0.555672254 0.087037823 0.826277856
173387.463705704 -85.791979497 -84.556082713 -8.518556785 0.004228330 0.550511517 0.117050792 0.826570204
173387.497039653 -86.294112704 -85.010377621 -8.580679249 -0.025559995 0.544893922 0.147144800 0.825097393
173387.530373602 -86.801066060 -85.466159461 -8.643256838 -0.056479373 0.538537337 0.174897117 0.822312967
173387.563707552 -87.312166715 -85.923360082 -8.706765981 -0.086662539 0.531975706 0.200214704 0.818172063
173387.597041501 -87.827124833 -86.382003398 -8.771418718 -0.115715240 0.525081821 0.223569059 0.812967368
173387.630375450 -88.346162358 -86.842537611 -8.837452812 -0.142807740 0.518200819 0.245448395 0.806739702
173387.663709399 -88.869090422 -87.304910859 -8.904993410 -0.167631355 0.511155756 0.266929161 0.799605118
173387.697043348 -89.395651339 -87.769206037 -8.973792422 -0.189522166 0.503736026 0.288167731 0.792016871
173387.730377298 -89.925529947 -88.235461478 -9.043796717 -0.208478566 0.496364059 0.308857716 0.784070354
173387.763711247 -95.791637970 -94.123841524 -10.412415225 -0.217525205 0.484727380 0.324273033 0.782667971
173387.797045196 -96.352497835 -94.622301472 -10.492552719 -0.232517461 0.476992672 0.342863283 0.775150560
173387.830379145 -96.924212415 -95.130171293 -10.574751037 -0.247986596 0.469346023 0.361188286 0.766655060
173387.863713095 -97.498175567 -95.639945236 -10.657837681 -0.264638875 0.461738528 0.379666424 0.756714744
173387.897047044 -98.074192116 -96.152207242 -10.741554893 -0.283128959 0.455201402 0.396938347 0.745029949
173387.930380993 -98.652633027 -96.666635157 -10.826041177 -0.305206439 0.448935361 0.414621456 0.730339044
173387.963714942 -99.234114129 -97.183747103 -10.911026162 -0.331366780 0.441635336 0.432970921 0.712524013
173387.997048891 -99.818448987 -97.703838871 -10.996109747 -0.358431976 0.433214382 0.450674811 0.693357074
173388.030382841 -100.405190085 -98.226687926 -11.080978324 -0.383564487 0.423367465 0.467286228 0.674745771
173388.063716790 -104.788966738 -102.219868630 -12.071598901 -0.401952411 0.411646488 0.479602946 0.662542408
173388.097050739 -105.379303228 -102.709155316 -12.147186013 -0.421908680 0.399111360 0.497929680 0.644025793
173388.130384688 -105.996423616 -103.261199073 -12.237626322 -0.439287548 0.383555096 0.518121704 0.625669112
173388.163718637 -106.615305589 -103.816531782 -12.328297695 -0.455188011 0.366037899 0.539330350 0.606582975
173388.197052587 -107.321766344 -104.675286279 -12.494603329 -0.471442161 0.347363334 0.560543277 0.585552933
173388.230386536 -107.944204134 -105.240297667 -12.587788268 -0.488287381 0.329390636 0.579713413 0.563036057
173388.263720485 -108.567075655 -105.808596843 -12.682010312 -0.506435833 0.311966682 0.596248201 0.539154541
173388.297054434 -109.190475071 -106.380423870 -12.777013577 -0.525473855 0.295123388 0.610057214 0.514402186
173388.330388384 -109.814365148 -106.955564599 -12.872213364 -0.543975169 0.278000661 0.622055514 0.489748493
173388.363722333 -110.439163672 -107.533608689 -12.967300956 -0.560816771 0.260340218 0.633474037 0.465207658
173388.397056282 -111.064771171 -108.114623508 -13.062151713 -0.575685808 0.242802364 0.643937421 0.441562521
173388.430390231 -111.691107852 -108.698275724 -13.156698767 -0.588399590 0.226546369 0.652831336 0.419849869
173388.463724180 -112.318188518 -109.284101741 -13.250860925 -0.599217394 0.211676160 0.659954139 0.400739631
173388.497058130 -112.945750621 -109.871880706 -13.344729571 -0.608713760 0.198633457 0.665130044 0.384206108
173388.530392079 -113.574016635 -110.461113845 -13.438567418 -0.616724280 0.188025336 0.669211503 0.369396264
173388.563726028 -114.203237768 -111.051189391 -13.532662969 -0.622794682 0.180163416 0.672828229 0.356328644
173388.597059977 -114.833454660 -111.641554041 -13.627139090 -0.626599792 0.174951765 0.676082729 0.345943239
173388.630393926 -115.464754508 -112.231897462 -13.722112728 -0.628541259 0.171579659 0.678901144 0.338510773
173388.663727876 -116.097015203 -112.822331924 -13.817653917 -0.629898431 0.169722802 0.680486601 0.333706641
173388.697061825 -116.730043714 -113.413094099 -13.913491941 -0.630672627 0.168630792 0.680713601 0.332332194
173388.730395774 -117.363981322 -114.004430597 -14.009420523 -0.630252422 0.167778873 0.680369929 0.334258724
173388.763729723 -117.998930912 -114.596680624 -14.105402189 -0.629214849 0.167672324 0.679185527 0.338646845
173388.797063673 -118.635132750 -115.189974124 -14.201202707 -0.627211916 0.168466739 0.677600543 0.345082127
173388.830397622 -119.272577670 -115.784547941 -14.296840387 -0.624833051 0.170662431 0.675217683 0.352900941
173388.863731571 -120.375749038 -118.338160791 -14.888475254 -0.624929196 0.169940025 0.673145382 0.357014262
173388.897065520 -121.017005404 -118.943612129 -14.985961152 -0.621684970 0.173911418 0.671445383 0.363900694
173388.930399469 -121.665086982 -119.554263208 -15.083390624 -0.617310062 0.176286428 0.670683128 0.371531324
173388.963733419 -122.315406065 -120.165498727 -15.180663059 -0.612693554 0.176726931 0.670810647 0.378665125
173388.997067368 -122.967945270 -120.777233926 -15.278584218 -0.607613133 0.175503672 0.672421012 0.384518822
173389.030401317 -123.622292261 -121.389190764 -15.378282127 -0.601918838 0.173796240 0.674905833 0.389859841
173389.063735266 -124.278517512 -122.000975055 -15.480878388 -0.594991042 0.172647065 0.678421150 0.394871363
173389.097069215 -124.936922626 -122.612538560 -15.587368697 -0.587991535 0.171697837 0.683031129 0.397811870
173389.130403165 -125.597103636 -123.224198442 -15.698502624 -0.582389494 0.172475641 0.687775825 0.397541250
173389.163737114 -126.258741881 -123.835755857 -15.814058013 -0.579795413 0.173775403 0.690400366 0.396215501
173389.197071063 -126.921073460 -124.447314249 -15.934056422 -0.577944523 0.177300450 0.690391333 0.397371973
173389.230405012 -127.584431701 -125.059612986 -16.058701022 -0.577450534 0.184184034 0.688687147 0.397915992
173389.263738962 -128.248229432 -125.673440394 -16.187496371 -0.581553123 0.194239182 0.683063719 0.396851434
173389.297072911 -128.912281711 -126.289045093 -16.319626019 -0.590639695 0.205523056 0.672830519 0.395226664
173389.330406860 -129.577291119 -126.906501088 -16.454619440 -0.601455809 0.216068288 0.661771607 0.391948651
173389.363740809 -130.243615609 -127.525923410 -16.591832467 -0.612162507 0.226047725 0.651292534 0.387269320
173389.397074758 -130.911434307 -128.146795703 -16.730021922 -0.620967505 0.231667573 0.642647654 0.384361140
173389.430408708 -131.581356627 -128.769062776 -16.868530888 -0.625185055 0.232289416 0.638874466 0.383437989
173389.463742657 -132.252651021 -129.393468386 -17.007223536 -0.625018955 0.229971843 0.639237138 0.384499855
173389.497076606 -132.925303711 -130.020239428 -17.147270981 -0.623717077 0.228341186 0.640598239 0.385319617
173389.530410555 -133.598525316 -130.649382494 -17.289007911 -0.626802283 0.228011024 0.637253151 0.386054779
173389.563744504 -134.272601505 -131.281365589 -17.432685100 -0.636019038 0.234467507 0.626939316 0.383994616
173389.597078454 -134.948087091 -131.915975290 -17.577338145 -0.648607550 0.246868572 0.611512247 0.380022270
173389.630412403 -135.626226055 -132.552705598 -17.721257177 -0.658261042 0.261241974 0.598482125 0.374518595
173389.663746352 -136.307637406 -133.190770026 -17.863465700 -0.662161932 0.276097634 0.591148142 0.368585874
173389.697080301 -136.991783557 -133.830031715 -18.003433913 -0.663118989 0.288774888 0.585784924 0.365702466
173389.730414251 -137.678485540 -134.470626358 -18.141076744 -0.664072529 0.299716836 0.579403949 0.365333489
173389.763748200 -138.367957107 -135.112896513 -18.276298231 -0.665337020 0.310865819 0.571251148 0.366553160
173389.797082149 -139.060479721 -135.756653211 -18.408936627 -0.666885473 0.319430007 0.563019602 0.369103190
173389.830416098 -139.756370733 -136.401321959 -18.538687017 -0.667875689 0.323445446 0.556973431 0.372968771
173389.863750047 -140.455612810 -137.046918733 -18.665658438 -0.668462498 0.323238745 0.553100311 0.377828861
173389.897083997 -141.157848172 -137.694443983 -18.790403269 -0.670739025 0.321897807 0.548703819 0.381333295
173389.930417946 -141.914207288 -138.890447178 -19.040119155 -0.676027807 0.321081815 0.542164176 0.382035178
173389.963751895 -142.625450593 -139.548587417 -19.160016263 -0.682355695 0.323550008 0.532961079 0.381652441
173389.997085844 -143.338127983 -140.207171037 -19.274120695 -0.687912688 0.326522908 0.524993933 0.380184554
173390.030419793 -144.055264322 -140.867673388 -19.381259851 -0.691163659 0.325897824 0.521487603 0.379649951
173390.063753743 -144.777069601 -141.530024834 -19.481778326 -0.691788893 0.322156550 0.522853808 0.379825197
173390.097087692 -145.503302364 -142.194306965 -19.576984950 -0.691434735 0.317209664 0.526244053 0.379951619
173390.130421641 -146.233614802 -142.860204600 -19.667925079 -0.691095377 0.312401170 0.529099334 0.380587157
173390.163755590 -146.967854317 -143.527278779 -19.755120123 -0.689979984 0.308450590 0.531506279 0.382474746
173390.197089540 -147.706032534 -144.195303041 -19.838396677 -0.687019420 0.305364458 0.534571753 0.385992104
173390.230423489 -148.041492334 -143.885587083 -19.633069705 -0.680398378 0.304718710 0.539399145 0.391475566
173390.263757438 -148.998584604 -144.110441700 -19.634768187 -0.671140207 0.305269743 0.545505240 0.398503750
173390.297091387 -155.940297224 -145.332291379 -21.125093303 -0.656385374 0.313457826 0.544749751 0.417313001
173390.330425336 -159.978539061 -148.415996839 -22.872231659 -0.645801925 0.306651335 0.553352632 0.427440869
173390.363759286 -160.108306937 -148.059301093 -22.496176839 -0.631583184 0.300351159 0.567069196 0.435114225
173390.397093235 -160.912640430 -148.733794970 -22.571567903 -0.618836922 0.289880915 0.580949128 0.442162900
173390.430427184 -161.718367854 -149.410580741 -22.647625062 -0.605788788 0.277422453 0.596678330 0.447249034
173390.463761133 -162.558645515 -149.905817319 -22.708491584 -0.594096056 0.266017147 0.610111611 0.451717364
173390.497095082 -163.364020904 -150.587803077 -22.789622983 -0.587305789 0.257071631 0.617234963 0.456077940
173390.530429032 -164.170747833 -151.273699024 -22.874410554 -0.583150524 0.252483502 0.620800426 0.459123490
173390.563762981 -164.978540619 -151.962788184 -22.962383508 -0.577850043 0.247144754 0.626422548 0.461089567
173390.597096930 -165.787092766 -152.654658548 -23.053661647 -0.569952741 0.240678256 0.633181616 0.465090197
173390.630430879 -166.595944421 -153.349520895 -23.148507851 -0.561326497 0.233602568 0.638941681 0.471270552
173390.663764829 -167.498025933 -153.542397254 -23.138771206 -0.551733074 0.223979218 0.643968793 0.480341669
173390.697098778 -168.312679105 -154.241549734 -23.243206004 -0.543938648 0.212390493 0.649029149 0.487629152
173390.730432727 -169.125195349 -154.939208573 -23.353001148 -0.537699149 0.202972779 0.653640120 0.492378178
173390.763766676 -169.940131671 -155.637051063 -23.468211158 -0.533171634 0.194459837 0.657242514 0.495929086
173390.797100625 -170.788947966 -156.253091762 -23.611197532 -0.530139144 0.188391376 0.659491212 0.498530359
173390.830434575 -171.606893127 -156.947722748 -23.736278977 -0.528640872 0.185939211 0.659658984 0.500814799
173390.863768524 -172.440104927 -157.619778222 -23.869360696 -0.528973022 0.187809868 0.657818841 0.502184594
173390.897102473 -173.265868218 -158.314767343 -24.002021057 -0.532104423 0.193423811 0.654364250 0.501257958
173390.930436422 -174.095929652 -159.010315694 -24.137280696 -0.536074353 0.202336754 0.650279224 0.498819664
173390.963770371 -174.930030307 -159.704661087 -24.273713290 -0.538214121 0.211114633 0.647725730 0.496193058
173390.997104321 -175.768314388 -160.397104700 -24.410683005 -0.537351853 0.217799743 0.647116951 0.495031221
173391.030438270 -176.610140910 -161.088203099 -24.548247945 -0.535447551 0.223407096 0.645553543 0.496634486
173391.063772219 -177.455027980 -161.779226467 -24.686066120 -0.535446804 0.228845863 0.640800388 0.500301062
173391.097106168 -178.303603505 -162.470420756 -24.823722030 -0.536581909 0.233251626 0.635083713 0.504323519
173391.130440118 -179.156218409 -163.162790683 -24.960927768 -0.538344739 0.236486170 0.631592709 0.505321565
173391.163774067 -180.012732157 -163.856807788 -25.097399673 -0.540940972 0.239074224 0.631344007 0.501628473
173391.197108016 -180.872093385 -164.553309946 -25.232381419 -0.541627557 0.239693893 0.632988559 0.498509690
173391.230441965 -181.733525821 -165.252912700 -25.365426732 -0.542913681 0.237296695 0.633573590 0.497513336
173391.263775914 -182.596971505 -165.955748580 -25.497270365 -0.544901009 0.235521899 0.632348681 0.497742374
173391.297109864 -183.462316851 -166.662344818 -25.628270135 -0.548508939 0.236004789 0.628618850 0.498275050
173391.330443813 -184.330268968 -167.372781675 -25.758070881 -0.554549524 0.240275548 0.622910540 0.496714149
173391.363777762 -185.201708718 -168.085745034 -25.885794879 -0.560782694 0.247306740 0.616830167 0.493844804
173391.397111711 -186.077033629 -168.800125435 -26.010686641 -0.565838737 0.254713451 0.610879255 0.491705316
173391.430445660 -186.955917046 -169.515775810 -26.131820522 -0.569743498 0.261510290 0.604086556 0.492020476
173391.463779610 -187.838116389 -170.232541987 -26.249566826 -0.573055458 0.269063084 0.594369946 0.495920222
173391.497113559 -188.724235799 -170.950101441 -26.365678820 -0.575710291 0.278124668 0.585677858 0.498182473
173391.530447508 -189.613840386 -171.668377459 -26.480878967 -0.577421759 0.287453952 0.577279800 0.500701877
173391.563781457 -190.506976441 -172.387405951 -26.595841135 -0.579919677 0.294864833 0.569812743 0.502057105
173391.597115407 -191.403967607 -173.106759806 -26.711275936 -0.582389181 0.299363199 0.566633914 0.500130508
173391.630449356 -192.303617297 -173.827129727 -26.827342844 -0.583240983 0.300147927 0.564992438 0.500524448
173391.663783305 -193.193156863 -174.600022878 -26.951969546 -0.585798388 0.296476357 0.561325453 0.503841001
173391.697117254 -194.309374708 -174.990562303 -27.089801543 -0.606092470 0.289650352 0.530334002 0.517204445
173391.730451203 -195.819423368 -174.819703894 -27.333789780 -0.631549945 0.297851808 0.488893547 0.522888197
173391.763785153 -196.678565658 -175.507732752 -27.463358574 -0.654340335 0.305127232 0.453664940 0.522421496
173391.797119102 -197.579429964 -176.224779653 -27.601387334 -0.667614318 0.301394377 0.433606381 0.524821930
173391.830453051 -198.484911251 -176.939736118 -27.742565136 -0.671426152 0.287858159 0.435189569 0.526245800
173391.863787000 -199.393430752 -177.656182628 -27.887946245 -0.670224836 0.267215464 0.444184112 0.531126200
173391.897120949 -200.303438849 -178.376430465 -28.040480644 -0.667624834 0.253568606 0.456147819 0.530951232
173391.930454899 -201.213726235 -179.101281191 -28.200511680 -0.666177411 0.253999245 0.463815999 0.525896150
173391.963788848 -202.124078745 -179.830214018 -28.365886913 -0.666282751 0.265736634 0.464377921 0.519427072
173391.997122797 -203.035094223 -180.562213314 -28.533826265 -0.664889215 0.277580125 0.461227347 0.517823271
173392.030456746 -203.947849739 -181.296365418 -28.703026931 -0.660389541 0.281419193 0.459731255 0.522815517
173392.063790696 -204.863092488 -182.032460444 -28.874125554 -0.652872739 0.278501525 0.463629912 0.530321970
173392.097124645 -205.781162855 -182.770804964 -29.048280928 -0.645462985 0.271150956 0.470411531 0.537184965
173392.130458594 -206.701658070 -183.511210114 -29.226053267 -0.638710914 0.264722125 0.476370567 0.543177364
173392.163792543 -207.624627777 -184.252866335 -29.408206422 -0.634539469 0.261772900 0.480189634 0.546125010
173392.197126492 -208.549680419 -184.995546855 -29.594018331 -0.633187184 0.264892328 0.477518810 0.548526964
173392.230460442 -209.477411164 -185.738169565 -29.782272699 -0.635269856 0.273178214 0.470321398 0.548273341
173392.263794391 -210.409103793 -186.480810949 -29.972175629 -0.637158253 0.288056395 0.463720120 0.544074006
173392.297128340 -211.345114563 -187.224282188 -30.161193834 -0.637699052 0.305684630 0.458074152 0.538576733
173392.330462289 -212.285993798 -187.969268462 -30.346915292 -0.636560876 0.321817548 0.453392250 0.534470939
173392.363796238 -213.232394956 -188.716144241 -30.527903174 -0.634106708 0.335845792 0.451700461 0.530172595
173392.397130188 -214.184090955 -189.464746657 -30.702891858 -0.630487802 0.346489883 0.451035726 0.528201351
173392.430464137 -215.140946039 -190.215162150 -30.872200696 -0.627851457 0.354353526 0.449345261 0.527565128
173392.463798086 -216.009344814 -191.104013239 -31.041508420 -0.626660064 0.362804921 0.448611374 0.523848822
173392.497132035 -216.980915183 -191.859467431 -31.202430625 -0.625547093 0.367926510 0.452104704 0.518577144
173392.530465985 -217.955737317 -192.612852083 -31.359196540 -0.622616629 0.366578975 0.463857696 0.512644541
173392.563799934 -218.935971448 -193.367535562 -31.513602986 -0.618576641 0.359836010 0.478232987 0.509091538
173392.597133883 -219.920942442 -194.124364912 -31.667232040 -0.614646855 0.348480576 0.491717098 0.508905520
173392.630467832 -220.910458050 -194.883402800 -31.822008915 -0.611688579 0.333174058 0.505403008 0.509313193
173392.663801781 -221.904824294 -195.645132331 -31.979745056 -0.610625684 0.317471189 0.520759103 0.505131938
173392.697135731 -222.904461075 -196.409673459 -32.141424048 -0.612671616 0.303990682 0.538842071 0.491805225
173392.730469680 -223.908987232 -197.177129232 -32.306747347 -0.617755644 0.292429995 0.557803917 0.470868827
173392.763803629 -224.917842840 -197.947448719 -32.474900897 -0.625353180 0.282868917 0.575686646 0.444413616
173392.797137578 -225.930967879 -198.720478573 -32.644917233 -0.635669771 0.272445188 0.592416152 0.413207775
173392.830471527 -226.947991450 -199.496318180 -32.816355691 -0.647469839 0.261857051 0.607930725 0.377669068
173392.863805477 -227.968312362 -200.274953894 -32.988586153 -0.661238001 0.250688817 0.619979722 0.339918471
173392.897139426 -228.991664016 -201.056240828 -33.161166306 -0.675521577 0.240282965 0.629759286 0.298894526
173392.930473375 -230.005321424 -201.885629753 -33.336658898 -0.688346911 0.228551311 0.637183536 0.260652968
173392.963807324 -231.033944372 -202.670627888 -33.507104607 -0.699074172 0.213329440 0.642461713 0.230279828
173392.997141274 -232.064750794 -203.456734261 -33.676388305 -0.707763471 0.197380020 0.646828294 0.204267361
173393.030475223 -233.098225849 -204.244581817 -33.845336825 -0.714861930 0.181222805 0.650477221 0.181686821
173393.063809172 -234.134283263 -205.034065482 -34.014415526 -0.720748942 0.164583283 0.653595785 0.162005728
173393.097143121 -235.172863217 -205.825662937 -34.183897550 -0.726201798 0.146354010 0.656664663 0.141431867
173393.130477070 -236.213452065 -206.619673278 -34.354341975 -0.732711879 0.126727755 0.658014974 0.118699925
173393.163811020 -237.256044776 -207.416302075 -34.526027279 -0.740053064 0.106215251 0.657591549 0.092806990
173393.197144969 -238.585397774 -207.614021264 -34.654380832 -0.748259709 0.085911406 0.654557767 0.065427578
173393.230478918 -239.626432705 -208.407059802 -34.826423829 -0.756146475 0.064122194 0.650224602 0.036589874
173393.263812867 -240.675516763 -209.206131901 -35.000112702 -0.763434717 0.042716423 0.644421913 0.007945898
173393.297146816 -241.726692253 -210.006562530 -35.173986739 0.769561900 -0.021047789 -0.637886371 0.020795424
173393.330480766 -242.780104014 -210.808058135 -35.348192068 0.774653890 -0.002240357 -0.630551495 0.048074362
173393.363814715 -243.564126459 -212.299816285 -35.600018728 0.778589382 0.016574530 -0.623077653 0.072788032
173393.397148664 -244.623277507 -213.106980323 -35.774825827 0.781706604 0.031356358 -0.615838397 0.093245015
173393.430482613 -245.683947448 -213.913116435 -35.949319040 0.783364351 0.043868886 -0.610266376 0.109502352
173393.463816563 -246.747722309 -214.718949029 -36.123852263 0.784125040 0.054207464 -0.606275485 0.120993837
173393.497150512 -247.814706616 -215.524243038 -36.298547687 0.784448355 0.062604023 -0.603715245 0.127473201
173393.530484461 -248.552090292 -217.209249637 -36.616233605 0.784364337 0.070735778 -0.602387155 0.129995198
173393.563818410 -249.616610538 -218.012141266 -36.789984509 0.784092730 0.074120991 -0.603507097 0.124434133
173393.597152359 -250.692057947 -218.819378144 -36.964097376 0.782988155 0.074540467 -0.607500442 0.110979644
173393.630486309 -251.770759441 -219.624990854 -37.137145594 0.780253903 0.072235234 -0.614615340 0.090740853
173393.663820258 -252.830745238 -220.459484678 -37.314433362 0.776175357 0.068553290 -0.623733011 0.061720280
173393.697154207 -253.913673614 -221.259875820 -37.484850169 0.771333149 0.063397610 -0.632908919 0.021265395
173393.730488156 -254.997690820 -222.059243810 -37.654594667 -0.765463910 -0.054102403 0.640743008 0.024214256
173393.763822105 -256.081899712 -222.857796471 -37.824186673 -0.758755107 -0.040115427 0.646205979 0.071409194
173393.797156055 -257.165920419 -223.655885848 -37.994151810 -0.751293779 -0.022332478 0.648717077 0.119268904
173393.830490004 -258.249471422 -224.454077800 -38.164435323 -0.743523004 -0.002578244 0.647760846 0.166050542
173393.863823953 -259.333104413 -225.253093349 -38.335344397 -0.734892146 0.019794272 0.644476967 0.210216936
173393.897157902 -260.417284315 -226.053759690 -38.506890715 -0.724745404 0.045670354 0.640115833 0.250818737
173393.930491852 -261.502505225 -226.857056589 -38.678402266 -0.713164844 0.071375346 0.634797640 0.288675286
173393.963825801 -262.590254390 -227.663805191 -38.849972387 -0.698876596 0.095273154 0.630464258 0.324051462
173393.997159750 -263.282081071 -227.607586402 -38.923064392 -0.682105362 0.119574131 0.627698561 0.355568304
173394.030493699 -264.373915993 -228.417570695 -39.095677044 -0.664563209 0.140429608 0.625247000 0.384319470
173394.063827648 -265.471516333 -229.232777811 -39.270262957 -0.647711457 0.160239843 0.621234608 0.410926541
173394.097161598 -266.574092082 -230.052608919 -39.447226973 -0.633965693 0.179417587 0.614175240 0.434379563
173394.130495547 -267.682299015 -230.876695167 -39.626855604 -0.623452935 0.196709181 0.605865028 0.453364648
173394.163829496 -268.796924742 -231.704067483 -39.809051265 -0.616646512 0.209634854 0.597181849 0.468160386
173394.197163445 -269.918700113 -232.533473177 -39.992903223 -0.613739422 0.213443353 0.588910357 0.480573042
173394.230497394 -271.046050071 -233.365347602 -40.178238526 -0.610746719 0.214214098 0.581145314 0.493326353
173394.263831344 -272.176719897 -234.200860830 -40.366497957 -0.602248249 0.222140106 0.575215731 0.507028286
173394.297165293 -273.311145200 -235.039273919 -40.558934775 -0.587528986 0.238156158 0.575252278 0.516890851
173394.330499242 -274.449275300 -235.880210713 -40.754830143 -0.567734170 0.258037307 0.580277962 0.523805447
173394.363833191 -275.590972107 -236.724064038 -40.953015595 -0.548043513 0.278016641 0.584880609 0.529405070
173394.397167141 -276.738393688 -237.570128349 -41.153262210 -0.527059963 0.297974201 0.591027756 0.533015348
173394.430501090 -277.890856128 -238.417628173 -41.352818481 -0.516074907 0.310109432 0.589000229 0.539052465
173394.463835039 -279.047312803 -239.267730044 -41.551610231 -0.516323062 0.316570237 0.578418975 0.546466166
173394.497168988 -280.206738656 -240.120624609 -41.751705629 -0.517206015 0.324116766 0.567647017 0.552470021
173394.530502937 -281.370138596 -240.976043123 -41.954075525 -0.509212130 0.339284098 0.563082164 0.555452775
173394.563836887 -282.539182059 -241.831703534 -42.156006505 -0.502854888 0.351166585 0.560583648 0.556385626
173394.597170836 -283.714504486 -242.686302168 -42.356292454 -0.502571236 0.353862792 0.561222796 0.554285351
173394.630504785 -284.894197084 -243.541876864 -42.555581252 -0.501755101 0.355014551 0.559992013 0.555531667
173394.663838734 -286.077951832 -244.398895582 -42.753515458 -0.500629170 0.353993453 0.556747555 0.560438426
173394.697172683 -287.265960288 -245.256621278 -42.950209573 -0.498284127 0.348721625 0.556832362 0.565724206
173394.730506633 -288.458280840 -246.115243858 -43.146622992 -0.494783723 0.342547632 0.560943605 0.568500184
173394.763840582 -289.654942541 -246.974416184 -43.342926503 -0.490232572 0.334394731 0.567973376 0.570314329
173394.797174531 -290.855681617 -247.834577743 -43.538543717 -0.483742950 0.324267419 0.575364417 0.574281453
173394.830508480 -292.060726965 -248.695177185 -43.734176019 -0.475306396 0.314466664 0.581752092 0.580309445
173394.863842430 -293.268694234 -249.556086427 -43.930776362 -0.465362690 0.306759013 0.583758528 0.590391781
173394.897176379 -294.479265856 -250.418354732 -44.129290627 -0.459088497 0.299478618 0.580960505 0.601693610
173394.930510328 -295.693320075 -251.282483673 -44.330571824 -0.457871120 0.291432189 0.578058877 0.609318678
173394.963844277 -296.910448056 -252.147826797 -44.533647043 -0.454694990 0.281147896 0.576616050 0.617836756
173394.997178226 -298.130041765 -253.014245970 -44.737959076 -0.448023502 0.264185006 0.577313827 0.629436231
173395.030512176 -299.352154959 -253.882573548 -44.944878112 -0.443973305 0.241408211 0.578234776 0.640510987
173395.063846125 -300.577171820 -254.753281900 -45.155729868 -0.445718970 0.224340532 0.575681873 0.647762539
173395.097180074 -301.805827669 -255.626869222 -45.371098560 -0.453590499 0.224227895 0.569389585 0.647898919
173395.130514023 -303.039066633 -256.503297861 -45.589498744 -0.464599888 0.232705694 0.564519807 0.641336411
173395.163847972 -304.278154048 -257.382187867 -45.810274992 -0.476291862 0.240492147 0.562758076 0.631358010
173395.197181922 -305.523339379 -258.263176929 -46.033000008 -0.485018845 0.246397493 0.565776916 0.619630113
173395.230515871 -306.774823967 -259.146435542 -46.257552099 -0.493010324 0.247400285 0.568547361 0.610317800
173395.263849820 -308.031659784 -260.031593637 -46.483603253 -0.501928956 0.251875649 0.569116477 0.600610037
173395.297183769 -309.292349850 -260.916725956 -46.709221322 -0.505641349 0.257442031 0.567337444 0.596807047
173395.330517719 -310.558068479 -261.802880471 -46.935101665 -0.508503410 0.258964022 0.564857495 0.596068728
173395.363851668 -311.830001598 -262.691329772 -47.162047596 -0.514115795 0.259110403 0.561798796 0.594078161
173395.397185617 -313.107917901 -263.582080922 -47.389457396 -0.518632027 0.257347788 0.560152274 0.592471406
173395.430519566 -314.391305535 -264.474652760 -47.617123971 -0.518419219 0.251703932 0.563075829 0.592310944
173395.463853515 -315.679366668 -265.369152763 -47.845475680 -0.513635266 0.243889284 0.568071055 0.594972358
173395.497187465 -316.971306141 -266.266097571 -48.075242873 -0.507716054 0.234996673 0.572336854 0.599526061
173395.530521414 -318.266321757 -267.165901417 -48.307251415 -0.503464568 0.228102099 0.573791719 0.604364066
173395.563855363 -319.588983401 -267.929206627 -48.522767379 -0.503212956 0.226015539 0.572700763 0.606388929
173395.597189312 -320.859710555 -268.811301287 -48.750757951 -0.505155114 0.227231718 0.570465770 0.606426304
173395.630523261 -322.163315346 -269.717329234 -48.987040647 -0.507853162 0.227940087 0.567979153 0.606241011
173395.663857211 -323.468884301 -270.624710426 -49.223406590 -0.510031200 0.227303218 0.565667433 0.606812803
173395.697191160 -324.777223589 -271.533623147 -49.459844478 -0.511451144 0.227414794 0.565862490 0.605392336
173395.730525109 -326.087620741 -272.443885104 -49.695839148 -0.512132935 0.227162570 0.566522840 0.604292061
173395.763859058 -327.400080356 -273.355748128 -49.931446873 -0.512687386 0.227152628 0.567269632 0.603123944
173395.797193008 -328.714228741 -274.268843198 -50.166647992 -0.513020538 0.230147041 0.568231164 0.600795816
173395.830526957 -330.029720304 -275.182900735 -50.401100975 -0.513001249 0.235579276 0.569206750 0.597775709
173395.863860906 -331.346554186 -276.097929428 -50.635080057 -0.513653978 0.243523768 0.569914525 0.593340711
173395.897194855 -332.664441764 -277.013744511 -50.868347943 -0.514711786 0.254135081 0.569638199 0.588217188
173395.930528804 -333.983550515 -277.930150439 -51.100574421 -0.514981796 0.265257123 0.569000663 0.583669987
173395.963862754 -335.303927489 -278.847015258 -51.331778211 -0.513583513 0.275394322 0.568955323 0.580241141
173395.997196703 -336.625587180 -279.764231271 -51.562070395 -0.511029602 0.283683051 0.569816213 0.577652280
173396.030530652 -337.948774999 -280.681850883 -51.791730577 -0.507803725 0.290670952 0.571516103 0.575339134
173396.063864601 -339.273549671 -281.599956407 -52.020897012 -0.504536153 0.297089113 0.573146903 0.573309652
173396.097198550 -340.600093101 -282.518760830 -52.249636009 -0.501244992 0.302022423 0.574419803 0.572344131
173396.130532500 -341.928474582 -283.438424516 -52.478225352 -0.498415540 0.305217151 0.575420262 0.572115340
173396.163866449 -343.258636679 -284.359169725 -52.706901120 -0.496106168 0.307650158 0.575630456 0.572607745
173396.197200398 -344.590724954 -285.281239882 -52.935891770 -0.495063406 0.310548443 0.574340459 0.573240722
173396.230534347 -345.924938009 -286.204977641 -53.165252060 -0.494586307 0.314331504 0.571086337 0.574839531
173396.263868297 -347.261624073 -287.130446760 -53.394933557 -0.494231284 0.317451810 0.566578741 0.577882615
173396.297202246 -348.601153115 -288.057599027 -53.624763513 -0.493382991 0.319400349 0.561553132 0.582421429
173396.330536195 -349.943808901 -288.986513834 -53.854815776 -0.491471496 0.320507591 0.556654957 0.588103657
173396.363870144 -351.289698639 -289.917288865 -54.085258409 -0.489694586 0.321146552 0.551191581 0.594350020
173396.397204093 -352.639095363 -290.849908574 -54.316310475 -0.488078308 0.322194312 0.545196484 0.600609012
173396.430538043 -353.992345184 -291.784458890 -54.548071291 -0.485744395 0.323507954 0.539421869 0.606975316
173396.463871992 -355.349887292 -292.720813056 -54.780442714 -0.482748057 0.324229590 0.533724769 0.613976675
173396.497205941 -356.711835298 -293.659247597 -55.013203035 -0.478707641 0.323617644 0.527128167 0.623094303
173396.530539890 -358.078812029 -294.599948033 -55.246473191 -0.474541839 0.321270380 0.519695575 0.633649663
173396.563873840 -359.451463167 -295.542888063 -55.480701468 -0.471037625 0.318580268 0.511295849 0.644365365
173396.597207789 -360.830018187 -296.488221328 -55.716185563 -0.469210322 0.316230026 0.501855994 0.654202420
173396.630541738 -362.214520291 -297.436137489 -55.953341926 -0.468912233 0.315366073 0.491398342 0.662716552
173396.663875687 -363.605647450 -298.386161715 -56.192908828 -0.469347552 0.316257053 0.481841487 0.668971698
173396.697209636 -365.003440874 -299.338222831 -56.434308513 -0.469704708 0.316340059 0.473346265 0.674721993
173396.730543586 -366.408151734 -300.291961351 -56.676910617 -0.468187876 0.313818065 0.468538874 0.680286454
173396.763877535 -367.819847969 -301.247316121 -56.920781721 -0.462894055 0.309117507 0.469117886 0.685641211
173396.797211484 -369.237761441 -302.203945429 -57.166280356 -0.458146506 0.304870130 0.472572656 0.688353882
173396.830545433 -370.661334087 -303.161700095 -57.413547767 -0.451099409 0.301223743 0.477880434 0.690944188
173396.863879382 -372.090246905 -304.120194359 -57.662776652 -0.440202814 0.295548878 0.482956543 0.696868223
173396.897213332 -373.524189160 -305.079413616 -57.914145062 -0.428356839 0.288775336 0.487057302 0.704197706
