# timestamp tx ty tz qx qy qz qw
173373.363445186 0.002067085 0.003038380 0.000618882 0.526466132 -0.515873551 -0.441508940 0.511642207
173373.396779135 0.001859478 0.003013430 0.000971454 0.528125493 -0.518429996 -0.439651766 0.508940200
173373.430113085 0.001834667 0.002717905 0.000596238 0.527535883 -0.517045773 -0.442447893 0.508536549
173373.463447034 0.001905791 0.002179155 -0.000673400 0.519486511 -0.511179336 -0.452730287 0.513677660
173373.496780983 0.001905221 0.001943531 -0.001674952 0.506668749 -0.502481902 -0.466931416 0.522277484
173373.530114932 0.001573828 0.001576655 -0.002891842 0.490015201 -0.488432524 -0.489151866 0.531083068
173373.563448882 0.000411891 0.001191399 -0.003702711 0.462965782 -0.469767797 -0.518675415 0.544019039
173373.596782831 -0.003221222 0.001356430 -0.003125501 0.424327897 -0.442300008 -0.545221986 0.571882439
173373.630116780 -0.012555309 0.002469407 -0.000603684 0.363840601 -0.401490569 -0.572826338 0.615057173
173373.663450729 -0.028790389 0.005316087 0.005753849 0.285084918 -0.346133311 -0.589573408 0.671804672
173373.696784678 -0.048501405 0.011396392 0.019015713 0.205201118 -0.286544129 -0.597747814 0.720057299
173373.730118628 -0.067197283 0.022067145 0.038845481 0.146367847 -0.238872219 -0.609544059 0.741601346
173373.763452577 -0.081910649 0.037393532 0.062773897 0.120658092 -0.218670575 -0.635654071 0.730457874
173373.796786526 -0.090984195 0.055694172 0.087577530 0.129369160 -0.230871614 -0.675464341 0.688265822
173373.830120475 -0.056145688 0.036486634 0.113809130 0.166397142 -0.261269486 -0.720207434 0.620766864
173373.863454424 -0.111637302 0.031250475 0.136371139 0.211323095 -0.299573074 -0.743224143 0.559657391
173373.896788374 -0.105680553 0.053872591 0.157174256 0.249958049 -0.338552000 -0.757983116 0.498362432
173373.930122323 -0.092240684 0.082405444 0.195182424 0.293478865 -0.384851866 -0.758065087 0.437145880
173373.963456272 -0.087051611 0.090661715 0.228587719 0.328293999 -0.423922165 -0.739213145 0.407525429
173373.996790221 -0.093421155 0.096682515 0.265162617 0.345401186 -0.454254388 -0.706206924 0.419073682
173374.030124171 -0.093907795 0.105223699 0.287737907 0.342926461 -0.477644677 -0.664409787 0.461320540
173374.063458120 -0.105593736 0.114088603 0.317812467 0.324123342 -0.493749061 -0.618897733 0.517804518
173374.096792069 -0.122209518 0.134327725 0.355007618 0.292759710 -0.502393547 -0.576385185 0.574171224
173374.130126018 -0.138569566 0.147975363 0.379534290 0.267279897 -0.507086631 -0.539102435 0.617084411
173374.163459967 -0.160110753 0.163651654 0.391849661 0.263411769 -0.511375819 -0.520523584 0.631002543
173374.196793917 -0.182086039 0.201690952 0.404029618 0.273832943 -0.511973651 -0.536427161 0.612490327
173374.230127866 -0.200527764 0.231355463 0.401099706 0.306897469 -0.509193770 -0.557521176 0.579401231
173374.263461815 -0.223632176 0.261979285 0.391494792 0.336069930 -0.500630430 -0.579750233 0.548010804
173374.296795764 -0.251789457 0.292416360 0.380398867 0.352224558 -0.480365977 -0.600027474 0.533997584
173374.330129713 -0.276817843 0.311818655 0.366442619 0.355372628 -0.458970458 -0.613792224 0.535084591
173374.363463663 -0.309514508 0.330777250 0.353957067 0.354990034 -0.431029313 -0.627240103 0.542923254
173374.396797612 -0.337327819 0.350167704 0.334581464 0.361475255 -0.406383282 -0.644457828 0.537459186
173374.430131561 -0.367270009 0.371186091 0.315053001 0.374854093 -0.384014059 -0.669815718 0.513190525
173374.463465510 -0.398529376 0.391728781 0.294171128 0.385771880 -0.361230897 -0.702457378 0.476703186
173374.496799460 -0.430629059 0.411951607 0.272216122 0.385690031 -0.340247388 -0.740239430 0.433036374
173374.530133409 -0.463718555 0.423446879 0.250952802 0.371066773 -0.317508225 -0.764536869 0.420691517
173374.563467358 -0.487722545 0.434861669 0.238408601 0.350149890 -0.302762456 -0.763136781 0.450945898
173374.596801307 -0.500246398 0.446236399 0.227010431 0.352834864 -0.288238296 -0.742464243 0.491093770
173374.630135256 -0.508729828 0.458418272 0.215236629 0.363266460 -0.284361692 -0.731992493 0.501361044
173374.663469206 -0.515660502 0.471372872 0.204352672 0.380194670 -0.287861774 -0.733112222 0.484906262
173374.696803155 -0.528495038 0.473493742 0.197510871 0.402977809 -0.290018018 -0.732590361 0.465628391
173374.730137104 -0.536322125 0.473575368 0.191707903 0.420032715 -0.294717603 -0.734964622 0.443329513
173374.763471053 -0.549723018 0.467781078 0.186579465 0.435394833 -0.304612985 -0.738983389 0.414180902
173374.796805002 -0.558719148 0.465583161 0.184393735 0.454422079 -0.315728189 -0.730471787 0.400283965
173374.830138952 -0.564202905 0.458473770 0.182358676 0.484475543 -0.321928742 -0.701492985 0.411768048
173374.863472901 -0.568322790 0.454751187 0.179129382 0.512233589 -0.325815174 -0.682553556 0.406917517
173374.896806850 -0.574740212 0.448303922 0.178411435 0.535775076 -0.329423447 -0.661588655 0.408320600
173374.930140799 -0.573809783 0.444765838 0.176175091 0.553518361 -0.332822715 -0.645283374 0.407989989
173374.963474749 -0.570796973 0.438811466 0.173959040 0.572080905 -0.336824976 -0.632658392 0.398767769
173374.996808698 -0.564054420 0.432787415 0.176952663 0.591430117 -0.345131885 -0.623129374 0.377894405
173375.030142647 -0.557302870 0.423497995 0.181408861 0.609826081 -0.360324039 -0.614695352 0.347027898
173375.063476596 -0.551285955 0.412375123 0.186797089 0.624288330 -0.378168419 -0.606210448 0.315850632
173375.096810545 -0.543371880 0.401315343 0.193449767 0.636178025 -0.399633617 -0.592277638 0.291166089
173375.130144495 -0.533528038 0.393051515 0.200513299 0.643992600 -0.422828935 -0.578297753 0.268441674
173375.163478444 -0.523071797 0.385069161 0.208686793 0.648791759 -0.446668471 -0.563852772 0.248247021
173375.196812393 -0.512002980 0.379534749 0.216512526 0.653158470 -0.467194321 -0.547536649 0.235195869
173375.230146342 -0.502582242 0.375095171 0.222908254 0.656572767 -0.468898018 -0.542680437 0.233548267
173375.263480291 -0.490711830 0.373293670 0.226153632 0.663147221 -0.459837265 -0.539343169 0.240612550
173375.296814241 -0.477732999 0.372590375 0.229785962 0.672002034 -0.453453627 -0.529097056 0.250697786
173375.330148190 -0.464023481 0.372092111 0.232945743 0.679109245 -0.454343774 -0.512261338 0.264519735
173375.363482139 -0.449977507 0.372556932 0.235315806 0.678691378 -0.461935486 -0.497238245 0.280620293
173375.396816088 -0.434769738 0.372805299 0.236508583 0.671140705 -0.478710100 -0.480888383 0.298585261
173375.430150038 -0.419458153 0.373187497 0.239644166 0.659075079 -0.500125322 -0.463539902 0.317215168
173375.463483987 -0.405204397 0.372476125 0.243672371 0.641655067 -0.530645000 -0.442374018 0.333166456
173375.496817936 -0.390432219 0.372538271 0.249774940 0.623293779 -0.559412248 -0.421153733 0.348126895
173375.530151885 -0.378820214 0.375063214 0.257764947 0.611996406 -0.572455111 -0.411179273 0.358729913
173375.563485834 -0.369225663 0.378814238 0.268042725 0.604383718 -0.573611747 -0.413974528 0.366490076
173375.596819784 -0.363350856 0.382745250 0.278014062 0.594319894 -0.567400805 -0.423892018 0.380993106
173375.630153733 -0.361050923 0.386556122 0.289750406 0.582072355 -0.558996969 -0.437509025 0.396610660
173375.663487682 -0.360942490 0.389762337 0.305076378 0.573975992 -0.548322338 -0.452927980 0.405894591
173375.696821631 -0.363458214 0.393931659 0.323669058 0.569902514 -0.537442294 -0.466766539 0.410482524
173375.730155580 -0.367570421 0.396576980 0.344780777 0.568351103 -0.532137839 -0.473482881 0.411849859
173375.763489530 -0.372412784 0.396543725 0.368381116 0.570344693 -0.532556318 -0.473241256 0.408819536
173375.796823479 -0.377767001 0.395455964 0.392503545 0.575307090 -0.536597164 -0.469368403 0.400971991
173375.830157428 -0.382474003 0.394394357 0.416532874 0.583168552 -0.544023856 -0.460405147 0.389845590
173375.863491377 -0.388978896 0.391912930 0.438682298 0.593371182 -0.551158451 -0.448861130 0.377701851
173375.896825327 -0.394604630 0.389756100 0.459904190 0.604141770 -0.555624104 -0.437203290 0.367624618
173375.930159276 -0.401172023 0.386379851 0.478422557 0.614433337 -0.557590140 -0.427468635 0.358936592
173375.963493225 -0.408279177 0.382583782 0.494700420 0.622377824 -0.560216050 -0.418259510 0.351941478
173375.996827174 -0.415811735 0.377518346 0.510123397 0.628523620 -0.567765196 -0.404967982 0.344385937
173376.030161123 -0.421755224 0.371103627 0.525327811 0.633198109 -0.578997521 -0.389288303 0.335077069
173376.063495073 -0.427639217 0.364762204 0.537322681 0.635922725 -0.589903236 -0.374375283 0.327810323
173376.096829022 -0.435289738 0.356337400 0.546506830 0.637290208 -0.596213248 -0.365291787 0.323964296
173376.130162971 -0.443301015 0.347780234 0.553958010 0.637990208 -0.600091177 -0.361528528 0.319618830
173376.163496920 -0.448836733 0.338475102 0.562042235 0.638830408 -0.606092231 -0.355901988 0.312860501
173376.196830869 -0.453194976 0.329723731 0.570123137 0.639938268 -0.612489062 -0.348137507 0.306816619
173376.230164819 -0.456339527 0.324163041 0.577039317 0.644141404 -0.615237940 -0.339429959 0.302243992
173376.263498768 -0.457657158 0.320475052 0.582694688 0.651074662 -0.610107887 -0.332964270 0.304967122
173376.296832717 -0.457524740 0.319877279 0.585613186 0.657016265 -0.598000768 -0.330654206 0.318421899
173376.330166666 -0.455854200 0.322049531 0.586531623 0.660434358 -0.584290862 -0.330724084 0.336232401
173376.363500616 -0.452863421 0.326130023 0.586643461 0.660984730 -0.573830789 -0.330014650 0.353422897
173376.396834565 -0.447112726 0.331323959 0.586872120 0.660633596 -0.567487815 -0.327727759 0.366217624
173376.430168514 -0.440794345 0.337614096 0.586748088 0.658167466 -0.564654909 -0.325357694 0.376991766
173376.463502463 -0.432846453 0.345286477 0.585510346 0.651746530 -0.564532506 -0.323706260 0.389543024
173376.496836412 -0.422645105 0.352617685 0.584966752 0.644710354 -0.567811896 -0.323498984 0.396593769
173376.530170362 -0.409285229 0.360031127 0.585529264 0.637366696 -0.574069066 -0.322474409 0.400273229
173376.563504311 -0.394557612 0.367657369 0.586121734 0.629180422 -0.579746199 -0.321989448 0.405399972
173376.596838260 -0.376917649 0.375419553 0.585666245 0.619600017 -0.582695474 -0.327047859 0.411827028
173376.630172209 -0.357318374 0.382514482 0.584890016 0.610859670 -0.581337848 -0.337326222 0.418458828
173376.663506158 -0.335112851 0.390137959 0.585360015 0.607384522 -0.578211804 -0.345022836 0.421561852
173376.696840108 -0.309853633 0.397504551 0.587032879 0.605810716 -0.577823507 -0.347651802 0.422198527
173376.730174057 -0.284295612 0.404253863 0.589398690 0.602259721 -0.582931874 -0.347554040 0.420333020
173376.763508006 -0.258431562 0.410837803 0.591648351 0.598145987 -0.591013114 -0.345017100 0.416998895
173376.796841955 -0.233293201 0.416808616 0.593353076 0.593917603 -0.599761015 -0.342077097 0.412955041
173376.830175905 -0.209168811 0.422284094 0.593980945 0.591536791 -0.604242353 -0.342353101 0.409597067
173376.863509854 -0.186978371 0.427036770 0.593585849 0.589265981 -0.607459071 -0.344148754 0.406596502
173376.896843803 -0.167445848 0.429746278 0.592968898 0.585059063 -0.613371193 -0.345260876 0.402835699
173376.930177752 -0.151131978 0.430498891 0.591339353 0.578675627 -0.621241929 -0.347234231 0.398272989
173376.963511701 -0.138685376 0.431281578 0.587720403 0.570459594 -0.627764926 -0.353571948 0.394301822
173376.996845651 -0.129740864 0.432000887 0.582871998 0.561670687 -0.631479498 -0.364812469 0.390732064
173377.030179600 -0.123885457 0.432450854 0.577847882 0.553663768 -0.634468500 -0.376507183 0.386197482
173377.063513549 -0.120918815 0.432863658 0.572868285 0.547287020 -0.636694884 -0.386439447 0.381786715
173377.096847498 -0.122041744 0.434791371 0.568843720 0.542423422 -0.637379084 -0.395153902 0.378653045
173377.130181447 -0.126911992 0.437284636 0.565161835 0.538715025 -0.636822953 -0.402946629 0.376665188
173377.163515397 -0.136164026 0.441340587 0.561902860 0.538089620 -0.633037616 -0.409233534 0.377161573
173377.196849346 -0.149355767 0.446299650 0.558460363 0.538652707 -0.628407354 -0.412362126 0.380676943
173377.230183295 -0.166128667 0.451693832 0.553892377 0.538119959 -0.623346079 -0.414511129 0.387359135
173377.263517244 -0.188075639 0.457920649 0.546544853 0.535254190 -0.617936283 -0.420555073 0.393435042
173377.296851194 -0.212454389 0.464088439 0.537586796 0.532352806 -0.613941600 -0.429738976 0.393701175
173377.330185143 -0.236721929 0.470261493 0.529073962 0.532391569 -0.612106585 -0.437319876 0.388118631
173377.363519092 -0.259936648 0.475715735 0.520123038 0.531524284 -0.612894748 -0.442560952 0.382075603
173377.396853041 -0.281183629 0.479972888 0.512160038 0.527588054 -0.613793261 -0.449996650 0.377374738
173377.430186990 -0.300807850 0.484183928 0.503986284 0.522211047 -0.614954517 -0.456760727 0.374828231
173377.463520940 -0.317892107 0.487778234 0.498017974 0.518870737 -0.615432057 -0.459643205 0.375159521
173377.496854889 -0.333121552 0.491184740 0.493154818 0.517005904 -0.615712594 -0.459655726 0.377252581
173377.530188838 -0.346022994 0.494851987 0.489167756 0.517273007 -0.614054662 -0.459823043 0.379378804
173377.563522787 -0.356082216 0.499419604 0.486348076 0.520210242 -0.611554918 -0.458902546 0.380513258
173377.596856736 -0.363372631 0.504554455 0.484418891 0.525341023 -0.609822737 -0.455812870 0.379957453
173377.630190686 -0.367300264 0.510043626 0.483447268 0.530894633 -0.608987363 -0.452693194 0.377298492
173377.663524635 -0.368228367 0.515934454 0.483481605 0.536360332 -0.608534649 -0.450322153 0.373112763
173377.696858584 -0.367279131 0.521993754 0.484078417 0.543429248 -0.606269064 -0.447982503 0.369369939
173377.730192533 -0.364481976 0.527689717 0.484706786 0.553244064 -0.601647097 -0.444150964 0.366976426
173377.763526483 -0.359967465 0.532611247 0.486384496 0.563375710 -0.596860060 -0.437643347 0.367197739
173377.796860432 -0.354403244 0.536143306 0.488684917 0.570036817 -0.594123494 -0.429863862 0.370529839
173377.830194381 -0.347712980 0.538000263 0.490509954 0.571947589 -0.592855523 -0.424020526 0.376304236
173377.863528330 -0.340028180 0.538214091 0.492934442 0.570547255 -0.593317642 -0.420049602 0.382110373
173377.896862279 -0.331265300 0.536547609 0.495157917 0.568457331 -0.594739912 -0.417302036 0.386004808
173377.930196229 -0.320898617 0.532645143 0.498487167 0.566570727 -0.598221284 -0.414030020 0.386921244
173377.963530178 -0.310237533 0.526135528 0.502646136 0.563069232 -0.605171193 -0.409137227 0.386429290
173377.996864127 -0.299503068 0.516637304 0.507777984 0.558710525 -0.614172955 -0.404065215 0.383882054
173378.030198076 -0.289464023 0.504584003 0.513246921 0.552806135 -0.623811229 -0.401164073 0.379910929
173378.063532025 -0.280223673 0.489669701 0.519097736 0.544916257 -0.634192954 -0.400080720 0.375234576
173378.096865975 -0.272751844 0.472019206 0.524756240 0.535278467 -0.644744829 -0.402178370 0.368827367
173378.130199924 -0.267559587 0.451563401 0.530831279 0.522804169 -0.657752403 -0.406257834 0.359154771
173378.163533873 -0.264970150 0.428290333 0.536808596 0.506846964 -0.673907330 -0.409698028 0.347997976
173378.196867822 -0.266888744 0.402775817 0.542602464 0.486650875 -0.691237440 -0.415418975 0.335840442
173378.230201772 -0.272895994 0.375590418 0.547605392 0.463062560 -0.710504775 -0.420800739 0.321998087
173378.263535721 -0.282914047 0.347168442 0.551139166 0.437725966 -0.729921424 -0.426165988 0.306583176
173378.296869670 -0.296948905 0.318913724 0.552722766 0.412198750 -0.747005901 -0.433659599 0.289851215
173378.330203619 -0.314737335 0.291038312 0.551807139 0.385999566 -0.761058711 -0.444499576 0.272422649
173378.363537568 -0.336267784 0.264227880 0.548643758 0.358442025 -0.772064396 -0.459199677 0.254109307
173378.396871518 -0.361113389 0.239097322 0.543553201 0.328734285 -0.781937046 -0.475281038 0.233701008
173378.430205467 -0.388649764 0.216639032 0.537038357 0.298773296 -0.790397439 -0.491639422 0.210468726
173378.463539416 -0.417597528 0.196974129 0.529438593 0.269635666 -0.797264364 -0.507082236 0.185832578
173378.496873365 -0.447266950 0.180065844 0.521245933 0.241508193 -0.802371688 -0.520950625 0.162738789
173378.530207314 -0.476662647 0.166155731 0.512503203 0.213346874 -0.806118571 -0.533074078 0.143136259
173378.563541264 -0.504587537 0.155418381 0.503749119 0.186876657 -0.808028064 -0.543848756 0.128048016
173378.596875213 -0.529826227 0.147426643 0.495574972 0.162218462 -0.808989183 -0.552376267 0.118752398
173378.630209162 -0.550808379 0.141885062 0.488119179 0.140301780 -0.809183512 -0.558485507 0.116753556
173378.663543111 -0.566246083 0.138524598 0.480721338 0.124034285 -0.806413681 -0.565557743 0.120236891
173378.696877061 -0.575329771 0.137043939 0.473079220 0.116490121 -0.798954941 -0.576176140 0.126972871
173378.730211010 -0.577566270 0.137670036 0.464110896 0.118239632 -0.787406910 -0.589245764 0.137110090
173378.763544959 -0.573981554 0.139098279 0.455159631 0.122437658 -0.775703027 -0.599816072 0.153344426
173378.796878908 -0.565618373 0.141165369 0.447080689 0.125040252 -0.768426028 -0.601740462 0.178310938
173378.830212857 -0.552433170 0.144034619 0.439203866 0.128734713 -0.766919669 -0.591883981 0.211978651
173378.863546807 -0.533958681 0.148842550 0.430356696 0.135429482 -0.766701243 -0.574910396 0.251607026
173378.896880756 -0.511658269 0.156527863 0.420756801 0.150082042 -0.762759080 -0.556560784 0.293111003
173378.930214705 -0.487131967 0.169267939 0.407800580 0.173252134 -0.752912947 -0.540443501 0.333206564
173378.963548654 -0.461787257 0.185430565 0.394995392 0.202796839 -0.738642585 -0.525683820 0.370050125
173378.996882603 -0.436989901 0.204969829 0.382164576 0.234475516 -0.722319444 -0.512030241 0.401373748
173379.030216553 -0.413778248 0.227305416 0.370512124 0.267503671 -0.706971494 -0.496439174 0.426826944
173379.063550502 -0.392551177 0.252214116 0.360219550 0.303730351 -0.690535728 -0.478950420 0.448903973
173379.096884451 -0.375094379 0.278883100 0.351927015 0.341909879 -0.670364678 -0.462659507 0.468673675
173379.130218400 -0.361323221 0.306194599 0.346398912 0.380215670 -0.648052991 -0.447761843 0.484739823
173379.163552350 -0.350721335 0.332604300 0.344010784 0.416284938 -0.628044588 -0.430917478 0.496565174
173379.196886299 -0.342904019 0.357667995 0.344160500 0.450112411 -0.610141527 -0.412712673 0.504771616
173379.230220248 -0.336991087 0.380901906 0.346619105 0.482583973 -0.594161976 -0.393053038 0.509503252
173379.263554197 -0.332494688 0.401443672 0.349424516 0.510966851 -0.577645400 -0.376519523 0.513294962
173379.296888146 -0.329404977 0.418727766 0.353706304 0.533108514 -0.563535791 -0.365431994 0.514472722
173379.330222096 -0.326835009 0.433429660 0.358911336 0.548767568 -0.553160563 -0.354338252 0.517022196
173379.363556045 -0.325205323 0.446265050 0.364866535 0.560096597 -0.546964933 -0.343383283 0.518853626
173379.396889994 -0.324198546 0.457287928 0.370744520 0.570269095 -0.543681398 -0.329881107 0.519982837
173379.430223943 -0.323058656 0.467228800 0.375890824 0.581629364 -0.539504962 -0.315778213 0.520505330
173379.463557892 -0.321601482 0.475384328 0.379993590 0.593376477 -0.532268930 -0.301866989 0.522944035
173379.496891842 -0.320817520 0.480671308 0.382399014 0.601291276 -0.523779320 -0.292940003 0.527532159
173379.530225791 -0.319994863 0.482655037 0.383290667 0.605556786 -0.516628357 -0.287957536 0.532425185
173379.563559740 -0.318343402 0.480412431 0.383923460 0.608111282 -0.515458518 -0.283631311 0.532969477
173379.596893689 -0.315804294 0.473818326 0.384511538 0.609241873 -0.520176963 -0.280624022 0.528668540
173379.630227639 -0.312245111 0.463273019 0.384564392 0.607805758 -0.529214719 -0.280443048 0.521397774
173379.663561588 -0.307582914 0.446441576 0.384143202 0.604262250 -0.540519207 -0.284182551 0.511806992
173379.696895537 -0.303726179 0.428827486 0.383181837 0.599474295 -0.551475255 -0.290556769 0.502078059
173379.730229486 -0.300139265 0.408513275 0.382497654 0.593288221 -0.563830887 -0.297613617 0.491456969
173379.763563435 -0.297516481 0.387455187 0.382010995 0.585335349 -0.576745873 -0.304528110 0.481673497
173379.796897385 -0.296119007 0.365224035 0.381117922 0.573530084 -0.589585241 -0.315457421 0.473222044
173379.830231334 -0.295683519 0.342563247 0.380318407 0.560343261 -0.601819672 -0.327160572 0.465611933
173379.863565283 -0.295985644 0.320586267 0.379681346 0.547484824 -0.613389916 -0.337195354 0.458598377
173379.896899232 -0.297143477 0.300309118 0.378905057 0.535774164 -0.623841535 -0.346365877 0.451440432
173379.930233181 -0.298622267 0.282252248 0.377749384 0.526962566 -0.631920933 -0.354834347 0.443935777
173379.963567131 -0.300455928 0.267012280 0.376174960 0.520390358 -0.638021007 -0.361890224 0.437216806
173379.996901080 -0.302663805 0.254921387 0.374611056 0.514947639 -0.642380677 -0.366789440 0.433176064
173380.030235029 -0.305367924 0.245718150 0.372739076 0.509180070 -0.645042062 -0.371475924 0.432044016
173380.063568978 -0.308121238 0.238518251 0.370291892 0.502444412 -0.646504825 -0.376798064 0.433133171
173380.096902928 -0.311051458 0.233876876 0.367759664 0.496134768 -0.647308976 -0.381626873 0.434973920
173380.130236877 -0.313601718 0.231185515 0.364994271 0.491371550 -0.647700478 -0.386238874 0.435726546
173380.163570826 -0.315369437 0.229736309 0.361576652 0.488994359 -0.646776760 -0.391114031 0.435424108
173380.196904775 -0.316381854 0.230531640 0.358731147 0.489060672 -0.644553710 -0.395574818 0.434615620
173380.230238724 -0.316131403 0.232026947 0.355803973 0.490785204 -0.640796252 -0.399513774 0.434624886
173380.263572674 -0.315770829 0.235870249 0.352600086 0.493759898 -0.635841529 -0.403163127 0.435162275
173380.296906623 -0.314662345 0.240002129 0.349109119 0.498391574 -0.629681947 -0.406285539 0.435934106
173380.330240572 -0.312653429 0.247021726 0.348368710 0.504181953 -0.623517474 -0.407841755 0.436682517
173380.363574521 -0.310612015 0.255646012 0.348463924 0.510036836 -0.618655358 -0.408102616 0.436554955
173380.396908470 -0.308141999 0.264781079 0.349704968 0.514849602 -0.614781092 -0.408578527 0.435933118
173380.430242420 -0.305743510 0.275090030 0.351873748 0.518431184 -0.611561399 -0.409903796 0.434972000
173380.463576369 -0.302988080 0.286111760 0.354926342 0.521879155 -0.608433835 -0.410726811 0.434458171
173380.496910318 -0.299969257 0.297651239 0.358649361 0.526068559 -0.605626549 -0.410276303 0.433753052
173380.530244267 -0.297045283 0.309900780 0.362770303 0.531014674 -0.603191929 -0.409331933 0.432007270
173380.563578217 -0.294539978 0.322445299 0.366287189 0.535781636 -0.600921628 -0.410020648 0.428619065
173380.596912166 -0.292395490 0.335347235 0.369551462 0.540432109 -0.599354850 -0.411374590 0.423648258
173380.630246115 -0.290566150 0.348839597 0.372188262 0.545264334 -0.598411168 -0.412584106 0.417570635
173380.663580064 -0.288953407 0.362488262 0.374331662 0.550249113 -0.597286383 -0.413386891 0.411808413
173380.696914013 -0.287503369 0.375633029 0.375523289 0.555295778 -0.594752955 -0.414796655 0.407258218
173380.730247963 -0.286318935 0.387342295 0.376530246 0.560101298 -0.591662701 -0.415827060 0.404115875
173380.763581912 -0.285548396 0.399240029 0.377217051 0.563973462 -0.589523559 -0.415067007 0.402635428
173380.796915861 -0.285179160 0.410022084 0.377567238 0.564911532 -0.588334112 -0.413748053 0.404413752
173380.830249810 -0.285123380 0.419255935 0.377008779 0.563019304 -0.587320007 -0.414002372 0.408248096
173380.863583759 -0.284983162 0.427307398 0.375713454 0.559671353 -0.586525094 -0.414896327 0.413058505
173380.896917709 -0.284054730 0.432988975 0.374005394 0.555562408 -0.586015449 -0.415354249 0.418828309
173380.930251658 -0.282283332 0.436173358 0.371603848 0.550681417 -0.585381651 -0.416270260 0.425202740
173380.963585607 -0.279939291 0.437974090 0.367941686 0.544318852 -0.585020502 -0.418965460 0.431202902
173380.996919556 -0.276555584 0.435108679 0.364143258 0.537261377 -0.584538115 -0.422303651 0.437407169
173381.030253506 -0.272006796 0.429226229 0.360226206 0.529750094 -0.585642032 -0.425526461 0.441945109
173381.063587455 -0.266703970 0.420852317 0.356202628 0.522413016 -0.587319264 -0.428407186 0.445654582
173381.096921404 -0.260832698 0.410209919 0.352344661 0.515873280 -0.587855346 -0.431649438 0.449421420
173381.130255353 -0.254937832 0.397245855 0.349426171 0.510882946 -0.587997548 -0.433370982 0.453262718
173381.163589302 -0.249480058 0.383585657 0.347973385 0.507317642 -0.588933179 -0.432586483 0.456788195
173381.196923252 -0.244957885 0.369632928 0.348120144 0.503061877 -0.592746500 -0.429834419 0.459154338
173381.230257201 -0.242019350 0.356384155 0.349085926 0.496662532 -0.598289195 -0.427907361 0.460729486
173381.263591150 -0.240575098 0.344274658 0.350686219 0.489950639 -0.603416129 -0.427203256 0.461881721
173381.296925099 -0.239996725 0.333403857 0.353253122 0.484474894 -0.609197396 -0.425131409 0.461980405
173381.330259049 -0.240341414 0.324349909 0.355855939 0.480519132 -0.613671864 -0.423130275 0.462027032
173381.363592998 -0.241586503 0.317134362 0.358274465 0.478549063 -0.616754761 -0.422312216 0.460713307
173381.396926947 -0.243422496 0.311589521 0.360522598 0.477834867 -0.619018574 -0.421322483 0.459322555
173381.430260896 -0.245744417 0.307638946 0.362272005 0.477937032 -0.619973236 -0.420420230 0.458755067
173381.463594845 -0.248686156 0.305015794 0.363434987 0.478330222 -0.620159297 -0.420158953 0.458332957
173381.496928795 -0.252056898 0.303209430 0.363824400 0.478832575 -0.618840314 -0.421444770 0.458410664
173381.530262744 -0.255739556 0.302466157 0.363600314 0.480062801 -0.617126271 -0.422901807 0.458092713
173381.563596693 -0.258897675 0.302184029 0.363397487 0.484666002 -0.614598334 -0.422923771 0.456621548
173381.596930642 -0.261856352 0.302015367 0.363252418 0.492368099 -0.611991029 -0.421334673 0.453340632
173381.630264591 -0.264886535 0.302480439 0.362780192 0.500571909 -0.609191697 -0.420310820 0.449056851
173381.663598541 -0.267943575 0.302436796 0.362152143 0.508670208 -0.606449478 -0.420084298 0.443850011
173381.696932490 -0.271013539 0.302676048 0.361510269 0.516810980 -0.603905631 -0.418901998 0.439005144
173381.730266439 -0.274296074 0.303317704 0.360311889 0.524707026 -0.599656561 -0.418371200 0.435958811
173381.763600388 -0.277954644 0.304093984 0.358590708 0.531847971 -0.594405124 -0.418659142 0.434217465
173381.796934338 -0.282157637 0.306333522 0.356350484 0.537854947 -0.589404488 -0.419016640 0.433289118
173381.830268287 -0.286344809 0.307701500 0.354341480 0.542758902 -0.585610124 -0.418219509 0.433088904
173381.863602236 -0.290492247 0.309190709 0.352348605 0.546741833 -0.583214610 -0.416300917 0.433160055
173381.896936185 -0.294498369 0.310515596 0.350132444 0.549801186 -0.581096417 -0.414751631 0.433620449
173381.930270134 -0.298136324 0.311667430 0.347771957 0.552193897 -0.578733277 -0.413519955 0.434914866
173381.963604084 -0.301111970 0.312711952 0.345501337 0.554660160 -0.576056970 -0.411602385 0.437142941
173381.996938033 -0.303526504 0.313708617 0.343288510 0.557019066 -0.572667795 -0.409766843 0.440309540
173382.030271982 -0.305360427 0.314321886 0.341324514 0.558966860 -0.568490665 -0.408445089 0.444462622
173382.063605931 -0.306500150 0.315029746 0.339973630 0.560732988 -0.564159004 -0.406238001 0.449748619
173382.096939880 -0.307128476 0.315986082 0.339260502 0.561792565 -0.560868866 -0.403019375 0.455401595
173382.130273830 -0.307320501 0.317023305 0.338977889 0.562972654 -0.557828868 -0.398898224 0.461268850
173382.163607779 -0.307114252 0.318323332 0.338911707 0.564273026 -0.554820299 -0.395006235 0.466626684
173382.196941728 -0.307222797 0.320822334 0.338498495 0.565456878 -0.551963542 -0.391580820 0.471443771
173382.230275677 -0.306654214 0.322424750 0.338565292 0.566723726 -0.549421084 -0.387863354 0.475944019
173382.263609627 -0.306171917 0.323930244 0.338478867 0.567239881 -0.547394294 -0.384934722 0.480024651
173382.296943576 -0.305933895 0.325225172 0.338069916 0.566766230 -0.545448220 -0.383448382 0.483972745
173382.330277525 -0.305794778 0.326610381 0.337450894 0.565540551 -0.543650314 -0.382951605 0.487807636
173382.363611474 -0.305761249 0.327944936 0.336628598 0.563884296 -0.541705234 -0.383204872 0.491674655
173382.396945423 -0.305830011 0.329414239 0.335689622 0.562558222 -0.539415949 -0.384064071 0.495028758
173382.430279373 -0.306062442 0.330884055 0.334769456 0.561573745 -0.536964566 -0.385956878 0.497334166
173382.463613322 -0.306541766 0.332219005 0.333997295 0.560295788 -0.535170147 -0.388696244 0.498574742
173382.496947271 -0.307353098 0.333110213 0.333306200 0.557356821 -0.535814809 -0.392793059 0.497965338
173382.530281220 -0.308171476 0.333199457 0.332469514 0.552854217 -0.538876608 -0.399087696 0.494664762
173382.563615169 -0.308590994 0.332118319 0.331401710 0.548243813 -0.543576083 -0.408695541 0.486746050
173382.596949119 -0.308391402 0.331156912 0.330681121 0.546402779 -0.550324855 -0.417973402 0.473164657
173382.630283068 -0.306313633 0.327953989 0.331797785 0.548454473 -0.559602945 -0.424059537 0.454109837
173382.663617017 -0.303585021 0.323668342 0.334827576 0.551532291 -0.571119170 -0.427996728 0.431802995
173382.696950966 -0.301187867 0.318698107 0.339898375 0.553003870 -0.583965153 -0.431273103 0.408870309
173382.730284916 -0.299916804 0.313899585 0.347460570 0.551586180 -0.597657312 -0.433297170 0.388345189
173382.763618865 -0.300053099 0.309610607 0.358111447 0.546824089 -0.614749860 -0.430902515 0.370660286
173382.796952814 -0.302438162 0.307086680 0.371130676 0.538149254 -0.635236502 -0.424800207 0.355548521
173382.830286763 -0.304938467 0.306964331 0.386507771 0.526469334 -0.657692792 -0.414533372 0.344139964
173382.863620712 -0.303519918 0.311198835 0.403841621 0.523523991 -0.674267600 -0.397294804 0.336812519
173382.896954662 -0.301895099 0.317970041 0.420265766 0.525828846 -0.685961778 -0.383445190 0.325469275
173382.930288611 -0.302615775 0.325177500 0.436173885 0.527179023 -0.697584240 -0.373613258 0.309631457
173382.963622560 -0.306834479 0.332128653 0.454167454 0.524416479 -0.717296765 -0.357455552 0.287573009
173382.996956509 -0.313799192 0.339700421 0.472862133 0.520040123 -0.740447699 -0.335557290 0.262100707
173383.030290458 -0.319704537 0.348269698 0.491610256 0.517991864 -0.757046063 -0.315049023 0.243536035
173383.063624408 -0.324144785 0.358329018 0.510212382 0.519604708 -0.767692541 -0.296782824 0.229301254
173383.096958357 -0.327915645 0.368109826 0.527423667 0.523590786 -0.774253885 -0.281018560 0.217743382
173383.130292306 -0.330644149 0.377939541 0.542965722 0.524895489 -0.779695610 -0.268383819 0.211020395
173383.163626255 -0.331904109 0.386393906 0.556029574 0.525264921 -0.782773954 -0.257681702 0.212042071
173383.196960205 -0.331558881 0.394705207 0.564582493 0.524817223 -0.781012664 -0.256345496 0.221072585
173383.230294154 -0.327964161 0.401562477 0.568484286 0.523796614 -0.773823479 -0.265530034 0.237335481
173383.263628103 -0.322833795 0.407414740 0.568075717 0.521218756 -0.764272733 -0.279841820 0.256723109
173383.296962052 -0.317706652 0.412184438 0.563614915 0.515255235 -0.754625623 -0.297930733 0.276205521
173383.330296001 -0.312267154 0.416474822 0.555948434 0.507843638 -0.744276043 -0.316763812 0.296325324
173383.363629951 -0.305475622 0.420302680 0.545699957 0.502480143 -0.732597584 -0.332752603 0.316370340
173383.396963900 -0.299314588 0.423818436 0.532236767 0.495442212 -0.720548981 -0.350344892 0.335566143
173383.430297849 -0.294905450 0.426767341 0.515171272 0.484608427 -0.707288585 -0.375861569 0.351604338
173383.463631798 -0.291868986 0.427878745 0.494389707 0.469417541 -0.689470317 -0.411989382 0.366800495
173383.496965747 -0.290986124 0.428713805 0.469998076 0.447703090 -0.663981043 -0.459338832 0.384316218
173383.530299697 -0.293251628 0.428508950 0.443160456 0.416827511 -0.632786780 -0.514336434 0.401613931
173383.563633646 -0.298345867 0.427817397 0.415660949 0.378996724 -0.597092027 -0.567440228 0.421727616
173383.596967595 -0.305933795 0.426724747 0.390019250 0.336865328 -0.563094246 -0.609281246 0.445222399
173383.630301544 -0.314343163 0.424779645 0.368045220 0.298601463 -0.535122100 -0.636258334 0.468675620
173383.663635494 -0.321748836 0.422209485 0.350616730 0.270734648 -0.516890088 -0.647632405 0.489999648
173383.696969443 -0.328067250 0.417556783 0.336332307 0.249541852 -0.505694457 -0.650964120 0.508180769
173383.730303392 -0.335283838 0.410649534 0.324631702 0.228265879 -0.498051660 -0.653146617 0.522722421
173383.763637341 -0.343227213 0.401692460 0.315751839 0.207939423 -0.492791638 -0.655465543 0.533181507
173383.796971290 -0.351492327 0.391732480 0.309569950 0.191581806 -0.486643632 -0.667392489 0.530152482
173383.830305240 -0.358726319 0.382814393 0.309215900 0.187781078 -0.489091278 -0.672387726 0.522898398
173383.863639189 -0.361621717 0.371620812 0.312406978 0.196105425 -0.503027832 -0.670448554 0.508924748
173383.896973138 -0.360973489 0.359620255 0.319129540 0.212829927 -0.527465682 -0.662526788 0.487382428
173383.930307087 -0.358620896 0.348034744 0.329617915 0.233871496 -0.556850574 -0.650598626 0.460372664
173383.963641036 -0.356881181 0.337416674 0.343765959 0.257344315 -0.584660426 -0.639771782 0.427361856
173383.996974986 -0.355060371 0.327534333 0.362356358 0.285035493 -0.607723370 -0.626763014 0.395721111
173384.030308935 -0.353190281 0.318146569 0.385346056 0.315669820 -0.627343518 -0.611205382 0.364994050
173384.063642884 -0.351398458 0.309968556 0.412675247 0.347904216 -0.647439441 -0.589939797 0.334299060
173384.096976833 -0.350092213 0.304103308 0.443287059 0.381877782 -0.667577339 -0.560983078 0.306280659
173384.130310783 -0.349402490 0.300864702 0.476156371 0.416300238 -0.688020883 -0.521251164 0.285689691
173384.163644732 -0.349422780 0.300106015 0.509616120 0.450668870 -0.706288860 -0.475679228 0.267923287
173384.196978681 -0.350565592 0.302606550 0.542037067 0.481445750 -0.723042066 -0.427670633 0.250035977
173384.230312630 -0.351936224 0.308013071 0.572139122 0.508596784 -0.737501967 -0.379172134 0.231621788
173384.263646579 -0.353797544 0.315881393 0.599011897 0.532850853 -0.748192484 -0.334363437 0.210900613
173384.296980529 -0.355164337 0.325461422 0.622190607 0.554723610 -0.754252196 -0.294453565 0.191526601
173384.330314478 -0.355131746 0.336813146 0.641570246 0.574263197 -0.757126653 -0.255421844 0.178159182
173384.363648427 -0.354079955 0.349575334 0.656489500 0.589949514 -0.758456769 -0.217423720 0.171551235
173384.396982376 -0.351410785 0.362715501 0.666782176 0.604697357 -0.754335176 -0.190775055 0.170071832
173384.430316325 -0.347982503 0.375022148 0.674760122 0.619398138 -0.746107492 -0.176783157 0.168574236
173384.463650275 -0.343099926 0.387988763 0.680617436 0.632162545 -0.737292987 -0.165325603 0.171572178
173384.496984224 -0.337926968 0.400058577 0.684380315 0.641988815 -0.729384933 -0.156624295 0.176965566
173384.530318173 -0.332322751 0.412878415 0.684515461 0.652080323 -0.718476662 -0.156475050 0.184656704
173384.563652122 -0.326289200 0.425698833 0.682908577 0.660803947 -0.707497077 -0.159203165 0.193495173
173384.596986072 -0.318614554 0.438342012 0.678143367 0.668276790 -0.695486988 -0.168990433 0.202845300
173384.630320021 -0.309602610 0.450673755 0.669142779 0.670899238 -0.682316405 -0.189129934 0.220382406
173384.663653970 -0.299292733 0.461987521 0.655398541 0.667314309 -0.666576555 -0.218702006 0.250073474
173384.696987919 -0.289038188 0.472442068 0.637175915 0.657849205 -0.647544426 -0.256427685 0.286645222
173384.730321868 -0.280169980 0.482006354 0.615039954 0.642005601 -0.625600160 -0.298043738 0.328059718
173384.763655818 -0.272498237 0.490783349 0.590175421 0.620847631 -0.598713724 -0.338517657 0.376159398
173384.796989767 -0.266139171 0.500047150 0.564110669 0.599982822 -0.563853187 -0.376014161 0.425092399
173384.830323716 -0.262209303 0.509782858 0.538454342 0.579998491 -0.525297101 -0.408528383 0.469860900
173384.863657665 -0.259877536 0.519822689 0.515277929 0.559768005 -0.487292711 -0.433524273 0.511138239
173384.896991614 -0.256913703 0.528582155 0.495448854 0.543605662 -0.454761147 -0.449637367 0.543609623
173384.930325564 -0.254249896 0.537094134 0.479715845 0.532970168 -0.427155023 -0.459680012 0.567605208
173384.963659513 -0.251699966 0.544163314 0.468862484 0.525514360 -0.408903877 -0.466840959 0.581972333
173384.996993462 -0.247606463 0.548869251 0.462948742 0.522910798 -0.403693987 -0.471139548 0.584485234
173385.030327411 -0.242052519 0.551676610 0.461424684 0.525582029 -0.410331513 -0.472331568 0.576449886
173385.063661361 -0.234975790 0.551501521 0.463001288 0.531461283 -0.426797718 -0.470420924 0.560443366
173385.096995310 -0.227430927 0.547728251 0.466714467 0.537110562 -0.449974637 -0.466947981 0.539439203
173385.130329259 -0.221364406 0.540349930 0.471289680 0.539632438 -0.476828153 -0.464382037 0.515539590
173385.163663208 -0.217368531 0.530251035 0.476237828 0.538100628 -0.504547166 -0.464696418 0.489833758
173385.196997157 -0.215528098 0.517285371 0.480397844 0.532232627 -0.530972477 -0.469361755 0.463137347
173385.230331107 -0.215809454 0.501445734 0.483836431 0.520830352 -0.557632217 -0.476885617 0.436305125
173385.263665056 -0.218946073 0.483357304 0.486759001 0.504071463 -0.583766430 -0.485591427 0.411496878
173385.296999005 -0.224179257 0.463813918 0.489214187 0.482649509 -0.607571955 -0.496920871 0.388555555
173385.330332954 -0.231057832 0.444065928 0.491688747 0.459658491 -0.629463007 -0.506003278 0.369392850
173385.363666903 -0.239554240 0.424233107 0.494621890 0.435767872 -0.650206223 -0.513208606 0.352072657
173385.397000853 -0.248442066 0.405009139 0.497973482 0.414520792 -0.669121549 -0.517308450 0.335917896
173385.430334802 -0.257380249 0.386177593 0.501843040 0.395710096 -0.687765753 -0.517434155 0.320396136
173385.463668751 -0.266675397 0.368550815 0.505397163 0.376643668 -0.704495537 -0.517793361 0.306130072
173385.497002700 -0.276189334 0.351807362 0.508434006 0.356821755 -0.719005035 -0.519596603 0.292795774
173385.530336650 -0.285586274 0.335735720 0.510814194 0.337330186 -0.730745130 -0.523032757 0.280457905
173385.563670599 -0.295204176 0.320488405 0.512527409 0.317246655 -0.739977249 -0.528881230 0.268463920
173385.597004548 -0.304282456 0.305594417 0.513324518 0.296825957 -0.747271849 -0.536259766 0.256718910
173385.630338497 -0.313947659 0.292089911 0.513714092 0.276776100 -0.753148757 -0.544429851 0.244454654
173385.663672446 -0.326063601 0.280905714 0.514014948 0.256173326 -0.758027903 -0.553688535 0.230646768
173385.697006396 -0.335715355 0.269832954 0.513597138 0.237889640 -0.761944025 -0.562290887 0.216052724
173385.730340345 -0.344443150 0.259573502 0.513037644 0.222410016 -0.765667076 -0.569084386 0.201073804
173385.763674294 -0.353519789 0.250068187 0.512563680 0.206804837 -0.769099870 -0.575433397 0.185993425
173385.797008243 -0.362992610 0.241021464 0.511814883 0.189724624 -0.771269739 -0.582685658 0.172119088
173385.830342192 -0.374622681 0.233231483 0.511216876 0.170773514 -0.771770650 -0.591257774 0.160064722
173385.863676142 -0.384984987 0.225242580 0.510404585 0.149957367 -0.771222826 -0.600258930 0.149724270
173385.897010091 -0.395663865 0.218447540 0.509943055 0.129138923 -0.770511463 -0.608572020 0.138835589
173385.930344040 -0.406218005 0.212556545 0.509577856 0.108976548 -0.770755279 -0.614997095 0.125853030
173385.963677989 -0.416283750 0.208594762 0.509384413 0.089308845 -0.772311723 -0.619280100 0.109775635
173385.997011939 -0.427299683 0.206090114 0.509821457 0.069612537 -0.775845414 -0.620573480 0.090036345
173386.030345888 -0.436836745 0.204090774 0.509906127 0.049248614 -0.781097951 -0.618838678 0.067076490
173386.063679837 -0.447283021 0.204093603 0.509751311 0.026705800 -0.786947361 -0.615051388 0.041381656
173386.097013786 -0.459160936 0.205569192 0.509166780 0.001558444 -0.791190735 -0.611419023 0.013474830
173386.130347735 -0.470088007 0.208446706 0.507412220 0.024897324 0.791962091 0.609849523 0.016116087
173386.163681685 -0.481182305 0.214112860 0.504943486 0.051617209 0.790094225 0.608969804 0.047355656
173386.197015634 -0.492630381 0.222516651 0.502248121 0.079753329 0.785529869 0.608499351 0.079440366
173386.230349583 -0.506581035 0.232513314 0.500944692 0.108406596 0.779433889 0.607161995 0.109932406
173386.263683532 -0.518364603 0.243004218 0.499249936 0.135656402 0.773011429 0.604345766 0.137174579
173386.297017481 -0.530487950 0.254464142 0.498124475 0.161329778 0.766163555 0.600706127 0.161611444
173386.330351431 -0.542273737 0.267844865 0.497262952 0.187053585 0.759337985 0.595663014 0.183309451
173386.363685380 -0.554115924 0.282129511 0.496835629 0.213440850 0.752003266 0.589910086 0.202336803
173386.397019329 -0.566706677 0.297345011 0.496963997 0.240162794 0.743728170 0.583544339 0.220604274
173386.430353278 -0.578044278 0.313046326 0.496695076 0.266931193 0.734814347 0.576353933 0.237932254
173386.463687228 -0.588704006 0.329212049 0.496488480 0.292108092 0.725622338 0.568698727 0.254414706
173386.497021177 -0.598517690 0.345836291 0.496321364 0.315625359 0.715516224 0.561154081 0.271151736
173386.530355126 -0.607383214 0.363277243 0.496282892 0.338291514 0.704684122 0.553301022 0.287814384
173386.563689075 -0.615127539 0.379978690 0.496162483 0.360245683 0.693279315 0.545255909 0.303780896
173386.597023024 -0.622296583 0.396303185 0.496004274 0.381267638 0.681763832 0.536811736 0.318851418
173386.630356974 -0.628050983 0.412961807 0.495574858 0.402128362 0.669971959 0.527453118 0.333501969
173386.663690923 -0.633400488 0.429907660 0.495077869 0.423021435 0.656891408 0.518111523 0.348004300
173386.697024872 -0.638545405 0.446625246 0.494623044 0.442676026 0.643238353 0.509139189 0.362021607
173386.730358821 -0.642184195 0.462063750 0.493343824 0.459270094 0.629289350 0.501405959 0.376374760
173386.763692770 -0.645423887 0.476269148 0.492102621 0.472290400 0.616444557 0.494703491 0.390136313
173386.797026720 -0.647915020 0.488752220 0.491034145 0.483035704 0.606117894 0.487864885 0.401603612
173386.830360669 -0.650191840 0.499797532 0.491031013 0.492937734 0.598085378 0.480829075 0.410011793
173386.863694618 -0.651611928 0.509133415 0.491737894 0.502694433 0.591201250 0.474181986 0.415849532
173386.897028567 -0.652334383 0.517035103 0.492956528 0.511455833 0.584917234 0.468952356 0.419962437
173386.930362517 -0.652654914 0.522234459 0.493941758 0.517394594 0.580060306 0.465610101 0.423131314
173386.963696466 -0.652767921 0.524956153 0.494732140 0.520458123 0.577243055 0.463814304 0.425194179
173386.997030415 -0.652824484 0.524836911 0.495321433 0.520755181 0.577108792 0.463552839 0.425297836
173387.030364364 -0.653001374 0.522031713 0.495947591 0.518241708 0.579576076 0.465058686 0.423364527
173387.063698313 -0.652684937 0.516514080 0.496365611 0.513139564 0.583879294 0.468700567 0.419633813
173387.097032263 -0.652357440 0.508072471 0.496916540 0.505280848 0.590755443 0.473591409 0.414017449
173387.130366212 -0.651561149 0.497396175 0.497311361 0.494839223 0.599904041 0.479518710 0.406584668
173387.163700161 -0.650790703 0.484291266 0.497580500 0.481371226 0.610796994 0.486488941 0.398167409
173387.197034110 -0.650462019 0.468799443 0.497985876 0.465315687 0.623093375 0.494417283 0.388313673
173387.230368059 -0.649643816 0.451959502 0.498254094 0.447251709 0.635845201 0.503434516 0.377121304
173387.263702009 -0.648406799 0.433748977 0.498737840 0.426739547 0.649175613 0.513690850 0.364123733
173387.297035958 -0.646350722 0.414670889 0.499429997 0.404392153 0.662961346 0.524636901 0.348862956
173387.330369907 -0.643528013 0.395186745 0.500415056 0.380835537 0.676963308 0.535305207 0.331863389
173387.363703856 -0.639787179 0.375579113 0.501732231 0.356021932 0.691393365 0.544875012 0.313583832
173387.397037806 -0.634858025 0.356299729 0.503173817 0.329700171 0.705907731 0.553363690 0.294585640
173387.430371755 -0.628932149 0.337508663 0.504959531 0.302251779 0.720341241 0.560659921 0.274613931
173387.463705704 -0.621645125 0.319403265 0.507121243 0.273375005 0.734561495 0.567173404 0.252981908
173387.497039653 -0.612976057 0.301411360 0.509892438 0.242413247 0.747486257 0.574598568 0.228771935
173387.530373602 -0.602009661 0.284670313 0.513152413 0.210804120 0.758698959 0.582627548 0.201203014
173387.563707552 -0.588936477 0.270167192 0.516623153 0.181114634 0.767580297 0.590079385 0.172697124
173387.597041501 -0.574153014 0.257231633 0.519642806 0.152902384 0.774264774 0.596805129 0.144770713
173387.630375450 -0.557858944 0.246018620 0.522125911 0.126147171 0.779267738 0.602473324 0.117705465
173387.663709399 -0.540214987 0.236935441 0.523879654 0.100283245 0.782745540 0.607216145 0.092418847
173387.697043348 -0.521058961 0.229891323 0.524806494 0.074603053 0.785417046 0.610538786 0.069259212
173387.730377298 -0.500956088 0.224597828 0.525133410 0.049289188 0.787657166 0.612215751 0.048565835
173387.763711247 -0.480158474 0.220788241 0.524773842 0.024647757 0.789228773 0.612843895 0.030541645
173387.797045196 -0.458901645 0.217995676 0.523874623 0.000865936 0.790475077 0.612324341 0.014398029
173387.830379145 -0.437621962 0.216391289 0.522617682 0.021760912 -0.791493533 -0.610789240 0.000976579
173387.863713095 -0.416179984 0.215385997 0.520948088 0.044795356 -0.791270693 -0.609590208 0.016847670
173387.897047044 -0.394983883 0.215184962 0.518796851 0.068225025 -0.789561669 -0.608933919 0.033722374
173387.930380993 -0.374250950 0.215884460 0.516467259 0.091859029 -0.785430555 -0.609863840 0.052219335
173387.963714942 -0.353570526 0.217743926 0.513925723 0.117778835 -0.778526794 -0.611966205 0.074307070
173387.997048891 -0.332858262 0.221383845 0.511526919 0.145608159 -0.769117677 -0.614223480 0.099928873
173388.030382841 -0.312590187 0.226610180 0.509758797 0.172915241 -0.758826657 -0.615115642 0.126155345
173388.063716790 -0.292770860 0.233099974 0.508732242 0.198935241 -0.748687879 -0.614088153 0.150953534
173388.097050739 -0.273180745 0.240566133 0.508348049 0.225500543 -0.738598300 -0.611079732 0.173791878
173388.130384688 -0.254031694 0.248852574 0.508832855 0.253249483 -0.729673693 -0.604563212 0.194793028
173388.163718637 -0.235783765 0.258260643 0.510044011 0.282201977 -0.721759961 -0.594505648 0.214447285
173388.197052587 -0.219050122 0.269015508 0.511312136 0.312116926 -0.713257529 -0.582499234 0.233540927
173388.230386536 -0.204383944 0.280945243 0.512113552 0.342076103 -0.702821197 -0.570068849 0.253076691
173388.263720485 -0.191849817 0.294041792 0.512290013 0.370909483 -0.690073783 -0.557975895 0.273655314
173388.297054434 -0.181478143 0.307974824 0.511724126 0.397904435 -0.674876912 -0.546718558 0.295486094
173388.330388384 -0.173859851 0.322307861 0.510812725 0.422723291 -0.658063499 -0.535887655 0.317933755
173388.363722333 -0.168395789 0.337013521 0.510072276 0.446038590 -0.640824865 -0.524304641 0.339849543
173388.397056282 -0.164493224 0.352099587 0.509766288 0.468597800 -0.623639009 -0.511536895 0.360306110
173388.430390231 -0.162558860 0.367372205 0.509976794 0.489333572 -0.607012337 -0.498530997 0.378887217
173388.463724180 -0.162064400 0.382561698 0.510664976 0.507493670 -0.591677515 -0.486062097 0.395109519
173388.497058130 -0.162977595 0.397296860 0.511845021 0.522656458 -0.577955328 -0.474548967 0.409391186
173388.530392079 -0.165517638 0.411181094 0.513343448 0.535034795 -0.565524716 -0.464581333 0.421999702
173388.563726028 -0.168693146 0.424292549 0.514838141 0.545819040 -0.553956577 -0.456476338 0.432253444
173388.597059977 -0.171920537 0.436339381 0.516041633 0.555214553 -0.543799599 -0.450269933 0.439631418
173388.630393926 -0.175141939 0.446901111 0.516824039 0.562841034 -0.535945594 -0.445882311 0.444028439
173388.663727876 -0.177702343 0.456085895 0.517122273 0.568624216 -0.530347109 -0.442778746 0.446481162
173388.697061825 -0.180422062 0.463504418 0.516861931 0.572025816 -0.526739613 -0.441107154 0.448058393
173388.730395774 -0.183065811 0.469623347 0.516226965 0.572926495 -0.525815397 -0.440025755 0.449055380
173388.763729723 -0.185718943 0.474594791 0.515485525 0.572094884 -0.527612123 -0.439062081 0.448951422
173388.797063673 -0.188449068 0.478746737 0.514825297 0.569529390 -0.531117096 -0.438994643 0.448145744
173388.830397622 -0.191500354 0.482145352 0.514476651 0.565777549 -0.536291436 -0.439619482 0.446118786
173388.863731571 -0.194929475 0.485018530 0.514377047 0.560807811 -0.541739908 -0.441847934 0.443602159
173388.897065520 -0.198403127 0.487714140 0.514667912 0.556010845 -0.546104851 -0.445733606 0.440389583
173388.930399469 -0.201208121 0.490185873 0.516054676 0.552211661 -0.551334838 -0.448216293 0.436112752
173388.963733419 -0.203484328 0.492146751 0.518390740 0.548971227 -0.557513777 -0.448907250 0.431614713
173388.997067368 -0.204826800 0.493681364 0.520941018 0.547095317 -0.563550774 -0.447544706 0.427552307
173389.030401317 -0.205338738 0.494819679 0.522896592 0.546809746 -0.569218845 -0.444670117 0.423388114
173389.063735266 -0.205032697 0.495313431 0.522898995 0.547351800 -0.574849366 -0.441338922 0.418538133
173389.097069215 -0.203438330 0.495322615 0.519891880 0.549173914 -0.580290378 -0.437880516 0.412227781
173389.130403165 -0.200506744 0.495257662 0.513107482 0.552688714 -0.583764707 -0.434812582 0.405822586
173389.163737114 -0.196413047 0.495133562 0.501916347 0.557116393 -0.583878651 -0.433588568 0.400884022
173389.197071063 -0.191540205 0.494384038 0.486452048 0.559866778 -0.582886186 -0.433837485 0.398218435
173389.230405012 -0.186592111 0.492776628 0.466520179 0.559204787 -0.583141757 -0.437021649 0.395281894
173389.263738962 -0.182245902 0.491224048 0.442130319 0.557924041 -0.580536729 -0.443714450 0.393465829
173389.297072911 -0.178360663 0.489288780 0.413956946 0.553051186 -0.575004843 -0.454933241 0.395650810
173389.330406860 -0.175603891 0.487055398 0.382680155 0.545426303 -0.567207693 -0.468091004 0.402090031
173389.363740809 -0.173830478 0.485044056 0.348925566 0.538551401 -0.557689435 -0.480706354 0.409714881
173389.397074758 -0.172476965 0.483164064 0.313572150 0.532486243 -0.547981921 -0.492013362 0.417249406
173389.430408708 -0.171276263 0.481033960 0.277722519 0.527862098 -0.541758850 -0.498056833 0.424026349
173389.463742657 -0.170202299 0.478846168 0.241978403 0.526833033 -0.540043427 -0.498243091 0.427263238
173389.497076606 -0.170260606 0.476757489 0.206100171 0.528080302 -0.541137558 -0.495572604 0.427444888
173389.530410555 -0.171601191 0.474787004 0.168863057 0.528992182 -0.541786190 -0.493864388 0.427472761
173389.563744504 -0.174677604 0.472591888 0.130076575 0.525536228 -0.539496977 -0.495987011 0.432147625
173389.597078454 -0.179246354 0.471011683 0.089715269 0.517374823 -0.530812775 -0.506621847 0.440335547
173389.630412403 -0.184913078 0.469782651 0.049209885 0.506358491 -0.518792457 -0.522128254 0.449263343
173389.663746352 -0.190380067 0.469076622 0.010268912 0.499107935 -0.506866295 -0.537489991 0.452860174
173389.697080301 -0.194795221 0.468615587 -0.026355796 0.496067234 -0.497165565 -0.550796900 0.450961723
173389.730414251 -0.199008420 0.467560604 -0.060394590 0.492356478 -0.491261037 -0.561512206 0.448276404
173389.763748200 -0.202882293 0.466222298 -0.091814328 0.486469905 -0.486889451 -0.571991541 0.446218972
173389.797082149 -0.206397603 0.464755438 -0.120334001 0.478719569 -0.484051183 -0.581993331 0.444753628
173389.830416098 -0.209217312 0.463389489 -0.145837301 0.471393039 -0.482331116 -0.589568618 0.444470631
173389.863750047 -0.210814366 0.461496460 -0.168050237 0.465704235 -0.483533547 -0.592677412 0.445026246
173389.897083997 -0.211499619 0.459440906 -0.187174921 0.461491084 -0.486368741 -0.592433342 0.446647694
173389.930417946 -0.212534298 0.457642652 -0.203806831 0.457013243 -0.486920144 -0.592593155 0.450423158
173389.963751895 -0.214380771 0.455905235 -0.217444078 0.451227842 -0.484182312 -0.595124380 0.455837576
173389.997085844 -0.216331003 0.454590338 -0.226362593 0.444296980 -0.479283395 -0.599578897 0.461944550
173390.030419793 -0.218079113 0.453622209 -0.228802243 0.439626379 -0.474653424 -0.603085837 0.466605023
173390.063753743 -0.219078261 0.452343997 -0.223565668 0.438716409 -0.473309464 -0.602253395 0.469890319
173390.097087692 -0.218782656 0.451484879 -0.211366407 0.441670207 -0.474301836 -0.598322438 0.471142714
173390.130421641 -0.217169090 0.451056920 -0.193381709 0.445458553 -0.475852384 -0.593507509 0.472101709
173390.163755590 -0.214048848 0.450797331 -0.170842537 0.448262800 -0.477740484 -0.589205469 0.472928544
173390.197089540 -0.209880805 0.450241476 -0.144096359 0.450284083 -0.480868003 -0.585477983 0.472467713
173390.230423489 -0.204762354 0.449318336 -0.112949741 0.452491802 -0.485659620 -0.581997565 0.469749654
173390.263757438 -0.198321709 0.448009734 -0.076938942 0.455666787 -0.492563425 -0.578316368 0.464003481
173390.297091387 -0.191124418 0.446223610 -0.036572207 0.459561160 -0.500727024 -0.575391689 0.454972958
173390.330425336 -0.184179622 0.443927527 0.008062196 0.464287419 -0.510639853 -0.570561306 0.445133608
173390.363759286 -0.176801583 0.441318399 0.056473349 0.471867357 -0.522305232 -0.562345433 0.433942457
173390.397093235 -0.171308587 0.438385707 0.107050628 0.481315018 -0.534742378 -0.551365704 0.422353291
173390.430427184 -0.167592202 0.435353564 0.158680724 0.491646763 -0.546787554 -0.537822072 0.412376345
173390.463761133 -0.165174301 0.432613869 0.209453829 0.504239270 -0.557682947 -0.522536650 0.402104388
173390.497095082 -0.165781768 0.430033212 0.257939769 0.513816799 -0.566838076 -0.508962214 0.394517880
173390.530429032 -0.169218410 0.427327551 0.303407552 0.517983252 -0.573415584 -0.500204793 0.390746829
173390.563762981 -0.175377120 0.424733134 0.345623192 0.520893872 -0.577179709 -0.494899977 0.388081397
173390.597096930 -0.183345614 0.422942256 0.385102618 0.526005849 -0.581490646 -0.487860387 0.383638786
173390.630430879 -0.193521062 0.421049026 0.421408124 0.530407306 -0.588503189 -0.479574738 0.377279944
173390.663764829 -0.205932525 0.419257624 0.454363159 0.533273271 -0.597434143 -0.470179105 0.370976646
173390.697098778 -0.219866236 0.417429325 0.483107380 0.535725998 -0.608183415 -0.457609585 0.365655653
173390.730432727 -0.234719035 0.416364489 0.506403088 0.538151604 -0.617150714 -0.445646249 0.361824913
173390.763766676 -0.249368035 0.415950453 0.524407774 0.540957172 -0.623640833 -0.435592902 0.358742628
173390.797100625 -0.262746338 0.415696457 0.537498694 0.543334820 -0.628474792 -0.426781971 0.357300796
173390.830434575 -0.274087104 0.415965449 0.545839896 0.544673344 -0.631678195 -0.420981204 0.356494645
173390.863768524 -0.284031938 0.416522224 0.550181265 0.544286552 -0.633440552 -0.419106218 0.356167369
173390.897102473 -0.291584983 0.417044888 0.551103294 0.542721187 -0.632710810 -0.421750317 0.356731570
173390.930436422 -0.297445235 0.417970646 0.549337263 0.540655280 -0.628744787 -0.428415875 0.358931330
173390.963770371 -0.301298074 0.419035512 0.546047705 0.538910841 -0.623283173 -0.437353794 0.360298279
173390.997104321 -0.302150162 0.419542617 0.542360787 0.538510379 -0.618593962 -0.444999138 0.359616253
173391.030438270 -0.299314077 0.419448867 0.538547005 0.538683683 -0.616541222 -0.449961023 0.356695793
173391.063772219 -0.294128854 0.418485379 0.534523140 0.536314301 -0.616701724 -0.454667972 0.354009872
173391.097106168 -0.287433704 0.416955797 0.530630629 0.530898480 -0.617520752 -0.459920727 0.353960237
173391.130440118 -0.279374185 0.415365335 0.527757519 0.525595510 -0.618354035 -0.464220060 0.354806122
173391.163774067 -0.270922892 0.414357006 0.526230617 0.524086295 -0.616301252 -0.467253024 0.356624359
173391.197108016 -0.261963671 0.413998612 0.526236547 0.526875970 -0.611509799 -0.469280413 0.358096875
173391.230441965 -0.254367669 0.413494554 0.528525271 0.529947291 -0.609175677 -0.468387339 0.358711813
173391.263775914 -0.248662982 0.412660878 0.532985194 0.531558000 -0.608166984 -0.465964816 0.361186659
173391.297109864 -0.244980990 0.411840530 0.539040885 0.530913873 -0.607834174 -0.464883556 0.364076031
173391.330443813 -0.243953755 0.411247740 0.546337950 0.528208616 -0.605820183 -0.466975515 0.368661678
173391.363777762 -0.245028138 0.411403324 0.555857130 0.524912257 -0.600754933 -0.472818472 0.374170182
173391.397111711 -0.246292947 0.411815834 0.568316001 0.521639819 -0.594524126 -0.480566691 0.378798916
173391.430445660 -0.246829749 0.412122865 0.584545642 0.518055618 -0.589313001 -0.488030158 0.382302405
173391.463779610 -0.247116774 0.411534020 0.605121693 0.511667017 -0.586951330 -0.495305167 0.385172418
173391.497113559 -0.246959436 0.410350473 0.629227693 0.502540576 -0.585925452 -0.503798831 0.387725512
173391.530447508 -0.245549686 0.409087045 0.655374807 0.495137265 -0.583578385 -0.513033879 0.388679298
173391.563781457 -0.243277812 0.407444043 0.682774488 0.487350327 -0.581763673 -0.522051296 0.389234034
173391.597115407 -0.239850256 0.406048972 0.710963272 0.482130065 -0.578780170 -0.528816376 0.391046487
173391.630449356 -0.234925104 0.404975041 0.739128576 0.481382922 -0.575071217 -0.532400974 0.392572007
173391.663783305 -0.229918614 0.403271835 0.767096988 0.480276566 -0.575348489 -0.532213497 0.393773196
173391.697117254 -0.225240395 0.400556391 0.793648146 0.475391285 -0.577671736 -0.529224520 0.400274779
173391.730451203 -0.225167943 0.393117499 0.812076016 0.439721405 -0.580394024 -0.532673183 0.431331824
173391.763785153 -0.227039214 0.385577573 0.822872556 0.404201739 -0.570128344 -0.546998204 0.460833582
173391.797119102 -0.227132051 0.377507289 0.829499797 0.377859861 -0.559131120 -0.557088021 0.483990964
173391.830453051 -0.223773962 0.369018677 0.833729325 0.366245193 -0.557941069 -0.553987541 0.497658544
173391.863787000 -0.217185644 0.361184512 0.835492847 0.371900242 -0.563173871 -0.539236171 0.503735797
173391.897120949 -0.211249000 0.354830458 0.832913595 0.381393548 -0.572795743 -0.519958962 0.506050073
173391.930454899 -0.208697656 0.350363809 0.823232507 0.393497072 -0.574598485 -0.509792053 0.505082862
173391.963788848 -0.209498682 0.347388974 0.807103515 0.400986403 -0.569521631 -0.512420167 0.502275411
173391.997122797 -0.213677225 0.344334550 0.786275052 0.402298727 -0.561012385 -0.523860019 0.498990499
173392.030456746 -0.219842275 0.340917261 0.763695886 0.399366902 -0.558644021 -0.532481134 0.494860361
173392.063790696 -0.227121013 0.337018455 0.740148862 0.397621994 -0.563798786 -0.533241242 0.489572728
173392.097124645 -0.234823024 0.333633235 0.714638594 0.400416935 -0.572429570 -0.527854125 0.483074206
173392.130458594 -0.243464405 0.331170132 0.686691305 0.404916609 -0.581557959 -0.519519410 0.477422730
173392.163792543 -0.252604778 0.329378086 0.655283044 0.409093088 -0.588169350 -0.513146733 0.472631030
173392.197126492 -0.261309527 0.328215394 0.619833820 0.411002514 -0.591011083 -0.510981004 0.469767227
173392.230460442 -0.269623525 0.326862661 0.581272680 0.406886751 -0.590385379 -0.515498702 0.469200773
173392.263794391 -0.276786972 0.325317827 0.540977196 0.401287296 -0.584986448 -0.525049001 0.470194544
173392.297128340 -0.281927373 0.324259426 0.500224829 0.397510576 -0.575530467 -0.539796832 0.468368876
173392.330462289 -0.286094686 0.323474166 0.461839896 0.394237065 -0.565736379 -0.555296491 0.464935795
173392.363796238 -0.289704970 0.323071185 0.428240923 0.391775377 -0.558017744 -0.568659821 0.460167642
173392.397130188 -0.292544818 0.323070802 0.400741293 0.392097867 -0.551318171 -0.579750558 0.454089008
173392.430464137 -0.294709299 0.322862347 0.380261473 0.391589239 -0.547999483 -0.587377241 0.448711946
173392.463798086 -0.296421742 0.322713084 0.365982106 0.390676651 -0.544682244 -0.593957937 0.444867370
173392.497132035 -0.296824297 0.323189869 0.357111050 0.392186544 -0.538627762 -0.600714753 0.441827607
173392.530465985 -0.294692254 0.323886368 0.353762581 0.399711789 -0.533778588 -0.602390142 0.438676443
173392.563799934 -0.290398145 0.325399499 0.354819767 0.414209303 -0.531691280 -0.597734375 0.434106729
173392.597133883 -0.285518186 0.327776655 0.358830075 0.428723777 -0.533622530 -0.588585702 0.430127644
173392.630467832 -0.280267886 0.331349897 0.364222808 0.441990581 -0.538859813 -0.575557685 0.427794085
173392.663801781 -0.274964164 0.336744814 0.369043261 0.456041527 -0.544175663 -0.559715958 0.427337126
173392.697135731 -0.269758543 0.345270615 0.371939941 0.474294144 -0.543587649 -0.544115744 0.428363853
173392.730469680 -0.264534291 0.357195523 0.372442442 0.497406320 -0.534603333 -0.529913995 0.431250956
173392.763803629 -0.259831113 0.371934888 0.370871146 0.523019256 -0.518429581 -0.517152254 0.436159573
173392.797137578 -0.255695287 0.388694459 0.367965616 0.548847866 -0.496763751 -0.505303447 0.443463890
173392.830471527 -0.252188077 0.407146581 0.364456846 0.575330154 -0.470322531 -0.492444989 0.453089244
173392.863805477 -0.249565385 0.427018987 0.360681848 0.601282228 -0.439637905 -0.478844674 0.464635312
173392.897139426 -0.248048572 0.447619291 0.357012107 0.624494317 -0.405907064 -0.465122881 0.478442273
173392.930473375 -0.247739585 0.468590991 0.353903300 0.646290630 -0.369519634 -0.451402640 0.491934263
173392.963807324 -0.247986602 0.488750824 0.352113984 0.664354787 -0.337383339 -0.435821494 0.504841386
173392.997141274 -0.248562203 0.507384662 0.352070506 0.678454938 -0.312632415 -0.418069527 0.516892388
173393.030475223 -0.249387830 0.525097466 0.353254305 0.690555058 -0.291378055 -0.400169595 0.527348875
173393.063809172 -0.250822490 0.542218759 0.354994234 0.700908132 -0.273098661 -0.382339131 0.536620630
173393.097143121 -0.252977692 0.558726073 0.356999318 0.710380676 -0.257109008 -0.363624276 0.545006091
173393.130477070 -0.256298001 0.574902907 0.358854549 0.719720614 -0.239409073 -0.343192891 0.553989326
173393.163811020 -0.261129431 0.590772115 0.360034719 0.728001219 -0.219437376 -0.321361494 0.564436225
173393.197144969 -0.267648336 0.606289957 0.360389508 0.735333841 -0.195991107 -0.298095509 0.576203693
173393.230478918 -0.275347615 0.621121214 0.360020948 0.740677726 -0.170299154 -0.274045901 0.589316170
173393.263812867 -0.284274483 0.635088197 0.359328775 0.744805110 -0.144009933 -0.249395109 0.601937345
173393.297146816 -0.293770638 0.648085139 0.358339702 0.747534304 -0.117604794 -0.224930100 0.613814326
173393.330480766 -0.304022340 0.659711402 0.357156230 0.749165904 -0.091096441 -0.200453402 0.624716192
173393.363814715 -0.314764921 0.670013655 0.355896167 0.749519514 -0.065834828 -0.178872744 0.633948590
173393.397148664 -0.324930670 0.679276945 0.355135283 0.749056563 -0.044163009 -0.158758579 0.641684975
173393.430482613 -0.334220173 0.687355231 0.354658039 0.747729900 -0.025183662 -0.142119338 0.648126433
173393.463816563 -0.342509727 0.694343266 0.354480325 0.746866430 -0.010693516 -0.127895772 0.652471345
173393.497150512 -0.349986145 0.699451202 0.354543634 0.746192774 -0.000608840 -0.116236115 0.655503729
173393.530484461 -0.355188077 0.704260238 0.354773997 0.745738495 0.004358798 -0.107392576 0.657511926
173393.563818410 -0.358895248 0.707828682 0.355326521 0.745589463 0.004192663 -0.101842860 0.658564201
173393.597152359 -0.360918939 0.709130300 0.356689732 0.745814169 -0.003201804 -0.100251233 0.658559537
173393.630486309 -0.360180811 0.709337066 0.359162639 0.747135318 -0.017956660 -0.102722208 0.656440800
173393.663820258 -0.356557135 0.707326490 0.362785362 0.749405577 -0.039901210 -0.108546380 0.651933170
173393.697154207 -0.349341056 0.702430363 0.367502820 0.750747269 -0.071613398 -0.117039085 0.646182568
173393.730488156 -0.339848845 0.693683464 0.372784415 0.749224767 -0.112722673 -0.129310312 0.639714538
173393.763822105 -0.329539589 0.680781291 0.377847556 0.745278931 -0.155916583 -0.146108320 0.631586648
173393.797156055 -0.318195083 0.664334308 0.382255440 0.738266035 -0.199291622 -0.167410774 0.622269832
173393.830490004 -0.306816556 0.643692664 0.385411966 0.728029502 -0.241592619 -0.191676838 0.612263049
173393.863823953 -0.295667453 0.619196517 0.387466846 0.714946592 -0.281394884 -0.217143876 0.602093702
173393.897157902 -0.285706135 0.592028683 0.388433418 0.700469992 -0.317432299 -0.244855736 0.590444066
173393.930491852 -0.276664138 0.563156519 0.388722365 0.685379807 -0.349531445 -0.274400095 0.576876830
173393.963825801 -0.269772702 0.532778339 0.389293412 0.670086599 -0.379557010 -0.301936336 0.561920702
173393.997159750 -0.264936085 0.503126893 0.390521848 0.656373815 -0.407195299 -0.327145431 0.544372364
173394.030493699 -0.261848656 0.475248389 0.391910347 0.644467667 -0.431784908 -0.350292826 0.524898233
173394.063827648 -0.260496075 0.449412683 0.393492622 0.632819839 -0.454817141 -0.370710305 0.505226969
173394.097161598 -0.261511051 0.426039019 0.394424737 0.619973103 -0.475064442 -0.390403197 0.487373030
173394.130495547 -0.264180483 0.406011309 0.394772605 0.605690758 -0.491521304 -0.409018767 0.473549534
173394.163829496 -0.268025959 0.389731803 0.394593912 0.592487837 -0.503553741 -0.425562983 0.462912455
173394.197163445 -0.271316956 0.377300219 0.394188159 0.580670844 -0.512905612 -0.436176043 0.457711331
173394.230497394 -0.273478979 0.368256857 0.394310319 0.570295671 -0.522287215 -0.438993495 0.457453412
173394.263831344 -0.275875600 0.361041932 0.394031691 0.560531495 -0.532569152 -0.442240144 0.454530743
173394.297165293 -0.280485876 0.355137285 0.391309382 0.552059578 -0.542328957 -0.451867841 0.443762299
173394.330499242 -0.285786935 0.350956826 0.385693253 0.549428947 -0.547638803 -0.466984989 0.424434440
173394.363833191 -0.292249688 0.347414267 0.378215554 0.549698767 -0.551516519 -0.482771312 0.400740134
173394.397167141 -0.298868567 0.345915999 0.369567917 0.549566928 -0.554048039 -0.499164847 0.376618397
173394.430501090 -0.305450813 0.344673656 0.361239924 0.551016888 -0.555148683 -0.513053081 0.353506526
173394.463835039 -0.312359777 0.344606659 0.355250143 0.543724257 -0.558774329 -0.521522953 0.346625145
173394.497168988 -0.319961481 0.344404637 0.350174847 0.532474336 -0.561368670 -0.528449644 0.349395581
173394.530502937 -0.329235869 0.342816407 0.344897443 0.522996523 -0.562434597 -0.537190808 0.348666024
173394.563836887 -0.338254171 0.343189521 0.338545287 0.517895864 -0.560732772 -0.550561404 0.338001142
173394.597170836 -0.344311995 0.345045432 0.334795496 0.516915757 -0.557744855 -0.557747639 0.332620427
173394.630504785 -0.346904675 0.347498232 0.333076998 0.518395465 -0.555771540 -0.558353839 0.332603559
173394.663838734 -0.349014072 0.349638652 0.333098947 0.516641135 -0.556684474 -0.559336960 0.332154332
173394.697172683 -0.350593273 0.350777250 0.335406853 0.513930656 -0.561528170 -0.557029168 0.332084178
173394.730506633 -0.351273340 0.351242611 0.339381219 0.514872444 -0.566724441 -0.551452260 0.331104483
173394.763840582 -0.350757233 0.351600686 0.344279844 0.520223204 -0.570438180 -0.544465470 0.327910740
173394.797174531 -0.349486712 0.351277614 0.350381431 0.527178576 -0.574982964 -0.535262059 0.323993624
173394.830508480 -0.347191156 0.350545003 0.357807121 0.533701999 -0.582171536 -0.524334126 0.318295779
173394.863842430 -0.343755733 0.349572809 0.365607258 0.537306652 -0.591336226 -0.514848602 0.310731310
173394.897176379 -0.340028571 0.347195272 0.372616173 0.535338043 -0.602994028 -0.507489039 0.303753613
173394.930510328 -0.336663537 0.344194203 0.378029078 0.530829649 -0.613157698 -0.500866449 0.302308322
173394.963844277 -0.333423305 0.341775402 0.381878237 0.528224004 -0.620832826 -0.493253339 0.303722155
173394.997178226 -0.328909895 0.339244099 0.384563219 0.526602539 -0.630828879 -0.482855946 0.302646372
173395.030512176 -0.324182862 0.336163188 0.386686132 0.525623283 -0.647014186 -0.463571828 0.300323107
173395.063846125 -0.320483215 0.333116672 0.386288817 0.525725486 -0.659830130 -0.443805078 0.302115815
173395.097180074 -0.317764697 0.331159619 0.382751254 0.522668244 -0.666146905 -0.432383524 0.310017250
173395.130514023 -0.316387974 0.330985458 0.376371982 0.519807488 -0.661223798 -0.436827110 0.319006803
173395.163847972 -0.315821486 0.333063319 0.368862876 0.519603844 -0.650498571 -0.445091239 0.329783631
173395.197181922 -0.315205260 0.337927196 0.360909585 0.524188613 -0.637379608 -0.451725219 0.338995368
173395.230515871 -0.314320096 0.345435679 0.352950176 0.531674034 -0.625321145 -0.454907400 0.345478574
173395.263849820 -0.313221646 0.356026300 0.345015124 0.537748040 -0.615541154 -0.455267582 0.353082939
173395.297183769 -0.312132441 0.367629919 0.337168858 0.541188365 -0.604969443 -0.459969264 0.359938054
173395.330517719 -0.308761501 0.378432530 0.330551678 0.540695939 -0.601215348 -0.463576708 0.362332227
173395.363851668 -0.304879901 0.390908982 0.324642354 0.539861312 -0.598640207 -0.464666674 0.366421272
173395.397185617 -0.300881534 0.405907723 0.319659169 0.539127137 -0.595610001 -0.464305019 0.372842468
173395.430519566 -0.296503816 0.422849613 0.315937978 0.540493635 -0.593976315 -0.461599501 0.376808531
173395.463853515 -0.291715617 0.440948176 0.313333172 0.544885669 -0.595949978 -0.454763372 0.375677396
173395.497187465 -0.287134037 0.460073285 0.311070407 0.549298657 -0.601080980 -0.446370742 0.371114270
173395.530521414 -0.283485951 0.479727691 0.308144822 0.551851143 -0.607805411 -0.437645237 0.366741797
173395.563855363 -0.281205043 0.499634034 0.303742815 0.552346826 -0.612529060 -0.432009924 0.364813048
173395.597189312 -0.280368190 0.519506361 0.297995578 0.551432652 -0.613035564 -0.431264085 0.366224952
173395.630523261 -0.280194178 0.539044262 0.291890268 0.550493575 -0.611570666 -0.432329496 0.368821570
173395.663857211 -0.280510433 0.557238821 0.285591977 0.549122244 -0.610709632 -0.432477273 0.372104710
173395.697191160 -0.281388964 0.574109586 0.279561832 0.548571117 -0.610028731 -0.431872483 0.374727681
173395.730525109 -0.282467795 0.589594182 0.273945414 0.550406694 -0.607871544 -0.431628728 0.375820833
173395.763859058 -0.284088204 0.602873086 0.269017650 0.552040398 -0.606643766 -0.430643661 0.376537884
173395.797193008 -0.286394204 0.614190462 0.264427614 0.553984826 -0.604431002 -0.430772623 0.377092726
173395.830526957 -0.288771532 0.622904761 0.260377470 0.555852361 -0.600925166 -0.433720383 0.376568357
173395.863860906 -0.291379599 0.628731183 0.256820187 0.557971044 -0.595995448 -0.438493654 0.375740676
173395.897194855 -0.294171200 0.631664872 0.253527693 0.559648911 -0.589195870 -0.445920910 0.375227752
173395.930528804 -0.297028708 0.631399598 0.250691847 0.560504026 -0.581451900 -0.455400505 0.374645571
173395.963862754 -0.299674173 0.627830375 0.248678919 0.560926152 -0.574693991 -0.464690163 0.373030456
173395.997196703 -0.302033729 0.621001794 0.247268917 0.561710632 -0.569302690 -0.472814649 0.369894472
173396.030530652 -0.303982310 0.611030567 0.246463389 0.563136957 -0.565188655 -0.479079772 0.365952353
173396.063864601 -0.305623359 0.598327562 0.245958854 0.565125686 -0.561434908 -0.484475944 0.361534040
173396.097198550 -0.306850798 0.582773787 0.245889648 0.566775342 -0.558403886 -0.489168240 0.357302735
173396.130532500 -0.308022393 0.564702036 0.246157646 0.568114823 -0.556568150 -0.492454090 0.353505886
173396.163866449 -0.309201024 0.544207937 0.246555680 0.569107482 -0.555665512 -0.494428064 0.350561554
173396.197200398 -0.310454404 0.521469923 0.246866713 0.569251125 -0.555265600 -0.496198263 0.348454521
173396.230534347 -0.312250609 0.496841790 0.246963778 0.567904385 -0.554613110 -0.498874237 0.347869807
173396.263868297 -0.314685811 0.470482942 0.247021353 0.564614898 -0.554844779 -0.502340508 0.347866788
173396.297202246 -0.317726767 0.442715226 0.247243639 0.560231905 -0.556525877 -0.505059175 0.348330864
173396.330536195 -0.321183052 0.413834350 0.247838898 0.555300939 -0.559838966 -0.506903102 0.348239062
173396.363870144 -0.325131331 0.384267335 0.248717190 0.550105245 -0.564292518 -0.508107139 0.347541808
173396.397204093 -0.329620784 0.354070956 0.249777021 0.544264487 -0.569105826 -0.509195934 0.347295592
173396.430538043 -0.334492674 0.323565246 0.251065801 0.538080646 -0.573809538 -0.510735778 0.346930536
173396.463871992 -0.339799493 0.293108783 0.252540016 0.532069870 -0.578601751 -0.512355300 0.345852156
173396.497205941 -0.345212076 0.262938317 0.254637751 0.525587253 -0.584771283 -0.513173534 0.344170758
173396.530539890 -0.351131004 0.233202765 0.257525733 0.517805314 -0.593213518 -0.512826638 0.342029559
173396.563873840 -0.357521893 0.204678955 0.261256604 0.509136524 -0.602840439 -0.511291429 0.340506210
173396.597207789 -0.364155489 0.178128293 0.265636711 0.499722590 -0.612222138 -0.509710485 0.340083238
173396.630541738 -0.371343130 0.153764332 0.270432007 0.489687089 -0.620198136 -0.508821372 0.341557665
173396.663875687 -0.378925396 0.131975411 0.275208631 0.479603601 -0.626232062 -0.509414677 0.343962902
173396.697209636 -0.386611313 0.113211078 0.279646545 0.470668749 -0.630196429 -0.511015712 0.346679005
173396.730543586 -0.394041649 0.097338706 0.284552752 0.463396084 -0.634488046 -0.511039575 0.348608007
173396.763877535 -0.400983963 0.084284521 0.290313847 0.459973524 -0.639890668 -0.508106765 0.347551156
173396.797211484 -0.407301537 0.074018172 0.296713659 0.461095837 -0.645323990 -0.503327223 0.342942101
173396.830545433 -0.413321742 0.065705978 0.303011387 0.464878834 -0.648332491 -0.499285150 0.338034007
173396.863879382 -0.418281835 0.059087699 0.309181780 0.469089468 -0.652917361 -0.494787857 0.329907513
173396.897213332 -0.422352942 0.053707477 0.314731042 0.471827730 -0.661365812 -0.488078909 0.318987202
