# timestamp tx ty tz qx qy qz qw
173373.663450729 -0.036914515 -0.003632367 0.010979238 0.279590585 -0.346945353 -0.595544771 0.668419369
173373.696784678 -0.056430017 0.002328268 0.024759567 0.199801852 -0.286637645 -0.603985553 0.716323623
173373.730118628 -0.074725867 0.012910722 0.045095353 0.140981289 -0.238506739 -0.615858334 0.737534626
173373.763452577 -0.088844584 0.028131649 0.069492047 0.115053132 -0.218256579 -0.641826500 0.726075468
173373.796786526 -0.097175712 0.046276548 0.094716529 0.123279902 -0.230838015 -0.681291591 0.683635608
173373.830120475 -0.099097793 0.065118877 0.119337556 0.160296036 -0.267721086 -0.723479581 0.615798585
173373.863454424 -0.085404920 0.118845595 0.144911695 0.204844387 -0.320460006 -0.753428012 0.536367777
173373.896788374 -0.071991402 0.130633077 0.159481920 0.229204752 -0.346256521 -0.762571239 0.496041035
173373.930122323 -0.066055631 0.130038394 0.192526681 0.272316428 -0.387683305 -0.762561874 0.440505171
173373.963456272 -0.059128306 0.142590511 0.227453116 0.310212494 -0.429395654 -0.744215395 0.406855044
173373.996790221 -0.063812028 0.150612151 0.262384351 0.329068361 -0.459100557 -0.713003290 0.415411845
173374.030124171 -0.084531152 0.147277930 0.295297271 0.336396580 -0.480569674 -0.668392444 0.457320097
173374.063458120 -0.101299567 0.156705583 0.328703408 0.320814109 -0.495740639 -0.618154375 0.518849394
173374.096792069 -0.117107998 0.168729658 0.362672562 0.293110243 -0.501420785 -0.575429637 0.575798849
173374.130126018 -0.132902369 0.185360157 0.385937792 0.268511949 -0.505747635 -0.541370235 0.615661377
173374.163459967 -0.153616585 0.204261257 0.401521074 0.264505978 -0.510162470 -0.527869045 0.625399962
173374.196793917 -0.180436277 0.221442274 0.400300175 0.285602372 -0.511577294 -0.534936117 0.608739113
173374.230127866 -0.202683283 0.244628346 0.395865513 0.316301935 -0.507209885 -0.557853539 0.575752244
173374.263461815 -0.235813210 0.266333076 0.387012319 0.341289325 -0.497872475 -0.580566953 0.546430791
173374.296795764 -0.263698117 0.291518050 0.382748743 0.353682226 -0.478564701 -0.600599657 0.534008204
173374.330129713 -0.291579995 0.311957821 0.370637475 0.356496262 -0.455736780 -0.615412144 0.535240408
173374.363463663 -0.322430727 0.331526311 0.359521698 0.355589462 -0.427458040 -0.629865206 0.542315020
173374.396797612 -0.354103530 0.351450491 0.339837288 0.362790132 -0.402608174 -0.645983914 0.537582329
173374.430131561 -0.385979540 0.371130409 0.320237113 0.376364658 -0.379625517 -0.671110799 0.513657869
173374.463465510 -0.419824278 0.388566566 0.298991772 0.388236977 -0.355342942 -0.702715625 0.478742304
173374.496799460 -0.454724582 0.404268823 0.275527887 0.390056983 -0.333277805 -0.738720921 0.437118811
173374.530133409 -0.485234560 0.416605171 0.254962056 0.374515793 -0.310495653 -0.763740384 0.424300596
173374.563467358 -0.509789898 0.425214325 0.242289191 0.354667951 -0.295513748 -0.761178093 0.455510899
173374.596801307 -0.523370655 0.434450707 0.229359250 0.358080406 -0.281256191 -0.739102348 0.496388051
173374.630135256 -0.533138663 0.444307195 0.216854606 0.368969738 -0.277168156 -0.727734585 0.507386952
173374.663469206 -0.544088918 0.452518994 0.205963393 0.387403377 -0.279313275 -0.727199176 0.493035574
173374.696803155 -0.552955311 0.458966774 0.196640832 0.408279892 -0.282677670 -0.727905061 0.472816125
173374.730137104 -0.564985383 0.457854171 0.188064955 0.427677830 -0.288753849 -0.727505117 0.452160583
173374.763471053 -0.579078630 0.452584868 0.182110065 0.442908238 -0.299168568 -0.732139852 0.422257856
173374.796805002 -0.587990943 0.447675726 0.179401213 0.461868925 -0.309210660 -0.724198293 0.408169935
173374.830138952 -0.592089097 0.446185620 0.177429207 0.490567067 -0.316648378 -0.696222456 0.417554846
173374.863472901 -0.594611877 0.444508574 0.174814326 0.517642059 -0.320601116 -0.677939312 0.411897939
173374.896806850 -0.594898132 0.444134523 0.172501645 0.538887632 -0.325547467 -0.659207761 0.411174045
173374.930140799 -0.593098281 0.439681174 0.171325241 0.556667465 -0.328206102 -0.643066855 0.410934433
173374.963474749 -0.587889360 0.436588141 0.170517935 0.574531676 -0.332610601 -0.630963633 0.401457887
173374.996808698 -0.580007756 0.432911151 0.172655213 0.593380480 -0.341121315 -0.622021065 0.380296791
173375.030142647 -0.570186248 0.427751184 0.176956447 0.610984870 -0.357200799 -0.614225916 0.349043840
173375.063476596 -0.560223561 0.421779223 0.181614328 0.624370966 -0.376256204 -0.606516239 0.317380241
173375.096810545 -0.549210706 0.414079183 0.187750016 0.635291326 -0.398889540 -0.593258470 0.292124038
173375.130144495 -0.539444011 0.406152404 0.194226816 0.643227520 -0.422260252 -0.579165959 0.269298031
173375.163478444 -0.527983659 0.398283695 0.202165615 0.648298672 -0.445907242 -0.564598473 0.249206998
173375.196812393 -0.516668021 0.392362547 0.209568340 0.652828756 -0.466239597 -0.548129960 0.236619528
173375.230146342 -0.506523056 0.390026995 0.213607915 0.655953209 -0.468261920 -0.543005645 0.235798709
173375.263480291 -0.494603523 0.390788807 0.215962942 0.662792475 -0.459499612 -0.539092572 0.242786821
173375.296814241 -0.481565729 0.391879392 0.218207314 0.671516844 -0.453484554 -0.528547847 0.253089037
173375.330148190 -0.467935768 0.392652215 0.220342607 0.678560890 -0.454613706 -0.511370174 0.267174180
173375.363482139 -0.453922898 0.393564626 0.221752925 0.678161097 -0.462211847 -0.496004985 0.283613803
173375.396816088 -0.440437067 0.393277526 0.223183908 0.671102735 -0.479050275 -0.478921370 0.301274416
173375.430150038 -0.426156641 0.392456387 0.224664084 0.658920722 -0.500354258 -0.461479139 0.320165742
173375.463483987 -0.411451479 0.391628087 0.227200251 0.641037681 -0.530947144 -0.440548816 0.336277507
173375.496817936 -0.398347760 0.392662421 0.232995917 0.622886082 -0.559758678 -0.418613529 0.351348637
173375.530151885 -0.387931946 0.393515543 0.240692741 0.611468909 -0.572912140 -0.408752706 0.361661000
173375.563485834 -0.380101791 0.396361606 0.249908230 0.603626144 -0.574274924 -0.411665033 0.369290795
173375.596819784 -0.375167161 0.399937147 0.260071192 0.593464172 -0.568372943 -0.421497855 0.383525791
173375.630153733 -0.372721986 0.402743927 0.272683946 0.581308548 -0.560147035 -0.434905717 0.398964519
173375.663487682 -0.374076512 0.405687228 0.287857906 0.573223293 -0.549733896 -0.450185472 0.408094035
173375.696821631 -0.376694267 0.409923278 0.306880102 0.569153441 -0.538940531 -0.463927415 0.412769691
173375.730155580 -0.380667924 0.413059867 0.328621527 0.567551574 -0.533805588 -0.470565967 0.414130988
173375.763489530 -0.384589284 0.414067746 0.352854759 0.569442000 -0.534225668 -0.470418486 0.411151058
173375.796823479 -0.389320835 0.413741514 0.377955964 0.574235580 -0.538440865 -0.466708673 0.403135148
173375.830157428 -0.394831583 0.412125159 0.402625340 0.582070778 -0.545905147 -0.457838757 0.391873516
173375.863491377 -0.400204884 0.408902879 0.426123105 0.592144174 -0.553070838 -0.446571087 0.379542079
173375.896825327 -0.405581910 0.405906325 0.448567296 0.602691052 -0.557607458 -0.435330566 0.369221772
173375.930159276 -0.411870630 0.402537521 0.468714432 0.612757730 -0.559661993 -0.425952987 0.360375458
173375.963493225 -0.420813046 0.398124432 0.485748403 0.620624783 -0.562301251 -0.417017135 0.353183933
173375.996827174 -0.429310323 0.392631707 0.502200145 0.626693257 -0.569848358 -0.403923823 0.345505363
173376.030161123 -0.438140064 0.385962477 0.517835602 0.631224627 -0.581220328 -0.388462010 0.335910208
173376.063495073 -0.446877464 0.378655166 0.531123253 0.633802563 -0.592067564 -0.374223830 0.328187196
173376.096829022 -0.454874809 0.370800185 0.541353626 0.635006983 -0.598420810 -0.365461988 0.324185443
173376.130162971 -0.462436091 0.361452331 0.549932355 0.635489666 -0.602399314 -0.362244809 0.319447412
173376.163496920 -0.468536661 0.352181382 0.558286738 0.636233000 -0.608463938 -0.356791131 0.312536870
173376.196830869 -0.473463991 0.343923974 0.566296374 0.637170167 -0.615018651 -0.349172632 0.306340840
173376.230164819 -0.476793197 0.336801047 0.573743138 0.641502214 -0.617544104 -0.340747725 0.301670644
173376.263498768 -0.478088533 0.332739932 0.579166566 0.648398081 -0.612458368 -0.334417886 0.304367137
173376.296832717 -0.477656336 0.331984915 0.581957693 0.654277840 -0.600444877 -0.332286242 0.317761405
173376.330166666 -0.476263961 0.333503515 0.582577685 0.657697917 -0.586816564 -0.332505827 0.335439480
173376.363500616 -0.473391037 0.336973783 0.582284699 0.658218482 -0.576469886 -0.331956531 0.352470939
173376.396834565 -0.468507977 0.341745865 0.581924746 0.657769164 -0.570320279 -0.329821152 0.365092473
173376.430168514 -0.462696593 0.347714060 0.581321953 0.655237146 -0.567614664 -0.327617472 0.375692252
173376.463502463 -0.455272293 0.354740595 0.579893366 0.648766636 -0.567586823 -0.326109965 0.388071308
173376.496836412 -0.444914585 0.361444263 0.579307141 0.641657099 -0.570932281 -0.326016459 0.395000969
173376.530170362 -0.432061897 0.368238762 0.579941783 0.634214968 -0.577284213 -0.325032490 0.398582730
173376.563504311 -0.416561900 0.374898774 0.580506115 0.625973447 -0.582921943 -0.324642839 0.403690822
173376.596838260 -0.399059922 0.382053902 0.579927232 0.616362961 -0.585842899 -0.329737306 0.410070856
173376.630172209 -0.378892968 0.388584290 0.579239487 0.607631609 -0.584410845 -0.340022146 0.416692611
173376.663506158 -0.356620353 0.395957882 0.579593727 0.604172523 -0.581297738 -0.347670535 0.419754334
173376.696840108 -0.331024510 0.403207542 0.581445924 0.602544113 -0.580939248 -0.350304294 0.420401098
173376.730174057 -0.305685070 0.409904498 0.583588350 0.598900689 -0.586126004 -0.350137705 0.418542542
173376.763508006 -0.279764903 0.416323740 0.585778435 0.594744351 -0.594195702 -0.347466880 0.415303975
173376.796841955 -0.254449715 0.422382587 0.587291279 0.590420496 -0.602974487 -0.344562636 0.411220131
173376.830175905 -0.229933697 0.427355080 0.587592657 0.588007459 -0.607405643 -0.344817109 0.407929863
173376.863509854 -0.207367468 0.431407509 0.586901849 0.585750856 -0.610545714 -0.346555796 0.405004871
173376.896843803 -0.187690235 0.433661493 0.585832653 0.581488644 -0.616439452 -0.347599303 0.401307967
173376.930177752 -0.171464708 0.434300234 0.583830704 0.575081223 -0.624239467 -0.349421241 0.396877148
173376.963511701 -0.158596344 0.434572444 0.580023206 0.566824772 -0.630677131 -0.355746803 0.392937967
173376.996845651 -0.149481572 0.434811166 0.574770459 0.557962618 -0.634361301 -0.366983653 0.389341053
173377.030179600 -0.143777796 0.435364983 0.569338092 0.549841288 -0.637383137 -0.378665936 0.384745896
173377.063513549 -0.141574269 0.436563111 0.564387709 0.543372610 -0.639637758 -0.388617173 0.380245234
173377.096847498 -0.143212145 0.438573693 0.560006296 0.538355787 -0.640399759 -0.397419282 0.376986882
173377.130181447 -0.149006997 0.441817380 0.556194318 0.534504784 -0.639930436 -0.405314043 0.374852238
173377.163515397 -0.158938544 0.447026641 0.552887525 0.533718541 -0.636252342 -0.411762356 0.375205595
173377.196849346 -0.173612053 0.453363802 0.549458851 0.534147651 -0.631742407 -0.415071754 0.378554167
173377.230183295 -0.193021407 0.460635013 0.544233969 0.533383609 -0.626935737 -0.417417425 0.384988572
173377.263517244 -0.216402796 0.468396591 0.536899418 0.530395456 -0.621623435 -0.423692092 0.390832413
173377.296851194 -0.242745948 0.476343317 0.527817745 0.527383257 -0.617795919 -0.432962331 0.390818017
173377.330185143 -0.268638282 0.483594586 0.518352149 0.527277342 -0.616167857 -0.440520905 0.385041699
173377.363519092 -0.292412664 0.489765234 0.509287646 0.526334940 -0.617018576 -0.445801438 0.378841241
173377.396853041 -0.314757220 0.494833121 0.500385570 0.522245560 -0.618050931 -0.453193421 0.374016504
173377.430186990 -0.335281898 0.499419459 0.492331510 0.516862710 -0.619207352 -0.459946457 0.371327957
173377.463520940 -0.353339827 0.503553938 0.486057469 0.513496842 -0.619724441 -0.462814829 0.371571049
173377.496854889 -0.369135807 0.507321659 0.481026734 0.511624070 -0.620008852 -0.462841640 0.373640804
173377.530188838 -0.382827311 0.511606228 0.476788625 0.511892804 -0.618381585 -0.463018730 0.375744099
173377.563522787 -0.393743946 0.516722821 0.473669637 0.514853650 -0.615936578 -0.462068491 0.376882688
173377.596856736 -0.401231615 0.522077758 0.471866095 0.519978313 -0.614268814 -0.459019529 0.376294367
173377.630190686 -0.405563380 0.527891920 0.470974059 0.525539897 -0.613487777 -0.455890883 0.373636277
173377.663524635 -0.406920656 0.533710960 0.470981231 0.531042192 -0.613044313 -0.453481619 0.369493278
173377.696858584 -0.406190977 0.539859091 0.471505525 0.538118970 -0.610836943 -0.451133691 0.365765767
173377.730192533 -0.403638691 0.546351121 0.472465211 0.547948732 -0.606320066 -0.447340064 0.363338729
173377.763526483 -0.399599990 0.551339175 0.474164201 0.558117390 -0.601625970 -0.440834883 0.363614874
173377.796860432 -0.394442628 0.554813890 0.476147224 0.564771545 -0.598957629 -0.433071575 0.367058402
173377.830194381 -0.387873924 0.556519187 0.478197890 0.566685740 -0.597672752 -0.427323598 0.372892875
173377.863528330 -0.380917152 0.556555564 0.480163524 0.565284336 -0.598112377 -0.423363090 0.378786085
173377.896862279 -0.372810179 0.554985525 0.482413150 0.563204818 -0.599499997 -0.420641918 0.382701534
173377.930196229 -0.363373379 0.551238400 0.485691193 0.561313639 -0.602946339 -0.417355379 0.383662871
173377.963530178 -0.353613654 0.544949601 0.489883445 0.557791642 -0.609835641 -0.412434678 0.383231798
173377.996864127 -0.344366501 0.536034198 0.494590311 0.553374110 -0.618803306 -0.407288376 0.380756802
173378.030198076 -0.335235551 0.524063875 0.500157040 0.547437673 -0.628349815 -0.404344531 0.376820919
173378.063532025 -0.327006494 0.509249777 0.506036354 0.539515537 -0.638622496 -0.403217959 0.372155304
173378.096865975 -0.320118737 0.491527340 0.511984521 0.529831150 -0.649038803 -0.405285167 0.365747887
173378.130199924 -0.315532197 0.470997767 0.518313305 0.517283290 -0.661903216 -0.409302279 0.356053051
173378.163533873 -0.313642503 0.447808816 0.524947489 0.501215986 -0.677892494 -0.412689725 0.344864457
173378.196867822 -0.316051476 0.422348976 0.530955043 0.480842409 -0.695069802 -0.418357497 0.332634263
173378.230201772 -0.322702839 0.395308571 0.536278311 0.457064350 -0.714161801 -0.423665342 0.318704846
173378.263535721 -0.333463749 0.367565998 0.540179511 0.431484965 -0.733424952 -0.428954278 0.303161330
173378.296869670 -0.348052664 0.339628166 0.542005993 0.405800869 -0.750299957 -0.436337935 0.286329943
173378.330203619 -0.366516044 0.311800450 0.541311449 0.379533495 -0.764112504 -0.447030026 0.268794648
173378.363537568 -0.388393748 0.285032923 0.538321552 0.351914439 -0.774858589 -0.461599108 0.250353067
173378.396871518 -0.413721452 0.260398338 0.533479293 0.322114490 -0.784494092 -0.477499818 0.229793819
173378.430205467 -0.441559823 0.238117608 0.527231155 0.292098417 -0.792696594 -0.493662546 0.206416849
173378.463539416 -0.470885845 0.218585688 0.519948122 0.262944716 -0.799311006 -0.508883541 0.181657737
173378.496873365 -0.501045617 0.202192080 0.511643053 0.234749979 -0.804212985 -0.522528690 0.158422508
173378.530207314 -0.530884723 0.188835638 0.502820040 0.206514414 -0.807749851 -0.534471444 0.138680387
173378.563541264 -0.559168579 0.178621073 0.493632358 0.179990383 -0.809474700 -0.545069258 0.123505773
173378.596875213 -0.584840753 0.170968917 0.485004387 0.155308147 -0.810268097 -0.553460943 0.114131394
173378.630209162 -0.606194067 0.165409003 0.477357328 0.133409766 -0.810275737 -0.559551901 0.112056838
173378.663543111 -0.621789091 0.162129254 0.469725902 0.117160141 -0.807389427 -0.566616906 0.115503662
173378.696877061 -0.631017239 0.160858347 0.461544811 0.109641601 -0.799916938 -0.577219189 0.122186820
173378.730211010 -0.633119362 0.161768946 0.451755952 0.111406463 -0.788447758 -0.590285399 0.132294672
173378.763544959 -0.629433923 0.163193278 0.442627111 0.115664004 -0.776806371 -0.600952734 0.148490782
173378.796878908 -0.620402757 0.165123328 0.434052794 0.118266422 -0.769543996 -0.603076310 0.173534022
173378.830212857 -0.606379252 0.167693570 0.426121266 0.121963826 -0.768003157 -0.593548977 0.207353774
173378.863546807 -0.587217814 0.172362982 0.417620011 0.128631567 -0.767776131 -0.576955981 0.247175098
173378.896880756 -0.564384410 0.179942836 0.408478269 0.143289678 -0.763873650 -0.559037523 0.288863571
173378.930214705 -0.540179348 0.192574928 0.396808175 0.166625433 -0.754203866 -0.543219144 0.329128326
173378.963548654 -0.514745198 0.208856723 0.383992534 0.196239990 -0.740169755 -0.528780791 0.366100362
173378.996882603 -0.490056745 0.228049215 0.371933897 0.228115300 -0.724095702 -0.515380230 0.397532443
173379.030216553 -0.466731096 0.250455012 0.360478193 0.261266149 -0.709022010 -0.499995939 0.423121554
173379.063550502 -0.445374465 0.275279599 0.350772452 0.297677736 -0.692870231 -0.482707705 0.445322444
173379.096884451 -0.427794834 0.302039236 0.342882962 0.336052933 -0.673006729 -0.466589442 0.465214639
173379.130218400 -0.413791785 0.329538207 0.337665497 0.374548855 -0.651016941 -0.451841216 0.481383021
173379.163552350 -0.403026080 0.356178195 0.335554611 0.410784490 -0.631332820 -0.435097559 0.493320470
173379.196886299 -0.395125869 0.381486842 0.336165634 0.444770172 -0.613719224 -0.416964403 0.501666119
173379.230220248 -0.389247716 0.405003825 0.339127804 0.477385013 -0.598021156 -0.397350264 0.506544188
173379.263554197 -0.385391256 0.425945103 0.342756236 0.505933672 -0.581761689 -0.380843019 0.510434179
173379.296888146 -0.382125396 0.443114361 0.347579454 0.528243170 -0.567779106 -0.369783010 0.511709454
173379.330222096 -0.379601302 0.458236182 0.353457130 0.543945869 -0.557553465 -0.358758736 0.514343460
173379.363556045 -0.378088323 0.471214549 0.359642803 0.555357965 -0.551448679 -0.347832407 0.516231054
173379.396889994 -0.376991232 0.482243700 0.365684354 0.565592727 -0.548213922 -0.334356054 0.517467286
173379.430223943 -0.375665206 0.492033920 0.371058046 0.577013176 -0.544091748 -0.320294069 0.518103921
173379.463557892 -0.374509830 0.499978380 0.375406044 0.588870271 -0.536926567 -0.306420043 0.520623111
173379.496891842 -0.373501332 0.505800942 0.377758035 0.596799328 -0.528501286 -0.297608890 0.525305531
173379.530225791 -0.372820182 0.507467647 0.378742279 0.601161379 -0.521374001 -0.292706863 0.530185666
173379.563559740 -0.370823513 0.504966317 0.379498977 0.603727291 -0.520150090 -0.288442531 0.530808957
173379.596893689 -0.368313023 0.498846377 0.380050639 0.604773528 -0.524920729 -0.285501021 0.526494420
173379.630227639 -0.365440343 0.488504881 0.380066425 0.603244624 -0.533961638 -0.285318820 0.519205224
173379.663561588 -0.361655987 0.474121236 0.379287823 0.599437611 -0.545359306 -0.289147166 0.509560294
173379.696895537 -0.358407689 0.457462570 0.378216084 0.594475188 -0.556330189 -0.295505747 0.499772273
173379.730229486 -0.355376255 0.438236551 0.377255279 0.588115069 -0.568647754 -0.302531032 0.489116931
173379.763563435 -0.353508467 0.417866437 0.376706657 0.580015800 -0.581501749 -0.309381246 0.479291803
173379.796897385 -0.352996356 0.396641563 0.375827165 0.568069260 -0.594253230 -0.320241746 0.470750080
173379.830231334 -0.353371923 0.374881050 0.375035943 0.554754105 -0.606372009 -0.331876301 0.463053983
173379.863565283 -0.354689554 0.353712137 0.374499981 0.541810378 -0.617816236 -0.341828626 0.455958116
173379.896899232 -0.356500200 0.334105635 0.373871876 0.530023454 -0.628148505 -0.350909485 0.448739487
173379.930233181 -0.358636261 0.316669653 0.372886778 0.521139500 -0.636149137 -0.359308755 0.441163367
173379.963567131 -0.361115747 0.302281445 0.371664887 0.514501653 -0.642203658 -0.366309813 0.434372687
173379.996901080 -0.364158543 0.291195786 0.370457534 0.509022579 -0.646546968 -0.371155587 0.430251743
173380.030235029 -0.367608421 0.282858530 0.368986040 0.503238972 -0.649180370 -0.375812399 0.429045947
173380.063568978 -0.371480478 0.277020894 0.367202140 0.496510438 -0.650616216 -0.381105633 0.430040023
173380.096902928 -0.375311901 0.273439018 0.365293476 0.490238415 -0.651372535 -0.385902525 0.431809400
173380.130236877 -0.378720421 0.272013002 0.363339836 0.485536406 -0.651721250 -0.390456156 0.432501793
173380.163570826 -0.381340188 0.271999004 0.361100368 0.483282265 -0.650732444 -0.395228813 0.432180198
173380.196904775 -0.383017271 0.274537460 0.359456796 0.483402993 -0.648545670 -0.399621261 0.431292137
173380.230238724 -0.384885101 0.278664765 0.357488334 0.485138678 -0.644955231 -0.403552134 0.431067152
173380.263572674 -0.385142128 0.284318498 0.356216355 0.488323768 -0.639983335 -0.407031807 0.431609009
173380.296906623 -0.384570500 0.290994788 0.355371604 0.493238052 -0.633776334 -0.409913765 0.432451718
173380.330240572 -0.383281382 0.298822922 0.355464003 0.499178438 -0.627630682 -0.411390485 0.433195664
173380.363574521 -0.381697329 0.308055319 0.356734609 0.505220115 -0.622755608 -0.411511310 0.433112607
173380.396908470 -0.380143075 0.318185775 0.359037024 0.510157448 -0.618913088 -0.411884365 0.432478020
173380.430242420 -0.378023653 0.329016528 0.362231567 0.513907424 -0.615627739 -0.413080588 0.431585535
173380.463576369 -0.376017295 0.341056415 0.366212788 0.517435297 -0.612550055 -0.413818602 0.431042119
173380.496910318 -0.373488063 0.353306811 0.370928102 0.521771475 -0.609710846 -0.413249686 0.430385767
173380.530244267 -0.371061436 0.366437321 0.375836534 0.526793536 -0.607324883 -0.412227200 0.428618470
173380.563578217 -0.368806087 0.379380220 0.380490248 0.531759218 -0.604959468 -0.412743858 0.425321859
173380.596912166 -0.367135496 0.392430380 0.384554834 0.536574840 -0.603333731 -0.413934842 0.420397190
173380.630246115 -0.365583011 0.405604338 0.388016221 0.541628638 -0.602260451 -0.414935208 0.414426761
173380.663580064 -0.364069118 0.418221594 0.391134168 0.546878144 -0.600928489 -0.415524087 0.408838574
173380.696914013 -0.362839704 0.430399944 0.393368491 0.552215709 -0.598167753 -0.416715027 0.404477115
173380.730247963 -0.361989068 0.442373022 0.394949645 0.557092335 -0.595089408 -0.417670627 0.401332748
173380.763581912 -0.361345757 0.453739587 0.396373691 0.561151535 -0.592825439 -0.416733665 0.400000007
173380.796915861 -0.361500724 0.464071848 0.397229961 0.562231208 -0.591545535 -0.415315221 0.401849742
173380.830249810 -0.361746805 0.473099344 0.397250952 0.560458900 -0.590428626 -0.415496079 0.405762082
173380.863583759 -0.362074120 0.480822726 0.396470160 0.557262079 -0.589531304 -0.416286140 0.410630814
173380.896917709 -0.361610673 0.486201903 0.395235934 0.553281512 -0.588918693 -0.416671670 0.416460157
173380.930251658 -0.360418229 0.489108071 0.393242696 0.548527389 -0.588190252 -0.417525132 0.422874325
173380.963585607 -0.358477402 0.488989634 0.390492619 0.542540694 -0.587473765 -0.419975878 0.429120534
173380.996919556 -0.356256118 0.486041439 0.387042382 0.535630432 -0.586938371 -0.423202110 0.435319840
173381.030253506 -0.352153479 0.479114203 0.383728767 0.528370839 -0.587818244 -0.426250814 0.440004786
173381.063587455 -0.347023227 0.469121663 0.380454716 0.521331172 -0.589205115 -0.428939610 0.443916605
173381.096921404 -0.341554427 0.456808133 0.377376581 0.515119941 -0.589451012 -0.431958293 0.447896175
173381.130255353 -0.336083136 0.443128618 0.375143450 0.510383655 -0.589408334 -0.433476217 0.451890152
173381.163589302 -0.330984066 0.428660637 0.374390224 0.507058313 -0.590175013 -0.432498912 0.455554620
173381.196923252 -0.326644908 0.414073498 0.375253388 0.503007295 -0.593827017 -0.429561911 0.458071718
173381.230257201 -0.324102437 0.400108816 0.376849407 0.496863020 -0.599181834 -0.427426998 0.459798249
173381.263591150 -0.322712310 0.387275353 0.379066939 0.490368645 -0.604144152 -0.426557741 0.461082344
173381.296925099 -0.322288553 0.375897907 0.382171403 0.485075628 -0.609797452 -0.424339880 0.461285562
173381.330259049 -0.322819871 0.366302990 0.385231616 0.481304226 -0.614132243 -0.422217828 0.461432483
173381.363592998 -0.324163790 0.358528104 0.388050117 0.479498428 -0.617099187 -0.421281175 0.460208674
173381.396926947 -0.326093546 0.352322682 0.390658957 0.478964617 -0.619220490 -0.420160869 0.458937604
173381.430260896 -0.328570837 0.347718347 0.392716413 0.479226356 -0.620061551 -0.419142799 0.458459470
173381.463594845 -0.331435098 0.344465677 0.394335744 0.479764244 -0.620131958 -0.418760581 0.458150849
173381.496928795 -0.334493349 0.341983881 0.395160314 0.480410911 -0.618672464 -0.419933162 0.458373077
173381.530262744 -0.337818767 0.340325032 0.395409749 0.481836754 -0.616798038 -0.421235314 0.458207739
173381.563596693 -0.340707846 0.339295728 0.395588426 0.486606953 -0.614128514 -0.421124207 0.456852541
173381.596930642 -0.343458284 0.339000936 0.395727071 0.494358480 -0.611473422 -0.419479297 0.453593504
173381.630264591 -0.346207901 0.338625502 0.395590011 0.502701922 -0.608506034 -0.418351324 0.449436707
173381.663598541 -0.348733266 0.338274828 0.395346096 0.510842907 -0.605664373 -0.418081080 0.444317906
173381.696932490 -0.351574003 0.338099689 0.394942487 0.519048997 -0.603012120 -0.416841334 0.439554120
173381.730266439 -0.354642326 0.338304170 0.393968839 0.527004877 -0.598652728 -0.416259210 0.436587953
173381.763600388 -0.358096498 0.339021679 0.392439564 0.534153743 -0.593355961 -0.416513620 0.434884913
173381.796934338 -0.361887974 0.340059461 0.390591506 0.540337585 -0.588145128 -0.416718379 0.434127164
173381.830268287 -0.365945575 0.341571151 0.388725319 0.545196398 -0.584387874 -0.415913637 0.433898084
173381.863602236 -0.370037610 0.343042914 0.386841630 0.549187001 -0.581975596 -0.413963414 0.433972737
173381.896936185 -0.373967780 0.344432879 0.384763248 0.552234913 -0.579854703 -0.412398122 0.434434015
173381.930270134 -0.377568768 0.345603024 0.382512080 0.554626421 -0.577486794 -0.411142275 0.435729923
173381.963604084 -0.380547561 0.346543160 0.380353284 0.557113627 -0.574787732 -0.409175622 0.437971209
173381.996938033 -0.383262222 0.347513336 0.378184233 0.559506648 -0.571389533 -0.407270561 0.441131502
173382.030271982 -0.385047560 0.348194564 0.376356326 0.561458572 -0.567200310 -0.405898128 0.445303031
173382.063605931 -0.386313772 0.348875977 0.375051806 0.563237674 -0.562864578 -0.403620802 0.450596313
173382.096939880 -0.387025735 0.349550252 0.374437696 0.564344750 -0.559536650 -0.400309733 0.456273884
173382.130273830 -0.387206362 0.350464698 0.374292875 0.565562928 -0.556463324 -0.396107021 0.462154056
173382.163607779 -0.387076298 0.351593034 0.374302964 0.566898594 -0.553422815 -0.392143835 0.467517256
173382.196941728 -0.386729093 0.352853182 0.374382497 0.568295452 -0.550329793 -0.388490999 0.472495652
173382.230275677 -0.386545938 0.354320196 0.374392586 0.569584693 -0.547796308 -0.384702072 0.476966244
173382.263609627 -0.386183891 0.355795802 0.374372096 0.570108186 -0.545762689 -0.381725406 0.481046212
173382.296943576 -0.386074308 0.357125526 0.374049997 0.569650544 -0.543811996 -0.380186831 0.484999735
173382.330277525 -0.386119093 0.358384160 0.373522520 0.568461492 -0.541991175 -0.379625846 0.488857152
173382.363611474 -0.386269019 0.359613969 0.372777171 0.566842625 -0.540026644 -0.379816652 0.492747373
173382.396945423 -0.386728384 0.361078817 0.371892554 0.565563604 -0.537737642 -0.380602851 0.496102316
173382.430279373 -0.387059010 0.362404292 0.371086295 0.564619743 -0.535253200 -0.382442265 0.498444051
173382.463613322 -0.387639501 0.363703815 0.370443386 0.563366523 -0.533454540 -0.385138393 0.499712750
173382.496947271 -0.388489812 0.364586767 0.369922291 0.560460919 -0.534109816 -0.389211639 0.499123795
173382.530281220 -0.389353069 0.364626394 0.369182893 0.556015502 -0.537175287 -0.395516972 0.495838479
173382.563615169 -0.389792674 0.363492662 0.368245150 0.551505200 -0.541871652 -0.405143736 0.487929995
173382.596949119 -0.389008006 0.361304814 0.367952313 0.549952287 -0.548407990 -0.414295759 0.474510465
173382.630283068 -0.386962339 0.358365889 0.369205839 0.552106772 -0.557689117 -0.420422641 0.455418230
173382.663617017 -0.384062156 0.354156386 0.372419990 0.555265656 -0.569168064 -0.424443182 0.433100163
173382.696950966 -0.381461136 0.349227615 0.377763302 0.556825932 -0.581959460 -0.427801243 0.410187962
173382.730284916 -0.379986103 0.344294141 0.385567960 0.555501444 -0.595619382 -0.429874237 0.389697110
173382.763618865 -0.379973736 0.340081381 0.396480342 0.550813046 -0.612746880 -0.427512896 0.371993243
173382.796952814 -0.382335996 0.336888388 0.409677136 0.542304930 -0.633203567 -0.421421417 0.356878964
173382.830286763 -0.384588979 0.336657036 0.425288114 0.530802781 -0.655656490 -0.411136522 0.345441362
173382.863620712 -0.383040854 0.340710325 0.442864859 0.528029369 -0.672141710 -0.393898355 0.338015670
173382.896954662 -0.381483705 0.347370747 0.459467645 0.530409954 -0.683737553 -0.380178002 0.326546974
173382.930288611 -0.382221135 0.354525356 0.475611380 0.531812667 -0.695355191 -0.370387667 0.310595270
173382.963622560 -0.386636163 0.361380049 0.493774749 0.529132905 -0.715094688 -0.354255954 0.288375928
173382.996956509 -0.393740236 0.368225331 0.512724206 0.525036910 -0.738076023 -0.332432290 0.262809438
173383.030290458 -0.400183485 0.376091114 0.531537937 0.523205296 -0.754494996 -0.312007331 0.244223144
173383.063624408 -0.405171197 0.385570729 0.550147927 0.525059067 -0.764953807 -0.293758065 0.229923571
173383.096958357 -0.409479789 0.395104543 0.567473866 0.529164440 -0.771381359 -0.278001196 0.218337192
173383.130292306 -0.412404213 0.404017521 0.583165692 0.530639695 -0.776659427 -0.265368958 0.211662382
173383.163626255 -0.414564211 0.412069028 0.596244983 0.531118868 -0.779641119 -0.254610505 0.212710988
173383.196960205 -0.414408525 0.419520913 0.605087022 0.530884684 -0.777693432 -0.253220878 0.221886379
173383.230294154 -0.411472288 0.426134908 0.608959830 0.529891488 -0.770468751 -0.262292091 0.238318639
173383.263628103 -0.407045833 0.431893350 0.608516737 0.527319008 -0.760934796 -0.276429743 0.257874965
173383.296962052 -0.402616253 0.436546298 0.604082775 0.521364472 -0.751342052 -0.294321593 0.277559018
173383.330296001 -0.397778912 0.440642421 0.596491692 0.514026310 -0.741028514 -0.312907246 0.297897212
173383.363629951 -0.391867001 0.444340318 0.586271894 0.508699745 -0.729394046 -0.328632811 0.318134204
173383.396963900 -0.386356462 0.447186777 0.572984234 0.501780594 -0.717314844 -0.345996672 0.337582512
173383.430297849 -0.382635807 0.449078222 0.555799137 0.491159752 -0.703971365 -0.371294448 0.354015322
173383.463631798 -0.380746052 0.449791674 0.534712391 0.475983309 -0.686237144 -0.407295925 0.369632928
173383.496965747 -0.380995962 0.449595302 0.510016533 0.454261121 -0.660837424 -0.454505265 0.387770160
173383.530299697 -0.384602446 0.448904824 0.483101473 0.423245360 -0.629945712 -0.509345538 0.405707885
173383.563633646 -0.390924992 0.448025695 0.455412811 0.385173254 -0.594698859 -0.562273427 0.426407581
173383.596967595 -0.399569283 0.446397345 0.429831175 0.342839260 -0.561242031 -0.603818735 0.450412656
173383.630301544 -0.409629073 0.444925772 0.407646361 0.304459645 -0.533875208 -0.630493380 0.474088267
173383.663635494 -0.418243007 0.442341191 0.389999593 0.276587381 -0.516088510 -0.641534685 0.495565655
173383.696969443 -0.425854906 0.437655565 0.375717151 0.255346680 -0.505198071 -0.644730434 0.513707747
173383.730303392 -0.434413001 0.430868502 0.364060211 0.233991634 -0.497843409 -0.646842422 0.528199524
173383.763637341 -0.443533895 0.421958544 0.355169040 0.213635853 -0.492851417 -0.649112090 0.538619251
173383.796971290 -0.453220695 0.412238890 0.348947518 0.197360376 -0.486880254 -0.661216980 0.535526476
173383.830305240 -0.460937254 0.402197451 0.348173588 0.193938507 -0.489345031 -0.665996637 0.528561988
173383.863639189 -0.464880680 0.391153920 0.351446009 0.202538332 -0.503248914 -0.664095032 0.514486679
173383.896973138 -0.464913290 0.378991538 0.358042253 0.219612575 -0.527448347 -0.656264424 0.492834214
173383.930307087 -0.461891970 0.366057573 0.368782406 0.241063923 -0.556359064 -0.644514478 0.465783065
173383.963641036 -0.457699193 0.352553134 0.383306249 0.265071721 -0.583448076 -0.633946597 0.432939992
173383.996974986 -0.454805303 0.341246894 0.401941028 0.293171330 -0.605912288 -0.621139833 0.401380341
173384.030308935 -0.452337267 0.331361267 0.424934877 0.324091620 -0.624988823 -0.605784543 0.370646299
173384.063642884 -0.450294100 0.322749058 0.452298365 0.356612623 -0.644542589 -0.584717806 0.339849049
173384.096976833 -0.448977726 0.316349185 0.483101054 0.390881662 -0.664128357 -0.555890564 0.311658038
173384.130310783 -0.447377419 0.312756760 0.516040553 0.425511802 -0.683993806 -0.516267759 0.290791643
173384.163644732 -0.447012867 0.311489438 0.549398423 0.460117652 -0.701663619 -0.470793227 0.272605300
173384.196978681 -0.447600101 0.313373788 0.581818638 0.491088180 -0.717860329 -0.422924139 0.254252080
173384.230312630 -0.448642312 0.318073982 0.612060643 0.518386600 -0.731813406 -0.374639165 0.235308239
173384.263646579 -0.450438789 0.325190048 0.639070325 0.542805407 -0.742001307 -0.330098234 0.214082942
173384.296980529 -0.451668915 0.334274039 0.662354989 0.564781571 -0.747599423 -0.290435430 0.194329978
173384.330314478 -0.452141310 0.345098455 0.681773995 0.584327927 -0.750123510 -0.251530866 0.180576346
173384.363648427 -0.451965471 0.358118879 0.696715159 0.600000613 -0.751159575 -0.213595456 0.173595907
173384.396982376 -0.450149119 0.371322416 0.707139469 0.614705696 -0.746725582 -0.187119779 0.171825495
173384.430316325 -0.447082244 0.384197707 0.714949136 0.629308339 -0.738237111 -0.173179285 0.170252513
173384.463650275 -0.443230406 0.397261439 0.720985355 0.641908548 -0.729268630 -0.161671751 0.173155788
173384.496984224 -0.439244858 0.409946537 0.724866904 0.651588537 -0.721239544 -0.152914874 0.178501935
173384.530318173 -0.434951854 0.422884970 0.725235828 0.661547561 -0.710183224 -0.152694177 0.186223254
173384.563652122 -0.429832119 0.435932532 0.723723803 0.670127463 -0.699083453 -0.155338990 0.195144324
173384.596986072 -0.423312010 0.448930306 0.719035969 0.677425405 -0.686980248 -0.165068678 0.204707822
173384.630320021 -0.415467765 0.461303272 0.709939165 0.679870926 -0.673756799 -0.185043765 0.222679376
173384.663653970 -0.406572256 0.472988956 0.695512864 0.676075831 -0.658057291 -0.214275401 0.252919206
173384.696987919 -0.397699308 0.483648360 0.676904222 0.666378874 -0.639154392 -0.251549367 0.290075465
173384.730321868 -0.390091888 0.493284076 0.654764327 0.650246955 -0.617433405 -0.292615870 0.332160866
173384.763655818 -0.383133691 0.502097685 0.629897426 0.628750634 -0.590814350 -0.332429782 0.380921888
173384.796989767 -0.377746787 0.511134682 0.603613312 0.607520946 -0.556220651 -0.369253686 0.430335454
173384.830323716 -0.374485286 0.520427618 0.577755028 0.587058416 -0.517961301 -0.401127295 0.475579015
173384.863657665 -0.373038495 0.530151111 0.554648393 0.566421915 -0.480289104 -0.425439784 0.517193949
173384.896991614 -0.371594685 0.539182279 0.535155583 0.549917766 -0.448077731 -0.441033136 0.549824127
173384.930325564 -0.370266765 0.547656039 0.519780028 0.538984107 -0.420693689 -0.450704485 0.573914994
173384.963659513 -0.369067709 0.554915024 0.509307467 0.531387519 -0.402672009 -0.457576426 0.588308060
173384.996993462 -0.366528146 0.559966122 0.503848902 0.528828502 -0.397617381 -0.461747646 0.590787564
173385.030327411 -0.362433930 0.563473682 0.502794844 0.531707105 -0.404301336 -0.462921531 0.582693436
173385.063661361 -0.357356378 0.564525186 0.504884761 0.537894672 -0.420758906 -0.461087818 0.566594466
173385.096995310 -0.352646199 0.562391446 0.508943289 0.543935540 -0.443894157 -0.457758225 0.545480993
173385.130329259 -0.347242963 0.555414129 0.513776891 0.546866067 -0.470645583 -0.455459604 0.521523528
173385.163663208 -0.341956853 0.544759849 0.518166526 0.545729289 -0.498217256 -0.456140009 0.495878414
173385.196997157 -0.339165334 0.531381480 0.522492014 0.540238868 -0.524606599 -0.461188705 0.469291871
173385.230331107 -0.338909316 0.515103311 0.525916414 0.529257700 -0.551329791 -0.469059766 0.442611211
173385.263665056 -0.341032867 0.496658713 0.528886074 0.512925056 -0.577588695 -0.478104975 0.417989019
173385.296999005 -0.344832811 0.476291091 0.531407480 0.491915265 -0.601569599 -0.489797120 0.395262154
173385.330332954 -0.350962626 0.456051349 0.534130021 0.469315364 -0.623715556 -0.499131361 0.376284307
173385.363666903 -0.358513799 0.435812804 0.537333602 0.445846115 -0.644726907 -0.506554975 0.359096802
173385.397000853 -0.366476614 0.416297184 0.540857159 0.424991659 -0.663889781 -0.510847070 0.343027288
173385.430334802 -0.374456683 0.397396347 0.544834293 0.406532325 -0.682751451 -0.511196332 0.327506086
173385.463668751 -0.383080512 0.379406893 0.548565284 0.387786198 -0.699691163 -0.511778855 0.313267530
173385.497002700 -0.392411389 0.362449603 0.551828230 0.368252233 -0.714438814 -0.513804843 0.299953425
173385.530336650 -0.401709293 0.346321282 0.554384410 0.349015895 -0.726410928 -0.517454080 0.287674023
173385.563670599 -0.411051182 0.330594945 0.556026300 0.329121194 -0.735902166 -0.523523715 0.275771938
173385.597004548 -0.419705966 0.315655226 0.557101131 0.308868796 -0.743462155 -0.531096702 0.264197624
173385.630338497 -0.429109293 0.302020162 0.557417374 0.288960555 -0.749624102 -0.539472983 0.252060319
173385.663672446 -0.438383867 0.289379606 0.557214459 0.268535577 -0.754747644 -0.548973458 0.238480149
173385.697006396 -0.446560012 0.277691069 0.556569263 0.250409010 -0.758907654 -0.557801483 0.224080358
173385.730340345 -0.454250926 0.266753939 0.555806817 0.235079404 -0.762833957 -0.564829606 0.209259517
173385.763674294 -0.461941185 0.256335248 0.554869985 0.219590231 -0.766460464 -0.571442036 0.194351454
173385.797008243 -0.470007450 0.246096764 0.553823735 0.202628122 -0.768828672 -0.578958730 0.180696170
173385.830342192 -0.478998502 0.237349183 0.552821122 0.183734732 -0.769608196 -0.587723469 0.168896113
173385.863676142 -0.488865774 0.228791998 0.551807191 0.162992505 -0.769383584 -0.596890832 0.158756663
173385.897010091 -0.498637080 0.220859675 0.551021873 0.142269602 -0.768988086 -0.605392108 0.148044183
173385.930344040 -0.508105834 0.214230375 0.550640706 0.122204078 -0.769539863 -0.612039403 0.135212174
173385.963677989 -0.517392215 0.209086937 0.550398925 0.102661633 -0.771398730 -0.616590184 0.119252393
173385.997011939 -0.526395666 0.204659495 0.550512026 0.083176751 -0.775191688 -0.618248729 0.099639268
173386.030345888 -0.535524255 0.201940629 0.550543551 0.062981229 -0.780748974 -0.616914451 0.076687453
173386.063679837 -0.544919492 0.200852664 0.550261887 0.040603908 -0.786915177 -0.613609062 0.050987696
173386.097013786 -0.555299468 0.202395505 0.549159786 0.015518152 -0.791547940 -0.610475693 0.023032013
173386.130347735 -0.565227088 0.203398470 0.547442389 0.010819964 0.792584770 0.609630720 0.006534161
173386.163681685 -0.576239607 0.208348428 0.544794667 0.037495706 0.791112684 0.609351420 0.037757650
173386.197015634 -0.587790560 0.216113369 0.542039031 0.065663799 0.786971431 0.609500525 0.069809325
173386.230349583 -0.599882304 0.225481188 0.539664500 0.094378749 0.781330894 0.608735677 0.100277424
173386.263683532 -0.611540132 0.235693991 0.537761661 0.121678036 0.775359148 0.606435282 0.127471159
173386.297017481 -0.623274062 0.247272936 0.536432191 0.147483360 0.768935630 0.603246081 0.151923736
173386.330351431 -0.635607091 0.259786548 0.535471458 0.173251741 0.762531094 0.598643647 0.173654680
173386.363685380 -0.647793568 0.273804092 0.534834407 0.199753521 0.755641998 0.593255970 0.192746091
173386.397019329 -0.659402255 0.288145049 0.533917184 0.226643919 0.747768213 0.587299187 0.211080315
173386.430353278 -0.671146000 0.303389415 0.533017784 0.253531634 0.739305776 0.580458253 0.228510169
173386.463687228 -0.682141753 0.319355426 0.532199044 0.278845187 0.730551049 0.573114195 0.245113537
173386.497021177 -0.691768284 0.336792054 0.531232364 0.302629273 0.720864973 0.565798660 0.261994447
173386.530355126 -0.700510563 0.353980424 0.530292670 0.325459567 0.710446988 0.558248721 0.278746322
173386.563689075 -0.708530669 0.371334371 0.529309566 0.347657472 0.699444046 0.550421938 0.294869462
173386.597023024 -0.715841362 0.387729767 0.528485065 0.368853885 0.688330109 0.542242328 0.310035046
173386.630356974 -0.721648515 0.404916809 0.527311384 0.389980839 0.676911788 0.533088247 0.324841958
173386.663690923 -0.727560039 0.422336099 0.526450708 0.411033339 0.664220661 0.524005583 0.339530053
173386.697024872 -0.732169191 0.438975922 0.524953744 0.430923625 0.650937894 0.515280977 0.353652658
173386.730358821 -0.735917241 0.454592946 0.523196556 0.447728373 0.637287953 0.507828592 0.368121571
173386.763692770 -0.739413517 0.468892462 0.521478693 0.460913287 0.624688731 0.501415732 0.381975385
173386.797026720 -0.742240394 0.481548800 0.520073848 0.471819358 0.614562977 0.494801858 0.393535211
173386.830360669 -0.744523093 0.492657745 0.519488631 0.481863327 0.606724069 0.487923161 0.402025655
173386.863694618 -0.745916966 0.502149200 0.519771654 0.491755495 0.600003640 0.481402257 0.407951017
173386.897028567 -0.746527744 0.510255411 0.520481784 0.500615028 0.593888681 0.476260912 0.412136351
173386.930362517 -0.746557031 0.515623721 0.521067590 0.506643915 0.589138998 0.472987961 0.415342718
173386.963696466 -0.746144928 0.518325392 0.521378461 0.509786232 0.586364389 0.471230308 0.417416816
173386.997030415 -0.745785991 0.518190247 0.521667231 0.510090558 0.586238394 0.470987081 0.417496512
173387.030364364 -0.745205027 0.515224506 0.521865373 0.507567587 0.588640349 0.472465927 0.415516102
173387.063698313 -0.744397637 0.509623522 0.521986255 0.502393138 0.592840480 0.476065361 0.411707508
173387.097032263 -0.743088963 0.501391773 0.522170397 0.494491580 0.599530887 0.480819726 0.406021161
173387.130366212 -0.741550869 0.490593965 0.522311460 0.483915837 0.608473637 0.486622081 0.398477410
173387.163700161 -0.739935331 0.477260438 0.522265235 0.470303788 0.619086207 0.493448066 0.389943100
173387.197034110 -0.738563100 0.461739152 0.522235628 0.454095370 0.631052132 0.501191703 0.379970364
173387.230368059 -0.736846054 0.444855993 0.522269227 0.435866321 0.643440805 0.510009890 0.368638566
173387.263702009 -0.734629889 0.426718813 0.522563726 0.415163744 0.656395136 0.520027585 0.355465612
173387.297035958 -0.731703609 0.407663675 0.523122265 0.392592464 0.669790388 0.530710454 0.339997659
173387.330369907 -0.727969843 0.388268126 0.523978745 0.368811699 0.683379733 0.541077143 0.322808916
173387.363703856 -0.723301152 0.368827018 0.525110682 0.343784541 0.697366587 0.550311836 0.304382845
173387.397037806 -0.717533852 0.349752323 0.526407118 0.317231208 0.711421085 0.558458505 0.285251641
173387.430371755 -0.710724946 0.331267264 0.528007455 0.289582981 0.725365991 0.565388560 0.265182302
173387.463705704 -0.702984098 0.313188862 0.530154078 0.260399623 0.739101665 0.571550296 0.243415333
173387.497039653 -0.693598056 0.295545880 0.532689846 0.229220324 0.751499566 0.578545511 0.219069707
173387.530373602 -0.682087947 0.279099536 0.535667951 0.197389590 0.762198238 0.586077748 0.191321901
173387.563707552 -0.668516137 0.265016582 0.538693305 0.167587976 0.770577525 0.593005252 0.162693945
173387.597041501 -0.653331896 0.252615226 0.541360141 0.139264530 0.776804121 0.599205394 0.134661218
173387.630375450 -0.636878649 0.241867774 0.543544618 0.112388021 0.781372819 0.604375704 0.107496322
173387.663709399 -0.619092660 0.233369604 0.544936639 0.086452899 0.784427762 0.608647880 0.082138548
173387.697043348 -0.600110359 0.226762538 0.545653144 0.060621415 0.786689154 0.611539335 0.058863062
173387.730377298 -0.580197744 0.222016857 0.545685649 0.035197107 0.788512115 0.612827705 0.038105289
173387.763711247 -0.559714690 0.218820518 0.545083293 0.010452720 0.789669934 0.613115735 0.020030742
173387.797045196 -0.538816969 0.216736123 0.543965191 -0.013404670 0.790514629 0.612284221 0.003868985
173387.830379145 -0.517909138 0.215887381 0.542600483 0.036087766 -0.791139551 -0.610461790 0.011501634
173387.863713095 -0.496831668 0.215614771 0.540806175 0.059153170 -0.790510080 -0.608970770 0.027373671
173387.897047044 -0.476173703 0.216144887 0.538640328 0.082598910 -0.788378495 -0.608010947 0.044265745
173387.930380993 -0.456089582 0.217537950 0.536092597 0.106235774 -0.783816727 -0.608603151 0.062829157
173387.963714942 -0.436065571 0.220074210 0.533467176 0.132103143 -0.776440190 -0.610297303 0.085009369
173387.997048891 -0.416105890 0.224513116 0.531121516 0.159798755 -0.766533174 -0.612076684 0.110695006
173388.030382841 -0.396416318 0.230594457 0.529149100 0.186912098 -0.755768207 -0.612472975 0.136949406
173388.063716790 -0.377230277 0.237796394 0.528030937 0.212781716 -0.745166562 -0.610970612 0.161757991
173388.097050739 -0.358286017 0.245928150 0.527624028 0.239208160 -0.734602119 -0.607514878 0.184566668
173388.130384688 -0.339965254 0.254873783 0.528245467 0.266858033 -0.725176788 -0.600569545 0.205479045
173388.163718637 -0.322449942 0.264701919 0.529431410 0.295667859 -0.716736117 -0.590146076 0.224938802
173388.197052587 -0.306827932 0.276184747 0.530780891 0.325482049 -0.707684905 -0.577739381 0.243845684
173388.230386536 -0.292497976 0.288808436 0.531713879 0.355220360 -0.696688765 -0.564957602 0.263184666
173388.263720485 -0.280806350 0.302612701 0.532127156 0.383803357 -0.683418030 -0.552472104 0.283565432
173388.297054434 -0.271095199 0.317134715 0.531705570 0.410509829 -0.667716968 -0.540797714 0.305243449
173388.330388384 -0.263714115 0.332111412 0.531003735 0.434963227 -0.650462450 -0.529567657 0.327511358
173388.363722333 -0.259079276 0.346500350 0.530568912 0.457930342 -0.632806171 -0.517635937 0.349154963
173388.397056282 -0.256256432 0.361731158 0.530128353 0.480194709 -0.615214149 -0.504468148 0.369373092
173388.430390231 -0.254956854 0.377158071 0.530333769 0.500606362 -0.598216768 -0.491130785 0.387711906
173388.463724180 -0.255029954 0.392494266 0.531289728 0.518467496 -0.582552295 -0.478370111 0.403715638
173388.497058130 -0.256975021 0.407233798 0.532632289 0.533378127 -0.568561964 -0.466587998 0.417780692
173388.530392079 -0.259848823 0.421141566 0.534153738 0.545510309 -0.555901615 -0.456417386 0.430203519
173388.563726028 -0.263596233 0.434248418 0.535480127 0.556081292 -0.544134941 -0.448135133 0.440301789
173388.597059977 -0.267615088 0.446112577 0.536613939 0.565304261 -0.533806572 -0.441799037 0.447543570
173388.630393926 -0.271091587 0.456764232 0.537284926 0.572788496 -0.525809476 -0.437333770 0.451859389
173388.663727876 -0.274129923 0.465938592 0.537351856 0.578506477 -0.520060998 -0.434154870 0.454286652
173388.697061825 -0.277746860 0.472974886 0.536750213 0.581965852 -0.516281669 -0.432373530 0.455875110
173388.730395774 -0.280200659 0.479326432 0.536046300 0.582856731 -0.515310195 -0.431271804 0.456878611
173388.763729723 -0.282991737 0.484401662 0.535191382 0.582088273 -0.517081583 -0.430289354 0.456783264
173388.797063673 -0.285566165 0.488326733 0.534575898 0.579608281 -0.520574843 -0.430248723 0.456006700
173388.830397622 -0.288600042 0.491894520 0.534035887 0.575974493 -0.525773665 -0.430892274 0.454034454
173388.863731571 -0.291918466 0.495028409 0.533949454 0.571135828 -0.531248913 -0.433162754 0.451606562
173388.897065520 -0.295447832 0.497731729 0.534153645 0.566483331 -0.535639247 -0.437079630 0.448495964
173388.930399469 -0.298297633 0.499818347 0.535429067 0.562856631 -0.540854925 -0.439608715 0.444311311
173388.963733419 -0.300527277 0.501798837 0.537825301 0.559759412 -0.547059210 -0.440376447 0.439845663
173388.997067368 -0.301906710 0.503448524 0.540418125 0.558038433 -0.553085112 -0.439065597 0.435788214
173389.030401317 -0.302331588 0.504667486 0.542419709 0.557877663 -0.558723975 -0.436266673 0.431591732
173389.063735266 -0.301872988 0.505341577 0.542458765 0.558521721 -0.564338054 -0.433040410 0.426675581
173389.097069215 -0.299828854 0.505531990 0.539546413 0.560403687 -0.569766343 -0.429745881 0.420276695
173389.130403165 -0.296477323 0.505720934 0.532864248 0.563947272 -0.573191099 -0.426853689 0.413776953
173389.163737114 -0.292116983 0.505894180 0.521744538 0.568330597 -0.573225992 -0.425761998 0.408826387
173389.197071063 -0.286886754 0.505373013 0.506300529 0.570997189 -0.572218942 -0.426115061 0.406144860
173389.230405012 -0.281220211 0.503890124 0.486487687 0.570245585 -0.572549092 -0.429447329 0.403215204
173389.263738962 -0.275905273 0.502740822 0.461973970 0.568737467 -0.570128168 -0.436299399 0.401415495
173389.297072911 -0.271495361 0.501113488 0.433861946 0.563665764 -0.564742955 -0.447543400 0.403795995
173389.330406860 -0.268225069 0.499003100 0.402670278 0.555869509 -0.557087493 -0.460599636 0.410500414
173389.363740809 -0.265680485 0.497128825 0.369028699 0.548751845 -0.547754424 -0.473133233 0.418307838
173389.397074758 -0.264006167 0.495249919 0.333721846 0.542541522 -0.538140607 -0.484271432 0.426068731
173389.430408708 -0.262541016 0.493143887 0.297919168 0.537872769 -0.531977500 -0.490125321 0.432978052
173389.463742657 -0.261321931 0.490997436 0.262156106 0.536879415 -0.530270932 -0.490192406 0.436216274
173389.497076606 -0.261200720 0.488840324 0.226229766 0.538187881 -0.531323435 -0.487501340 0.436338923
173389.530410555 -0.262288994 0.486929486 0.189027254 0.539109824 -0.531934393 -0.485800904 0.436352932
173389.563744504 -0.265195802 0.484851862 0.150254310 0.535606784 -0.529675386 -0.487865882 0.441085297
173389.597078454 -0.269704534 0.483306659 0.109886999 0.527281114 -0.521106277 -0.498387052 0.449481058
173389.630412403 -0.275149471 0.481939894 0.069382218 0.516059990 -0.509269975 -0.513751111 0.458678509
173389.663746352 -0.280442689 0.481104387 0.030482941 0.508633738 -0.497469330 -0.529044431 0.462523488
173389.697080301 -0.284676090 0.480619633 -0.006111417 0.505429096 -0.487825176 -0.542365268 0.460877362
173389.730414251 -0.288544647 0.479507909 -0.040101712 0.501605104 -0.481978142 -0.553122524 0.458415602
173389.763748200 -0.292242176 0.478070547 -0.071557098 0.495647968 -0.477680323 -0.563635949 0.456584185
173389.797082149 -0.295697954 0.476413270 -0.100139227 0.487871532 -0.474960995 -0.573641315 0.455334013
173389.830416098 -0.298289278 0.474686624 -0.125670060 0.480550614 -0.473329553 -0.581198933 0.455234052
173389.863750047 -0.299958856 0.472762847 -0.148142087 0.474933111 -0.474620632 -0.584253178 0.455875005
173389.897083997 -0.300757101 0.470382474 -0.167272548 0.470832453 -0.477471578 -0.583952809 0.457533397
173389.930417946 -0.301478828 0.468576351 -0.184196444 0.466360711 -0.478067178 -0.584069042 0.461327231
173389.963751895 -0.303300102 0.466738635 -0.198360873 0.460565059 -0.475397766 -0.586504748 0.466785787
173389.997085844 -0.305161483 0.465429394 -0.207523535 0.453570769 -0.470579513 -0.590834495 0.473014883
173390.030419793 -0.306670960 0.464155921 -0.209955230 0.448869756 -0.465981977 -0.594212759 0.477794868
173390.063753743 -0.307379542 0.462854969 -0.204791942 0.447976287 -0.464631470 -0.593292343 0.481081115
173390.097087692 -0.306993528 0.462243731 -0.193828641 0.450975540 -0.465541845 -0.589321977 0.482277369
173390.130421641 -0.305701655 0.461370757 -0.176229515 0.454884715 -0.466892677 -0.584430452 0.483251665
173390.163755590 -0.303188882 0.460763619 -0.154562712 0.457851226 -0.468561619 -0.580005677 0.484164929
173390.197089540 -0.299651198 0.459879771 -0.128267668 0.460042219 -0.471520254 -0.576205643 0.483752895
173390.230423489 -0.294315098 0.458904164 -0.098067885 0.462428841 -0.476148433 -0.572709033 0.481088974
173390.263757438 -0.288332042 0.457499550 -0.062332955 0.465844110 -0.482899131 -0.569062423 0.475358448
173390.297091387 -0.281797998 0.455588190 -0.022147776 0.470013140 -0.490884547 -0.566240518 0.466360039
173390.330425336 -0.274654508 0.453135966 0.022064609 0.474999767 -0.500633260 -0.561569725 0.456487683
173390.363759286 -0.267870099 0.450309645 0.070146677 0.482950661 -0.512042120 -0.553490288 0.445219077
173390.397093235 -0.262246058 0.447138129 0.120477951 0.492719025 -0.524216509 -0.542714986 0.433457562
173390.430427184 -0.258182796 0.443693319 0.171797580 0.503346220 -0.535984994 -0.529380757 0.423224151
173390.463761133 -0.255697941 0.440489754 0.222335577 0.516239633 -0.546543185 -0.514284417 0.412672662
173390.497095082 -0.255879132 0.437441788 0.270814448 0.526001759 -0.555457513 -0.500888892 0.404844933
173390.530429032 -0.259284819 0.434099693 0.316457225 0.530353769 -0.561867720 -0.492211368 0.400945775
173390.563762981 -0.264722782 0.431128639 0.358753805 0.533309959 -0.565583233 -0.487002601 0.398151429
173390.597096930 -0.272443545 0.428546789 0.398369730 0.538556294 -0.569756891 -0.480030838 0.393579214
173390.630430879 -0.282207506 0.425970385 0.434815075 0.543087145 -0.576695929 -0.471889958 0.387037499
173390.663764829 -0.294350426 0.423110281 0.467743861 0.546190492 -0.585532422 -0.462587346 0.380579396
173390.697098778 -0.307973796 0.420314981 0.496347386 0.548919157 -0.596190526 -0.450101680 0.375037455
173390.730432727 -0.322569216 0.418173768 0.519466899 0.551595733 -0.605048979 -0.438198628 0.370998440
173390.763766676 -0.337337877 0.416880976 0.537420255 0.554574721 -0.611448678 -0.428189776 0.367737554
173390.797100625 -0.350960166 0.415933759 0.550392357 0.557114749 -0.616194553 -0.419369376 0.366137619
173390.830434575 -0.362801734 0.415526722 0.558633741 0.558609803 -0.619296710 -0.413531468 0.365264832
173390.863768524 -0.373051716 0.415604727 0.563047589 0.558306885 -0.621034514 -0.411618356 0.364938192
173390.897102473 -0.381221322 0.415549141 0.563624175 0.556807838 -0.620271786 -0.414220825 0.365580430
173390.930436422 -0.387245949 0.416246860 0.561635692 0.554706622 -0.616296785 -0.420799451 0.367976438
173390.963770371 -0.391479605 0.417025535 0.558244241 0.552909986 -0.610837464 -0.429644955 0.369558321
173390.997104321 -0.392259767 0.417589330 0.554272013 0.552432358 -0.606157902 -0.437257296 0.369048973
173391.030438270 -0.389483897 0.417650791 0.550341975 0.552573007 -0.604115476 -0.442238173 0.366241672
173391.063772219 -0.384491082 0.416918949 0.546255815 0.550212104 -0.604334674 -0.446972200 0.363678560
173391.097106168 -0.378260300 0.415610096 0.542851013 0.544843546 -0.605274994 -0.452181985 0.363756985
173391.130440118 -0.370344301 0.414463316 0.539996467 0.539572567 -0.606243552 -0.456439025 0.364682900
173391.163774067 -0.362734040 0.414230630 0.538513844 0.538043408 -0.604283381 -0.459364927 0.366517054
173391.197108016 -0.353838623 0.414326378 0.538379565 0.540727982 -0.599460033 -0.461349866 0.367990786
173391.230441965 -0.346237318 0.414340815 0.540593489 0.543692695 -0.597137631 -0.460441136 0.368536109
173391.263775914 -0.340434310 0.414070697 0.544817013 0.545202530 -0.596178709 -0.457999162 0.370893402
173391.297109864 -0.336665621 0.413759868 0.550716485 0.544465747 -0.595946054 -0.456894180 0.373701833
173391.330443813 -0.335620078 0.413929915 0.557820849 0.541572205 -0.594137224 -0.458962291 0.378224961
173391.363777762 -0.336381408 0.414491289 0.567302851 0.538048787 -0.589257551 -0.464766471 0.383759258
173391.397111711 -0.337485978 0.415283661 0.579761974 0.534551177 -0.583203269 -0.472472520 0.388456825
173391.430445660 -0.338046345 0.415826569 0.595910682 0.530811229 -0.578135487 -0.479884156 0.392058662
173391.463779610 -0.338425197 0.415526307 0.616389287 0.524290942 -0.576006990 -0.487143150 0.395001907
173391.497113559 -0.337957925 0.414454770 0.640248521 0.515091373 -0.575218255 -0.495652356 0.397660129
173391.530447508 -0.336585966 0.413655897 0.666222969 0.507587446 -0.573096643 -0.504906876 0.398728315
173391.563781457 -0.334014459 0.412495631 0.693464810 0.499663828 -0.571523331 -0.513990586 0.399388056
173391.597115407 -0.330550388 0.411460496 0.721416357 0.494352130 -0.568698072 -0.520745915 0.401275673
173391.630449356 -0.325690270 0.410641536 0.749341284 0.493496397 -0.565061390 -0.524313356 0.402818118
173391.663783305 -0.320774761 0.409275618 0.777074592 0.492340458 -0.565431671 -0.524115642 0.403968677
173391.697117254 -0.316017234 0.406874690 0.803311799 0.487380639 -0.567929436 -0.521038465 0.410408560
173391.730451203 -0.315561803 0.399735692 0.821472694 0.451579534 -0.571408008 -0.524032464 0.441541379
173391.763785153 -0.317039896 0.392401612 0.832049744 0.415835237 -0.561873958 -0.537824990 0.471299259
173391.797119102 -0.316937353 0.384574123 0.838398520 0.389333852 -0.551479799 -0.547437951 0.494571403
173391.830453051 -0.313590587 0.376284400 0.842414350 0.377828175 -0.550550951 -0.544013513 0.508122838
173391.863787000 -0.307390263 0.368827275 0.843983156 0.383636500 -0.555742158 -0.529097847 0.513837677
173391.897120949 -0.301115467 0.362870794 0.841329200 0.393290264 -0.565170838 -0.509837892 0.515722809
173391.930454899 -0.297964808 0.358679396 0.831709841 0.405351054 -0.566703258 -0.499823001 0.514504526
173391.963788848 -0.298564614 0.355713270 0.815593583 0.412672578 -0.561448022 -0.502595789 0.511737174
173391.997122797 -0.302596319 0.352829857 0.795046246 0.413725668 -0.552947959 -0.514169615 0.508634676
173392.030456746 -0.308252820 0.349488490 0.772927959 0.410648526 -0.550702068 -0.522914340 0.504634138
173392.063790696 -0.315134155 0.345980186 0.749822655 0.408894303 -0.555988054 -0.523839499 0.499274386
173392.097124645 -0.322357964 0.342901121 0.724697633 0.411742331 -0.564632886 -0.518654810 0.492600390
173392.130458594 -0.330447217 0.340798631 0.697149291 0.416260766 -0.573755406 -0.510545419 0.486698145
173392.163792543 -0.339288587 0.339364205 0.666037542 0.420413300 -0.580372097 -0.504386860 0.481679127
173392.197126492 -0.347987501 0.338490975 0.631006317 0.422253057 -0.583227085 -0.502369860 0.478720218
173392.230460442 -0.356136965 0.337433090 0.592852039 0.418005816 -0.582708178 -0.506983722 0.478215247
173392.263794391 -0.362820525 0.336101974 0.552893837 0.412210078 -0.577445701 -0.516617778 0.479317625
173392.297128340 -0.367903975 0.335321323 0.512521013 0.408213847 -0.568076062 -0.531440083 0.477726366
173392.330462289 -0.371708778 0.334660508 0.474575046 0.404709717 -0.558352477 -0.547032502 0.474560848
173392.363796238 -0.375020389 0.334521811 0.441415366 0.402057061 -0.550704809 -0.560508291 0.470005094
173392.397130188 -0.377471915 0.334373303 0.414255317 0.402256264 -0.543978290 -0.571721720 0.464124760
173392.430464137 -0.379171386 0.334175629 0.394093520 0.401637071 -0.540663091 -0.579469152 0.458897143
173392.463798086 -0.380340202 0.333943406 0.380119165 0.400644494 -0.537325503 -0.586158183 0.455174558
173392.497132035 -0.380429205 0.334697638 0.371453296 0.401996744 -0.531285266 -0.593008272 0.452189975
173392.530465985 -0.377901742 0.335657443 0.368278370 0.409428865 -0.526324561 -0.594755036 0.449017714
173392.563799934 -0.373360914 0.337100046 0.369406950 0.423913477 -0.523976056 -0.590172851 0.444344982
173392.597133883 -0.367975108 0.339466075 0.373508630 0.438421246 -0.525667147 -0.581129177 0.440170128
173392.630467832 -0.362529037 0.343094994 0.378908730 0.451776270 -0.530665395 -0.568153403 0.437600448
173392.663801781 -0.357255467 0.348680934 0.383702902 0.465918515 -0.535726297 -0.552336959 0.436853700
173392.697135731 -0.352321325 0.357286371 0.386599248 0.484210548 -0.534762721 -0.536722457 0.437604825
173392.730469680 -0.347483861 0.369192168 0.387072932 0.507204454 -0.525317391 -0.522467327 0.440242175
173392.763803629 -0.343294974 0.383985035 0.385506114 0.532554651 -0.508662181 -0.509614443 0.444906113
173392.797137578 -0.339616138 0.400713312 0.382711921 0.558023462 -0.486503485 -0.497624001 0.451989523
173392.830471527 -0.336617059 0.418963670 0.379285641 0.584078933 -0.459535211 -0.484572922 0.461376499
173392.863805477 -0.334747157 0.438539276 0.375558547 0.609531484 -0.428332111 -0.470708632 0.472690550
173392.897139426 -0.334191214 0.458724610 0.371851780 0.632217557 -0.394106881 -0.456655149 0.486257959
173392.930473375 -0.334740296 0.479180074 0.368820215 0.653419729 -0.357265825 -0.442585113 0.499521978
173392.963807324 -0.335854039 0.498928721 0.367082701 0.670942421 -0.324780461 -0.426650299 0.512175207
173392.997141274 -0.337217494 0.517018346 0.367054484 0.684643467 -0.299713785 -0.408559305 0.523941089
173393.030475223 -0.338737708 0.534302761 0.368232366 0.696382323 -0.278202750 -0.390388481 0.534089621
173393.063809172 -0.340915289 0.551126669 0.369981465 0.706413559 -0.259730270 -0.372328472 0.543039206
173393.097143121 -0.343520027 0.567530473 0.372062213 0.715586264 -0.243601657 -0.353440934 0.551066273
173393.130477070 -0.347642302 0.583635953 0.373979273 0.724600980 -0.225751127 -0.332793887 0.559676761
173393.163811020 -0.353206159 0.599083909 0.375152866 0.732526903 -0.205609106 -0.310708119 0.569727739
173393.197144969 -0.360589837 0.613879349 0.375443227 0.739446517 -0.181998419 -0.287144727 0.581070848
173393.230478918 -0.368886660 0.628147146 0.375055630 0.744317505 -0.156184501 -0.262800783 0.593745401
173393.263812867 -0.378936787 0.641414324 0.373948364 0.747972671 -0.129841807 -0.237838450 0.605896741
173393.297146816 -0.389386217 0.653957412 0.372743633 0.750211021 -0.103456806 -0.213124333 0.617299062
173393.330480766 -0.400105787 0.665333771 0.371465677 0.751334401 -0.077042244 -0.188500140 0.627717140
173393.363814715 -0.410663091 0.675437175 0.369945691 0.751202387 -0.051935766 -0.166857649 0.636518794
173393.397148664 -0.421179872 0.683560164 0.369145004 0.750362416 -0.030360394 -0.146630383 0.643843166
173393.430482613 -0.430997815 0.691851964 0.368357578 0.748676536 -0.011562957 -0.129935124 0.649974312
173393.463816563 -0.439738521 0.698646542 0.367917400 0.747551705 0.002784830 -0.115692222 0.654044344
173393.497150512 -0.446995186 0.704380837 0.367811718 0.746691704 0.012554714 -0.104211234 0.656836278
173393.530484461 -0.452698620 0.708522879 0.368011077 0.746174895 0.017442054 -0.095369389 0.658652776
173393.563818410 -0.456989018 0.711641723 0.368747635 0.746054773 0.017120680 -0.089899724 0.659565917
173393.597152359 -0.458407309 0.712774810 0.370343812 0.746431491 0.009476754 -0.088557308 0.659475416
173393.630486309 -0.457219223 0.712562755 0.373277312 0.748017414 -0.005360779 -0.091204197 0.657360636
173393.663820258 -0.452974128 0.710770225 0.377011275 0.750654634 -0.027429445 -0.097297997 0.652915267
173393.697154207 -0.444959353 0.705962547 0.381932049 0.752507700 -0.059245524 -0.106062417 0.647281154
173393.730488156 -0.433410556 0.697479150 0.386708714 0.751612261 -0.100510427 -0.118734411 0.640998286
173393.763822105 -0.420938441 0.685332403 0.391375899 0.748286753 -0.143967919 -0.136008573 0.633120716
173393.797156055 -0.408288561 0.669081599 0.395903209 0.741918976 -0.187534367 -0.157658379 0.624124130
173393.830490004 -0.395558915 0.649430438 0.399048557 0.732259526 -0.230135570 -0.182295936 0.614493122
173393.863823953 -0.383191101 0.626306369 0.401336123 0.719689844 -0.270281887 -0.208115358 0.604716651
173393.897157902 -0.371533843 0.600225391 0.402551214 0.705641577 -0.306696529 -0.236238569 0.593463177
173393.930491852 -0.361321939 0.571569378 0.403057940 0.690982149 -0.339045028 -0.266085208 0.580336799
173393.963825801 -0.352798344 0.541520660 0.403812558 0.676048109 -0.369382303 -0.293979203 0.565766644
173393.997159750 -0.346606543 0.511284022 0.404989770 0.662731913 -0.397202973 -0.319505298 0.548573216
173394.030493699 -0.342306469 0.482822477 0.406360252 0.651163647 -0.421947328 -0.342972563 0.529448937
173394.063827648 -0.339982476 0.456251666 0.407911825 0.639846769 -0.445108665 -0.363686277 0.510104579
173394.097161598 -0.340003892 0.432362465 0.408950611 0.627241752 -0.465566868 -0.383699066 0.492534570
173394.130495547 -0.341843130 0.411636293 0.409452782 0.613176229 -0.482210373 -0.402533495 0.479014461
173394.163829496 -0.345089579 0.394677123 0.409269284 0.600143884 -0.494414295 -0.419230663 0.468644295
173394.197163445 -0.347960384 0.381673605 0.408956650 0.588485110 -0.503904795 -0.429860542 0.463664908
173394.230497394 -0.349916239 0.371917896 0.409000570 0.578256671 -0.513442674 -0.432658435 0.463467931
173394.263831344 -0.351986425 0.364192196 0.408707447 0.568647743 -0.523842214 -0.435971483 0.460606064
173394.297165293 -0.355966259 0.357651815 0.405804575 0.560293665 -0.533728852 -0.445830879 0.449932605
173394.330499242 -0.361368645 0.353712728 0.399833786 0.557692867 -0.539138385 -0.461258488 0.430754078
173394.363833191 -0.367357823 0.350078424 0.392154582 0.557901164 -0.543107339 -0.477461411 0.407199349
173394.397167141 -0.374800932 0.348202652 0.383781079 0.557817492 -0.545641665 -0.494169470 0.383290170
173394.430501090 -0.381049915 0.347395561 0.375114096 0.559073951 -0.546912708 -0.508504577 0.360202586
173394.463835039 -0.386755052 0.347594135 0.368933163 0.551593129 -0.550842439 -0.517173384 0.353340231
173394.497168988 -0.393653346 0.348127426 0.363659801 0.540187577 -0.553789310 -0.524170166 0.356034294
173394.530502937 -0.401816605 0.349605011 0.357499957 0.530355673 -0.555380172 -0.533131517 0.355030296
173394.563836887 -0.411058264 0.351935305 0.351575404 0.525006935 -0.554032235 -0.546718258 0.344260289
173394.597170836 -0.416608910 0.354957807 0.347804399 0.523834921 -0.551262566 -0.554012494 0.338787124
173394.630504785 -0.419179254 0.357980730 0.345919849 0.525160790 -0.549443651 -0.554660081 0.338629611
173394.663838734 -0.421579694 0.360850571 0.345704703 0.523275012 -0.550568369 -0.555704459 0.338009302
173394.697172683 -0.422842894 0.362702205 0.347833096 0.520491026 -0.555616061 -0.553453793 0.337740704
173394.730506633 -0.423131369 0.364131284 0.351751751 0.521326214 -0.560992208 -0.547977835 0.336492221
173394.763840582 -0.422121378 0.365620930 0.356700383 0.526543958 -0.564838969 -0.541108768 0.333031081
173394.797174531 -0.420130248 0.366847954 0.362641361 0.533318171 -0.569558862 -0.532039220 0.328798875
173394.830508480 -0.417202385 0.367323090 0.370202510 0.539730587 -0.576866243 -0.521257093 0.322811514
173394.863842430 -0.412552544 0.367777163 0.378300690 0.543151688 -0.586229814 -0.511983776 0.314949936
173394.897176379 -0.407042146 0.367052994 0.385695183 0.540985017 -0.598147641 -0.504841799 0.307716377
173394.930510328 -0.401931612 0.366034429 0.391410546 0.536251325 -0.608604848 -0.498389259 0.306011113
173394.963844277 -0.397006876 0.365634460 0.395480517 0.533387256 -0.616587011 -0.490907701 0.307128837
173394.997178226 -0.391866933 0.364755959 0.398428600 0.531609521 -0.626819159 -0.480600640 0.305797457
173395.030512176 -0.386757075 0.362674694 0.400660760 0.530599136 -0.643168480 -0.461351240 0.303239008
173395.063846125 -0.382594559 0.360743387 0.400364983 0.530614893 -0.656117455 -0.441654385 0.304793578
173395.097180074 -0.379417568 0.359828284 0.396903747 0.527410461 -0.662561821 -0.430315229 0.312536145
173395.130514023 -0.377441289 0.360714804 0.390553875 0.524344363 -0.657774217 -0.434809813 0.321459943
173395.163847972 -0.376378921 0.363805105 0.383044016 0.523910572 -0.647192159 -0.443065191 0.332194609
173395.197181922 -0.375431095 0.369609810 0.375024742 0.528291289 -0.634185910 -0.449687536 0.341317545
173395.230515871 -0.374136852 0.378189530 0.366933126 0.535550345 -0.622251493 -0.452860093 0.347716327
173395.263849820 -0.372671698 0.389633445 0.358915656 0.541419219 -0.612574316 -0.453243558 0.355229803
173395.297183769 -0.370838061 0.401951343 0.351061848 0.544661384 -0.602132776 -0.457969938 0.361999493
173395.330517719 -0.367146946 0.413500221 0.344454801 0.544034706 -0.598513825 -0.461600071 0.364325149
173395.363851668 -0.362973323 0.426640394 0.338529456 0.543093600 -0.596043636 -0.462712048 0.368346150
173395.397185617 -0.358675942 0.442114907 0.333603684 0.542295366 -0.593079314 -0.462329539 0.374731985
173395.430519566 -0.354164983 0.459569014 0.329950754 0.543602322 -0.591512740 -0.459625626 0.378620493
173395.463853515 -0.349322030 0.478152120 0.327447346 0.547937359 -0.593547180 -0.452827192 0.377377702
173395.497187465 -0.344852334 0.497556679 0.325192468 0.552326713 -0.598714007 -0.444467260 0.372727237
173395.530521414 -0.341422434 0.517337033 0.322306338 0.554882467 -0.605447376 -0.435762358 0.368307060
173395.563855363 -0.339264645 0.537478664 0.317999605 0.555343609 -0.610189335 -0.430170842 0.366354334
173395.597189312 -0.338695346 0.557388477 0.312356813 0.554416248 -0.610699819 -0.429433803 0.367770260
173395.630523261 -0.338808338 0.576808505 0.306309880 0.553476960 -0.609232410 -0.430486744 0.370378575
173395.663857211 -0.339322887 0.594900023 0.300070806 0.552093532 -0.608391643 -0.430616398 0.373660084
173395.697191160 -0.340347807 0.611651780 0.294126043 0.551541447 -0.607709678 -0.430007267 0.376277463
173395.730525109 -0.341513255 0.626991198 0.288575891 0.553357017 -0.605549075 -0.429769281 0.377365467
173395.763859058 -0.343172499 0.640235791 0.283663216 0.554952971 -0.604340932 -0.428793426 0.378068032
173395.797193008 -0.345430168 0.651532140 0.279135273 0.556845690 -0.602152474 -0.428953070 0.378595482
173395.830526957 -0.347776634 0.660137575 0.275086337 0.558677431 -0.598640805 -0.431929009 0.378082062
173395.863860906 -0.350354807 0.665936975 0.271539463 0.560740895 -0.593726335 -0.436731295 0.377259146
173395.897194855 -0.353054910 0.668912227 0.268234741 0.562348271 -0.586944094 -0.444189260 0.376771754
173395.930528804 -0.355746123 0.668772631 0.265373294 0.563131238 -0.579230634 -0.453687301 0.376221894
173395.963862754 -0.358356588 0.665203630 0.263248694 0.563514558 -0.572501082 -0.462977782 0.374627052
173395.997196703 -0.360411080 0.658550421 0.261870537 0.564228283 -0.567155457 -0.471136577 0.371498933
173396.030530652 -0.362028689 0.648686270 0.261196000 0.565592515 -0.563080774 -0.477442894 0.367550584
173396.063864601 -0.363324268 0.636068522 0.260778363 0.567535498 -0.559347534 -0.482873318 0.363135173
173396.097198550 -0.364457216 0.620860211 0.260639966 0.569129017 -0.556373961 -0.487587239 0.358885582
173396.130532500 -0.365310062 0.602947568 0.260956512 0.570416844 -0.554581409 -0.490909968 0.355065471
173396.163866449 -0.366224423 0.582582947 0.261412035 0.571362370 -0.553721463 -0.492923044 0.352085864
173396.197200398 -0.367040472 0.559919374 0.261892135 0.571440187 -0.553357448 -0.494758968 0.349950298
173396.230534347 -0.368514693 0.535386686 0.262029180 0.570029234 -0.552764600 -0.497486884 0.349320439
173396.263868297 -0.370568162 0.509185171 0.262123002 0.566671860 -0.553068199 -0.501007734 0.349270413
173396.297202246 -0.373180577 0.481631355 0.262340635 0.562215752 -0.554835929 -0.503784194 0.349674171
173396.330536195 -0.376253100 0.452982190 0.262924614 0.557221747 -0.558233966 -0.505680627 0.349522341
173396.363870144 -0.379852240 0.423576777 0.263821156 0.551977195 -0.562755389 -0.506936660 0.348773238
173396.397204093 -0.384063246 0.393651448 0.264798361 0.546075108 -0.567655277 -0.508076576 0.348464712
173396.430538043 -0.388635900 0.363283575 0.266069049 0.539844670 -0.572419197 -0.509668055 0.348055266
173396.463871992 -0.393733937 0.333008063 0.267489130 0.533787426 -0.577274849 -0.511330003 0.346938555
173396.497205941 -0.398921755 0.302918978 0.269662927 0.527263401 -0.583495271 -0.512185150 0.345243316
173396.530539890 -0.404645309 0.273293201 0.272450726 0.519434628 -0.592003081 -0.511879010 0.343074189
173396.563873840 -0.410710577 0.244817231 0.276142257 0.510714868 -0.601687729 -0.510392755 0.341528090
173396.597207789 -0.417018544 0.218210079 0.280522217 0.501243919 -0.611127742 -0.508867713 0.341073404
173396.630541738 -0.423961346 0.193733185 0.285306633 0.491171808 -0.619137321 -0.508024317 0.342535438
173396.663875687 -0.431357355 0.171927770 0.289989187 0.481044580 -0.625214316 -0.508666888 0.344907480
173396.697209636 -0.438828073 0.153035686 0.294335175 0.472071871 -0.629217129 -0.510297901 0.347606107
173396.730543586 -0.445991939 0.137002604 0.299299632 0.464769981 -0.633541785 -0.510350297 0.349508577
173396.763877535 -0.452780702 0.123766379 0.305079547 0.461347685 -0.638966280 -0.507427923 0.348421167
173396.797211484 -0.459157337 0.113455923 0.311443620 0.462467104 -0.644413505 -0.502660504 0.343784570
173396.830545433 -0.464311057 0.105244514 0.318126692 0.466131726 -0.647455860 -0.498712349 0.338833463
173396.863879382 -0.469309332 0.098553480 0.324237637 0.470323565 -0.652066436 -0.494226566 0.330673869
173396.897213332 -0.473491414 0.093676442 0.329720569 0.472985916 -0.660594743 -0.487536944 0.319697728
