# timestamp tx ty tz qx qy qz qw
173373.396779135 0.001598205 0.002954514 0.000991630 0.528151747 -0.518450737 -0.439630007 0.508910623
173373.430113085 0.001548378 0.002653443 0.000620163 0.527561948 -0.517066637 -0.442426158 0.508507206
173373.463447034 0.001593497 0.002108978 -0.000645438 0.519512794 -0.511200533 -0.452708900 0.513648833
173373.496780983 0.001565835 0.001867457 -0.001642673 0.506695464 -0.502503568 -0.466910581 0.522249347
173373.530114932 0.001206323 0.001494517 -0.002854998 0.490042733 -0.488454604 -0.489131724 0.531055907
173373.563448882 0.000015201 0.001103023 -0.003661100 0.462994508 -0.469790433 -0.518656429 0.543993147
173373.596782831 -0.003648227 0.001261637 -0.003079076 0.424357768 -0.442323927 -0.545204643 0.571858309
173373.630116780 -0.013013778 0.002368022 -0.000552710 0.363871757 -0.401516479 -0.572811584 0.615035569
173373.663450729 -0.007016347 0.011273868 0.007689199 0.282393372 -0.344399643 -0.590172636 0.673304633
173373.696784678 -0.015631731 0.014001627 0.013393343 0.241802946 -0.314646140 -0.594525421 0.699334445
173373.730118628 -0.033338131 0.022766550 0.030273903 0.169987515 -0.258560834 -0.602626397 0.735589536
173373.763452577 -0.048263780 0.036388268 0.052697556 0.126511435 -0.222913327 -0.620391239 0.741228181
173373.796786526 -0.058182190 0.054079490 0.077613129 0.117780988 -0.219072357 -0.654079754 0.714363084
173373.830120475 -0.061891401 0.073627184 0.102144224 0.142016676 -0.244747421 -0.696951486 0.658929883
173373.863454424 -0.085317016 0.081712902 0.127150964 0.191201474 -0.288944247 -0.736084458 0.581491951
173373.896788374 -0.081386260 0.098369043 0.155970771 0.243276939 -0.339304753 -0.758407638 0.500506213
173373.930122323 -0.062910732 0.118337049 0.175294623 0.290752045 -0.383590671 -0.760591012 0.435686536
173373.963456272 -0.063811637 0.122338736 0.206524197 0.328444726 -0.420632796 -0.744330998 0.401451713
173373.996790221 -0.057138747 0.142399042 0.245312382 0.345206016 -0.451213299 -0.711594068 0.413368175
173374.030124171 -0.065473076 0.149710295 0.281108737 0.348192993 -0.477273164 -0.667652417 0.453003550
173374.063458120 -0.080394934 0.159737380 0.315057807 0.332314296 -0.493523343 -0.619771116 0.511747674
173374.096792069 -0.094628076 0.171816069 0.344899463 0.303080868 -0.504713687 -0.572167812 0.570990435
173374.130126018 -0.135394848 0.181043742 0.352476817 0.279445197 -0.510005129 -0.538580181 0.609702008
173374.163459967 -0.155303873 0.199140372 0.367595713 0.273955000 -0.514677669 -0.524070423 0.620810557
173374.196793917 -0.190647688 0.213498467 0.410686944 0.292065425 -0.504183239 -0.536378297 0.610569710
173374.230127866 -0.199341810 0.249560434 0.406029006 0.316532625 -0.506981582 -0.562257293 0.571527348
173374.263461815 -0.223357064 0.272316036 0.402582309 0.338835707 -0.496597633 -0.587166062 0.542049047
173374.296795764 -0.256100189 0.282944277 0.389569503 0.358066344 -0.472669048 -0.601531327 0.535287331
173374.330129713 -0.291770228 0.289360142 0.370995093 0.363775491 -0.444295382 -0.610458683 0.545535702
173374.363463663 -0.311017532 0.310609801 0.348083905 0.358173350 -0.421686380 -0.626679674 0.548785053
173374.396797612 -0.338839160 0.328496947 0.327567377 0.364287005 -0.395396980 -0.644077980 0.544168873
173374.430131561 -0.360842006 0.356673987 0.304297688 0.373864231 -0.380086246 -0.670317085 0.516173408
173374.463465510 -0.392831562 0.370289766 0.279860395 0.385067505 -0.355596847 -0.702528944 0.481380288
173374.496799460 -0.426313925 0.385528162 0.256133948 0.386506695 -0.334391656 -0.738379887 0.439988565
173374.530133409 -0.458753090 0.394742714 0.233530693 0.371682991 -0.312259132 -0.762450952 0.427801979
173374.563467358 -0.483315389 0.403036889 0.220037407 0.351500862 -0.297606494 -0.759794537 0.458900622
173374.596801307 -0.494681742 0.412882761 0.208231792 0.353483892 -0.283061713 -0.738471688 0.499584598
173374.630135256 -0.503431710 0.424399957 0.195026558 0.364128277 -0.279394737 -0.726995286 0.510712279
173374.663469206 -0.513303516 0.433305510 0.183264689 0.382819710 -0.281635238 -0.726304015 0.496601591
173374.696803155 -0.523118073 0.438508783 0.173129070 0.404816020 -0.284656452 -0.726616922 0.476573753
173374.730137104 -0.533406707 0.438106716 0.164976785 0.424749436 -0.290203927 -0.726705928 0.455267056
173374.763471053 -0.546750209 0.433163323 0.158276306 0.440739152 -0.300031955 -0.731092650 0.425715120
173374.796805002 -0.561814437 0.421204566 0.156928768 0.462230703 -0.306749357 -0.721582948 0.414204851
173374.830138952 -0.564262782 0.418961650 0.154807568 0.490914638 -0.313690764 -0.693828367 0.423323895
173374.863472901 -0.566329752 0.416874609 0.151966243 0.518373048 -0.317453265 -0.675379920 0.417582053
173374.896806850 -0.567101920 0.414659740 0.149461145 0.540416012 -0.321701115 -0.656267922 0.416858899
173374.930140799 -0.565891098 0.412370576 0.147133589 0.558338084 -0.325120793 -0.639961105 0.415938502
173374.963474749 -0.560923998 0.409347293 0.146818659 0.576336053 -0.329586410 -0.627649396 0.406528951
173374.996808698 -0.553984966 0.404837863 0.149033956 0.595762329 -0.337607997 -0.618277106 0.385773909
173375.030142647 -0.545612434 0.398430753 0.153460220 0.614172919 -0.353019638 -0.610145083 0.354812257
173375.063476596 -0.537662923 0.388462996 0.158752685 0.628896421 -0.370544738 -0.602156446 0.323409190
173375.096810545 -0.528296591 0.378861630 0.165392299 0.640867366 -0.392105865 -0.588559181 0.298563395
173375.130144495 -0.518124703 0.371464597 0.173185372 0.648938072 -0.415311684 -0.574767501 0.275749710
173375.163478444 -0.507133700 0.364761970 0.181835614 0.654485889 -0.438821554 -0.560269213 0.255308195
173375.196812393 -0.497235512 0.359702278 0.191742703 0.658774534 -0.459948484 -0.544517898 0.240756650
173375.230146342 -0.487778667 0.357731366 0.197014431 0.661976300 -0.462222923 -0.539230922 0.239514842
173375.263480291 -0.477611414 0.357412615 0.200503347 0.668993762 -0.453101116 -0.535261959 0.246254667
173375.296814241 -0.465733667 0.358430486 0.203477135 0.677472811 -0.446916526 -0.524972293 0.256320699
173375.330148190 -0.452492330 0.358993689 0.207490024 0.684557242 -0.447551273 -0.507968498 0.270272540
173375.363482139 -0.438140096 0.360000916 0.210714561 0.683902620 -0.454753191 -0.493136839 0.286867217
173375.396816088 -0.423664541 0.360745255 0.213036345 0.676533598 -0.471617957 -0.476578375 0.304551876
173375.430150038 -0.407636807 0.361735955 0.215359635 0.663620825 -0.493237912 -0.460183774 0.323349127
173375.463483987 -0.390883936 0.362226108 0.220929377 0.645423633 -0.524361174 -0.440169776 0.338709700
173375.496817936 -0.377408305 0.362378293 0.227871726 0.627066253 -0.553640569 -0.418950073 0.353200892
173375.530151885 -0.366780277 0.364948851 0.236439305 0.615402682 -0.567403761 -0.409022113 0.363364036
173375.563485834 -0.359040952 0.368807749 0.246793533 0.607331340 -0.569307471 -0.411930937 0.370608350
173375.596819784 -0.354359604 0.372557707 0.257425361 0.597176110 -0.563362073 -0.421669494 0.384965852
173375.630153733 -0.351910776 0.377179635 0.270178828 0.584432035 -0.555628121 -0.435354756 0.400228464
173375.663487682 -0.351880841 0.382172624 0.286167395 0.575676863 -0.545721129 -0.450947148 0.409183662
173375.696821631 -0.354029810 0.386573489 0.305443586 0.571277701 -0.535152240 -0.464864633 0.413708521
173375.730155580 -0.355857556 0.389860251 0.327682760 0.569454163 -0.529724299 -0.471754501 0.415405601
173375.763489530 -0.359740383 0.390784426 0.352166845 0.571349272 -0.530159010 -0.471475485 0.412555815
173375.796823479 -0.364684422 0.390082083 0.377823102 0.576340994 -0.534199357 -0.467539240 0.404807565
173375.830157428 -0.370463503 0.387522925 0.402855708 0.584493214 -0.541259618 -0.458495632 0.393938401
173375.863491377 -0.375899034 0.385513025 0.426117954 0.595080397 -0.547713323 -0.446667471 0.382593266
173375.896825327 -0.382863947 0.381925297 0.448549705 0.606109006 -0.551777397 -0.435124269 0.372612998
173375.930159276 -0.391088641 0.377948357 0.468566184 0.616706537 -0.553314081 -0.425382907 0.364096082
173375.963493225 -0.399974344 0.373362865 0.486539359 0.624978070 -0.555419819 -0.416321720 0.357193871
173375.996827174 -0.408541517 0.368302100 0.504217768 0.631448219 -0.562552592 -0.403098538 0.349741757
173376.030161123 -0.416843721 0.361879468 0.521147623 0.636395471 -0.573587448 -0.387539771 0.340310401
173376.063495073 -0.423811940 0.354752223 0.536439510 0.639274708 -0.584252549 -0.373294638 0.332607756
173376.096829022 -0.432221569 0.345868874 0.547353385 0.640917799 -0.590292385 -0.364313450 0.328717181
173376.130162971 -0.439358508 0.336443906 0.556573901 0.641561337 -0.594171439 -0.360952934 0.324148624
173376.163496920 -0.444911213 0.327051811 0.565751594 0.642490278 -0.600126669 -0.355426784 0.317373635
173376.196830869 -0.449042413 0.319034051 0.574796717 0.643542223 -0.606686754 -0.347746762 0.311218220
173376.230164819 -0.451774964 0.312598627 0.583048469 0.647822748 -0.609322813 -0.339266882 0.306511629
173376.263498768 -0.451838631 0.309111385 0.587782265 0.654474245 -0.604347742 -0.333062853 0.309024925
173376.296832717 -0.451252606 0.308950183 0.590712088 0.660251098 -0.592307927 -0.330642651 0.322358875
173376.330166666 -0.449170367 0.311209544 0.591311962 0.663482828 -0.578620216 -0.330636468 0.340101029
173376.363500616 -0.445446477 0.315434496 0.591032881 0.663825033 -0.568232539 -0.329878298 0.357251194
173376.396834565 -0.440118895 0.320638611 0.590617911 0.663234421 -0.562093865 -0.327631067 0.369903331
173376.430168514 -0.433723742 0.326615617 0.589867269 0.660485459 -0.559621965 -0.325509344 0.380297096
173376.463502463 -0.428620853 0.334672662 0.588512455 0.653939673 -0.559932905 -0.323704710 0.392496251
173376.496836412 -0.417925030 0.342019128 0.587620005 0.646753376 -0.563357005 -0.323610642 0.399518595
173376.530170362 -0.404765298 0.349163158 0.588398388 0.639252972 -0.569910640 -0.322680328 0.403032141
173376.563504311 -0.389917956 0.356544926 0.588412878 0.630976314 -0.575773404 -0.322246390 0.408057768
173376.596838260 -0.372480100 0.363756512 0.587468215 0.621329065 -0.578876757 -0.327279455 0.414415312
173376.630172209 -0.351310388 0.370503305 0.586046526 0.612303641 -0.577717205 -0.337775459 0.420992661
173376.663506158 -0.328245279 0.378280393 0.585622227 0.608660995 -0.574625203 -0.345584432 0.424156893
173376.696840108 -0.303088115 0.386041142 0.586291629 0.607017067 -0.574250555 -0.348347842 0.424759181
173376.730174057 -0.277116085 0.393626083 0.587354308 0.603294412 -0.579540976 -0.348336880 0.422882403
173376.763508006 -0.250444409 0.400711285 0.588477653 0.599054052 -0.587750802 -0.345915110 0.419554494
173376.796841955 -0.224028116 0.407612445 0.589010884 0.594633606 -0.596707977 -0.343124523 0.415470850
173376.830175905 -0.198969837 0.414017388 0.588908931 0.592160790 -0.601287475 -0.343280182 0.412259248
173376.863509854 -0.175753689 0.420003758 0.587930922 0.589856920 -0.604504390 -0.344861041 0.409529143
173376.896843803 -0.154820137 0.423510067 0.586380853 0.585568150 -0.610446703 -0.345966397 0.405921196
173376.930177752 -0.137988642 0.425277374 0.583752059 0.579100914 -0.618433953 -0.347869503 0.401457826
173376.963511701 -0.125494330 0.426384185 0.579625777 0.570823137 -0.625089027 -0.354148680 0.397496374
173376.996845651 -0.116971074 0.427320639 0.573932388 0.561891365 -0.629002495 -0.365325868 0.393917460
173377.030179600 -0.112228667 0.428422971 0.567896239 0.553644597 -0.632285317 -0.377020720 0.389292070
173377.063513549 -0.110924742 0.430256301 0.562160673 0.547060352 -0.634798982 -0.386916659 0.384773600
173377.096847498 -0.114080214 0.432221103 0.556727231 0.541977265 -0.635789316 -0.395625444 0.381461791
173377.130181447 -0.121227482 0.435273928 0.551883123 0.538046335 -0.635546328 -0.403390313 0.379293109
173377.163515397 -0.133258330 0.440171595 0.547204816 0.537173171 -0.632105607 -0.409626282 0.379596887
173377.196849346 -0.149880918 0.446210244 0.542584788 0.537545475 -0.627768147 -0.412764644 0.382854233
173377.230183295 -0.170314844 0.452548193 0.536391223 0.536738571 -0.623096277 -0.414837172 0.389323587
173377.263517244 -0.195570137 0.459551119 0.527893409 0.533672663 -0.618005429 -0.420744734 0.395267816
173377.296851194 -0.223096810 0.466564632 0.518058224 0.530545421 -0.614325176 -0.429867276 0.395398862
173377.330185143 -0.250408088 0.473037917 0.508193912 0.530431206 -0.612753635 -0.437335140 0.389761073
173377.363519092 -0.274991837 0.478420518 0.498874702 0.529539942 -0.613638504 -0.442546576 0.383650575
173377.396853041 -0.298134772 0.482622699 0.489839459 0.525523285 -0.614717064 -0.449864074 0.378907011
173377.430186990 -0.318830635 0.486171951 0.482073091 0.520172836 -0.615900017 -0.456645331 0.376247834
173377.463520940 -0.337043006 0.489454100 0.475873160 0.516791642 -0.616432653 -0.459501170 0.376557909
173377.496854889 -0.353014467 0.492346905 0.471193555 0.514931931 -0.616720256 -0.459509840 0.378618462
173377.530188838 -0.366942282 0.495867027 0.467209366 0.515200545 -0.615082458 -0.459628666 0.380766934
173377.563522787 -0.377897297 0.500156810 0.464339916 0.518173717 -0.612536699 -0.458690324 0.381965938
173377.596856736 -0.385560635 0.504784053 0.462752984 0.523369044 -0.610729927 -0.455614063 0.381457238
173377.630190686 -0.389825963 0.509775314 0.462173745 0.529052923 -0.609766326 -0.452472229 0.378889052
173377.663524635 -0.391628898 0.515432795 0.462095383 0.534637463 -0.609218618 -0.449911608 0.374960001
173377.696858584 -0.390161488 0.521058308 0.463405236 0.541788371 -0.606844490 -0.447646047 0.371238660
173377.730192533 -0.387769883 0.526799837 0.464587383 0.551690100 -0.602145721 -0.443831613 0.368879470
173377.763526483 -0.383505777 0.531753100 0.466744327 0.561941813 -0.597227186 -0.437357255 0.369133741
173377.796860432 -0.378361363 0.535324647 0.469039397 0.568694825 -0.594397396 -0.429553455 0.372507397
173377.830194381 -0.372211403 0.537193832 0.471198487 0.570713013 -0.593026172 -0.423664883 0.378305013
173377.863528330 -0.365076983 0.537126093 0.473445213 0.569391548 -0.593389278 -0.419612382 0.384197707
173377.896862279 -0.356613614 0.535349064 0.475974670 0.567376401 -0.594714385 -0.416816620 0.388152967
173377.930196229 -0.346904135 0.531459127 0.479338113 0.565554153 -0.598109417 -0.413503433 0.389138197
173377.963530178 -0.336292805 0.524672880 0.483899526 0.562162109 -0.604938573 -0.408586066 0.388690768
173377.996864127 -0.325563204 0.514946384 0.489285216 0.557907669 -0.613834816 -0.403489542 0.386189127
173378.030198076 -0.315180384 0.502276851 0.495184950 0.552116647 -0.623383935 -0.400586388 0.382217508
173378.063532025 -0.305741245 0.486713509 0.501527740 0.544298905 -0.633731957 -0.399523303 0.377496542
173378.096865975 -0.296911415 0.467852596 0.507531448 0.534708585 -0.644225227 -0.401668833 0.371110137
173378.130199924 -0.291233044 0.446345271 0.514128239 0.522381292 -0.657129000 -0.405758113 0.361468693
173378.163533873 -0.288540786 0.421593688 0.521087023 0.506691532 -0.673136970 -0.409165304 0.350334217
173378.196867822 -0.290449373 0.394977555 0.527362685 0.486687848 -0.690403618 -0.414824416 0.338228453
173378.230201772 -0.296890573 0.366769057 0.532910224 0.463344271 -0.709606902 -0.420112499 0.324462046
173378.263535721 -0.307164272 0.338105863 0.536915362 0.438074322 -0.729102722 -0.425452070 0.309015606
173378.296869670 -0.321281945 0.309658131 0.538695719 0.412631520 -0.746252369 -0.432897342 0.292305528
173378.330203619 -0.339004719 0.281622268 0.537996729 0.386515107 -0.760387793 -0.443665927 0.274912753
173378.363537568 -0.360724838 0.254705515 0.534825446 0.359016985 -0.771500121 -0.458294411 0.256633201
173378.396871518 -0.385058579 0.229212852 0.530049460 0.329352516 -0.781463745 -0.474354868 0.236281176
173378.430205467 -0.412370540 0.206428604 0.523734265 0.299475943 -0.790015759 -0.490677447 0.213131188
173378.463539416 -0.441203652 0.186771576 0.516384422 0.270414704 -0.796994732 -0.506072029 0.188590525
173378.496873365 -0.470174994 0.169489944 0.508540285 0.242273104 -0.802207201 -0.519976946 0.165503252
173378.530207314 -0.499337703 0.155995291 0.499928914 0.214083215 -0.806095126 -0.532059805 0.145915693
173378.563541264 -0.527008357 0.145599829 0.491416222 0.187604879 -0.808106903 -0.542816850 0.130833900
173378.596875213 -0.551963488 0.137946526 0.483300023 0.162953911 -0.809146160 -0.551320107 0.121551036
173378.630209162 -0.573456221 0.132682177 0.476035311 0.140996192 -0.809448415 -0.557344591 0.119500397
173378.663543111 -0.589117629 0.129464837 0.468810451 0.124675747 -0.806747334 -0.564356781 0.122947640
173378.696877061 -0.598326022 0.128199529 0.461121276 0.116999866 -0.799337888 -0.574946115 0.129641574
173378.730211010 -0.600896264 0.128693748 0.452676893 0.118692803 -0.787781305 -0.588042755 0.139708098
173378.763544959 -0.598588822 0.131183142 0.443289933 0.122854215 -0.776149258 -0.598475969 0.155966935
173378.796878908 -0.590568197 0.134008044 0.435021824 0.125360212 -0.768825026 -0.600395289 0.180882265
173378.830212857 -0.578139254 0.137509712 0.427885657 0.129000169 -0.767251610 -0.590506772 0.214442707
173378.863546807 -0.560462160 0.142504405 0.420244467 0.135720098 -0.766903859 -0.573538538 0.253952892
173378.896880756 -0.537932105 0.150498162 0.411195256 0.150291854 -0.762814815 -0.555210184 0.295410847
173378.930214705 -0.514158568 0.163755308 0.400061761 0.173501275 -0.752847090 -0.539038484 0.335493784
173378.963548654 -0.489487926 0.181177435 0.387447094 0.202923467 -0.738485142 -0.524178133 0.372423209
173378.996882603 -0.465403389 0.200759718 0.375823294 0.234675364 -0.721982485 -0.510545332 0.403747729
173379.030216553 -0.442343016 0.223566841 0.364576723 0.267747964 -0.706434200 -0.494985346 0.429244983
173379.063550502 -0.421726256 0.249454636 0.354776152 0.303955923 -0.689857721 -0.477453562 0.451381455
173379.096884451 -0.404644778 0.277226732 0.346814331 0.342107683 -0.669526799 -0.461128891 0.471228548
173379.130218400 -0.390959156 0.305609476 0.341410067 0.380385192 -0.647030880 -0.446245884 0.487363065
173379.163552350 -0.380330193 0.332532264 0.339315706 0.416512353 -0.626803389 -0.429491209 0.499171586
173379.196886299 -0.372779905 0.358268026 0.339819099 0.450371438 -0.608736315 -0.411346087 0.507346098
173379.230220248 -0.367311168 0.382188083 0.342827616 0.482877682 -0.592603857 -0.391744277 0.512041243
173379.263554197 -0.363812358 0.403615983 0.346528605 0.511308398 -0.575986596 -0.375190492 0.515786059
173379.296888146 -0.361018498 0.421489688 0.351191841 0.533536696 -0.561714344 -0.364111809 0.516950849
173379.330222096 -0.359108130 0.437196411 0.357165640 0.549185196 -0.551287074 -0.353072034 0.519440392
173379.363556045 -0.358001706 0.450905523 0.363630367 0.560535652 -0.545022978 -0.342141265 0.521238037
173379.396889994 -0.357665788 0.462552951 0.370056882 0.570772837 -0.541664619 -0.328638344 0.522316617
173379.430223943 -0.356573712 0.473073174 0.375757256 0.582140147 -0.537446245 -0.314564763 0.522793834
173379.463557892 -0.355675844 0.481518339 0.380490191 0.593969058 -0.530141582 -0.300632038 0.525139066
173379.496891842 -0.355136791 0.487853682 0.383194029 0.601919390 -0.521599547 -0.291656666 0.529682310
173379.530225791 -0.354264473 0.489365751 0.384760822 0.606234902 -0.514395595 -0.286705175 0.534487191
173379.563559740 -0.353236219 0.487867411 0.385931558 0.608813544 -0.513212846 -0.282394480 0.534987851
173379.596893689 -0.351817804 0.480277566 0.387166547 0.610185226 -0.517872699 -0.279343862 0.530517544
173379.630227639 -0.349251741 0.469520011 0.387621178 0.608843326 -0.526936175 -0.279178256 0.523170692
173379.663561588 -0.345807952 0.453963079 0.387245685 0.605306774 -0.538366205 -0.283019143 0.513483888
173379.696895537 -0.341929353 0.434916717 0.386282389 0.600615896 -0.549328866 -0.289475220 0.503688833
173379.730229486 -0.338518761 0.413725592 0.385449183 0.594471610 -0.561749330 -0.296664886 0.492981887
173379.763563435 -0.335826625 0.392326529 0.384932342 0.586571635 -0.574708963 -0.303646973 0.483158195
173379.796897385 -0.334416733 0.370032423 0.384048969 0.574785727 -0.587615284 -0.314636074 0.474693361
173379.830231334 -0.333591170 0.347420972 0.383325531 0.561587101 -0.599891831 -0.326401490 0.467131445
173379.863565283 -0.333239307 0.325715268 0.382948094 0.548737228 -0.611459410 -0.336448382 0.460225304
173379.896899232 -0.333971087 0.305653550 0.382445097 0.537052519 -0.621911503 -0.345614905 0.453156719
173379.930233181 -0.335090800 0.288000795 0.381626717 0.528238382 -0.630005548 -0.354087787 0.445734292
173379.963567131 -0.336755521 0.273406004 0.380611380 0.521679494 -0.636113967 -0.361137902 0.439077376
173379.996901080 -0.339152494 0.262041490 0.379448442 0.516234019 -0.640515395 -0.366042945 0.435034515
173380.030235029 -0.342117901 0.253423419 0.378002704 0.510478787 -0.643207457 -0.370714801 0.433896430
173380.063568978 -0.345241075 0.246822530 0.375904990 0.503735918 -0.644705783 -0.376034522 0.434974271
173380.096902928 -0.348468681 0.242909838 0.373938652 0.497429533 -0.645532977 -0.380838235 0.436821788
173380.130236877 -0.350651551 0.240803847 0.372178368 0.492728079 -0.645869858 -0.385362417 0.437683647
173380.163570826 -0.352909978 0.241441026 0.370656785 0.490398407 -0.644961546 -0.390121817 0.437423106
173380.196904775 -0.354014473 0.243242071 0.368810539 0.490515788 -0.642708385 -0.394518292 0.436664070
173380.230238724 -0.354179996 0.246529874 0.367198980 0.492265720 -0.638952136 -0.398392942 0.436689469
173380.263572674 -0.353510540 0.251317548 0.365838946 0.495436461 -0.633840355 -0.401844292 0.437390309
173380.296906623 -0.352077550 0.257504755 0.364905126 0.500247062 -0.627543571 -0.404747543 0.438316518
173380.330240572 -0.350213776 0.265201330 0.364865326 0.506070995 -0.621323259 -0.406261404 0.439091366
173380.363574521 -0.348039939 0.274023395 0.365890618 0.512043193 -0.616334483 -0.406419062 0.439052524
173380.396908470 -0.345990671 0.283915880 0.367770447 0.516890120 -0.612429435 -0.406861053 0.438427731
173380.430242420 -0.344013121 0.294662453 0.370353403 0.520518287 -0.609174359 -0.408156690 0.437464775
173380.463576369 -0.342581252 0.306765715 0.373329483 0.523893214 -0.606158716 -0.409047028 0.436792904
173380.496910318 -0.340134009 0.319083444 0.377507360 0.528115187 -0.603332880 -0.408566915 0.436069789
173380.530244267 -0.338157246 0.332259589 0.381659830 0.533028805 -0.600959196 -0.407657317 0.434216364
173380.563578217 -0.336514014 0.345095652 0.385531636 0.537860325 -0.598654333 -0.408316505 0.430809579
173380.596912166 -0.334401398 0.357923826 0.389293075 0.542602791 -0.596993928 -0.409623086 0.425898331
173380.630246115 -0.332367876 0.370938916 0.392697449 0.547595321 -0.595884188 -0.410736687 0.419948535
173380.663580064 -0.330632194 0.383852799 0.395503581 0.552760931 -0.594572454 -0.411434934 0.414319014
173380.696914013 -0.329289089 0.396394492 0.397437895 0.557988431 -0.591851448 -0.412727753 0.409898251
173380.730247963 -0.328244789 0.408376420 0.398874707 0.562810623 -0.588731459 -0.413750399 0.406755553
173380.763581912 -0.327460672 0.419638596 0.400183140 0.566829435 -0.586433639 -0.412889898 0.405366392
173380.796915861 -0.327292806 0.430109760 0.400906739 0.567846598 -0.585181231 -0.411502835 0.407159164
173380.830249810 -0.327402544 0.439365587 0.400753004 0.565996795 -0.584158104 -0.411695260 0.410991423
173380.863583759 -0.327765525 0.447789430 0.399595778 0.562611464 -0.583475156 -0.412578552 0.415697030
173380.896917709 -0.327135846 0.453533565 0.398130218 0.558531754 -0.582990248 -0.412978055 0.421442495
173380.930251658 -0.325858976 0.457133069 0.395821960 0.553622866 -0.582457762 -0.413868833 0.427735043
173380.963585607 -0.324156125 0.457762310 0.392587328 0.547462120 -0.581992496 -0.416379121 0.433818384
173380.996919556 -0.321058417 0.454792483 0.389055432 0.540469246 -0.581524654 -0.419629194 0.440037965
173381.030253506 -0.316787152 0.448479233 0.385492849 0.533098078 -0.582582337 -0.422718138 0.444650014
173381.063587455 -0.311604424 0.439128461 0.381926592 0.525956422 -0.584167604 -0.425431366 0.448470965
173381.096921404 -0.305844772 0.427515161 0.378508342 0.519617156 -0.584595835 -0.428492811 0.452371122
173381.130255353 -0.301076229 0.415049398 0.375731965 0.514693629 -0.584819189 -0.430104123 0.456166009
173381.163589302 -0.295335394 0.400668539 0.374776596 0.511306626 -0.585638090 -0.429161507 0.459797741
173381.196923252 -0.290533018 0.386205537 0.375519089 0.507249662 -0.589346489 -0.426248571 0.462256046
173381.230257201 -0.287386169 0.372417602 0.377074918 0.501057778 -0.594813327 -0.424169892 0.463916061
173381.263591150 -0.285943115 0.359902570 0.379107642 0.494454020 -0.599967856 -0.423405289 0.465061023
173381.296925099 -0.285282950 0.348559442 0.382084917 0.489147050 -0.605701340 -0.421230435 0.465216047
173381.330259049 -0.285665779 0.339088346 0.385033930 0.485339866 -0.610130991 -0.419135434 0.465307292
173381.363592998 -0.287021977 0.331623181 0.387764228 0.483477359 -0.613182840 -0.418254573 0.464025387
173381.396926947 -0.288982090 0.325784416 0.390299810 0.482870270 -0.615397868 -0.417199706 0.462672856
173381.430260896 -0.291426987 0.321410909 0.392368374 0.483078193 -0.616288279 -0.416220026 0.462152687
173381.463594845 -0.294288063 0.318050154 0.393863732 0.483611772 -0.616370207 -0.415851802 0.461816739
173381.496928795 -0.297534502 0.315645477 0.394641999 0.484220875 -0.614958282 -0.417037661 0.461991391
173381.530262744 -0.300651936 0.314045103 0.394958884 0.485573264 -0.613108387 -0.418385223 0.461812209
173381.563596693 -0.303703803 0.314262225 0.395099195 0.490081970 -0.610624020 -0.418439973 0.460288995
173381.596930642 -0.306454638 0.313680861 0.395279804 0.497836556 -0.607885925 -0.416813196 0.457056041
173381.630264591 -0.309359478 0.313359317 0.395108798 0.506135081 -0.604909666 -0.415732828 0.452855155
173381.663598541 -0.312260008 0.313048699 0.394712534 0.514250395 -0.602057438 -0.415513421 0.447685124
173381.696932490 -0.315280365 0.312971199 0.394248385 0.522409330 -0.599408053 -0.414336506 0.442858598
173381.730266439 -0.318582807 0.313291159 0.393206196 0.530318640 -0.595047743 -0.413784537 0.439843928
173381.763600388 -0.322344688 0.314017782 0.391606277 0.537427832 -0.589731399 -0.414062700 0.438109899
173381.796934338 -0.326485368 0.315118942 0.389678765 0.543567960 -0.584509617 -0.414288141 0.437318781
173381.830268287 -0.330832541 0.316585688 0.387755967 0.548434704 -0.580689392 -0.413477289 0.437099231
173381.863602236 -0.335176332 0.318108654 0.385833946 0.552400360 -0.578270023 -0.411539485 0.437141712
173381.896936185 -0.339394995 0.319703981 0.383660532 0.555417261 -0.576167145 -0.409984343 0.437556768
173381.930270134 -0.343162269 0.321294842 0.381311961 0.557727829 -0.573861960 -0.408765188 0.438785986
173381.963604084 -0.346365738 0.322860527 0.378998096 0.560089351 -0.571275487 -0.406867288 0.440911836
173381.996938033 -0.348913996 0.323991846 0.376869229 0.562420771 -0.567880979 -0.404980138 0.444055355
173382.030271982 -0.350909869 0.325008607 0.374942236 0.564303978 -0.563737871 -0.403618965 0.448165554
173382.063605931 -0.352278092 0.326055378 0.373592753 0.566011809 -0.559432170 -0.401354959 0.453409833
173382.096939880 -0.353213840 0.327036458 0.372910528 0.567060320 -0.556135768 -0.398051613 0.459032149
173382.130273830 -0.353622888 0.328283336 0.372686233 0.568218291 -0.553099826 -0.393849453 0.464856070
173382.163607779 -0.353733855 0.329690383 0.372634119 0.569504490 -0.550085780 -0.389878099 0.470175860
173382.196941728 -0.353601375 0.331234306 0.372662450 0.570849056 -0.547018532 -0.386229151 0.475109591
173382.230275677 -0.353424694 0.332868914 0.372741867 0.572111936 -0.544462645 -0.382434428 0.479575093
173382.263609627 -0.353325436 0.334423379 0.372668041 0.572632870 -0.542423243 -0.379430284 0.483633417
173382.296943576 -0.353404827 0.335922765 0.372287034 0.572145421 -0.540497614 -0.377886119 0.487559256
173382.330277525 -0.353656464 0.337375754 0.371700683 0.570927115 -0.538705881 -0.377316757 0.491396244
173382.363611474 -0.354192649 0.338719543 0.370826680 0.569275066 -0.536787684 -0.377508216 0.495249865
173382.396945423 -0.354540788 0.340119081 0.369973873 0.567972128 -0.534477479 -0.378284073 0.498640799
173382.430279373 -0.355013764 0.341543042 0.369118070 0.566993548 -0.532018517 -0.380122188 0.500980773
173382.463613322 -0.355787964 0.342780943 0.368374818 0.565734901 -0.530215337 -0.382817203 0.502261593
173382.496947271 -0.356759548 0.343651662 0.367779003 0.562836029 -0.530870352 -0.386888306 0.501706800
173382.530281220 -0.357614019 0.343704371 0.367036549 0.558395641 -0.533957999 -0.393193787 0.498479497
173382.563615169 -0.357966563 0.342613861 0.366069952 0.553869218 -0.538685718 -0.402861723 0.490661817
173382.596949119 -0.357051699 0.340509964 0.365763340 0.552291478 -0.545242249 -0.412115717 0.477331803
173382.630283068 -0.354787507 0.337147246 0.366938168 0.554496709 -0.554452534 -0.418363313 0.458353496
173382.663617017 -0.351775371 0.332794452 0.370096389 0.557732047 -0.565899007 -0.422504051 0.436100453
173382.696950966 -0.349109707 0.327579299 0.375230728 0.559411010 -0.578658324 -0.425967438 0.413237956
173382.730284916 -0.347371090 0.322192232 0.382951656 0.558241040 -0.592249827 -0.428140819 0.392813598
173382.763618865 -0.347678043 0.317878267 0.393909467 0.553710668 -0.609374503 -0.425883324 0.375087464
173382.796952814 -0.349519343 0.314447528 0.407309858 0.545397181 -0.629808376 -0.419856816 0.360004970
173382.830286763 -0.351824258 0.313808838 0.422940196 0.534051598 -0.652310303 -0.409658076 0.348511720
173382.863620712 -0.350442951 0.317328241 0.440536192 0.531396278 -0.668806384 -0.392453220 0.341022706
173382.896954662 -0.349097781 0.323607921 0.457243930 0.533955823 -0.680352436 -0.378675447 0.329570398
173382.930288611 -0.350274011 0.330210070 0.473420123 0.535591205 -0.691835906 -0.368936042 0.313673934
173382.963622560 -0.354754790 0.336422986 0.491670194 0.533164810 -0.711479094 -0.352973122 0.291449409
173382.996956509 -0.361680837 0.343485102 0.510728427 0.529134139 -0.734587079 -0.331338212 0.265732715
173383.030290458 -0.367764243 0.351955302 0.529580689 0.527260724 -0.751182913 -0.311045060 0.246923735
173383.063624408 -0.372405473 0.361055208 0.548255065 0.529105191 -0.761697821 -0.292927643 0.232502735
173383.096958357 -0.376204016 0.370788881 0.565704801 0.533160916 -0.768185700 -0.277286146 0.220777175
173383.130292306 -0.379150840 0.380143646 0.581368782 0.534560076 -0.773567784 -0.264711307 0.213930671
173383.163626255 -0.380927896 0.388643987 0.594644497 0.534948839 -0.776639734 -0.253979985 0.214836285
173383.196960205 -0.380467067 0.396707910 0.603585309 0.534576614 -0.774805965 -0.252507098 0.223927951
173383.230294154 -0.378584854 0.404157690 0.607468047 0.533371904 -0.767750528 -0.261473597 0.240218854
173383.263628103 -0.373851117 0.410588859 0.607306894 0.530621836 -0.758298763 -0.275552764 0.259796320
173383.296962052 -0.368913062 0.415626199 0.603057973 0.524508681 -0.748779815 -0.293416588 0.279510535
173383.330296001 -0.363668635 0.420039303 0.595547162 0.516988233 -0.738552400 -0.311991136 0.299875057
173383.363629951 -0.357190113 0.424052273 0.585417650 0.511482143 -0.726981555 -0.327726751 0.320123435
173383.396963900 -0.351180218 0.427229744 0.572045820 0.504405958 -0.714970788 -0.345052217 0.339603254
173383.430297849 -0.346266231 0.429514464 0.555350608 0.493560536 -0.701752480 -0.370362096 0.356052484
173383.463631798 -0.343416131 0.430438075 0.534636891 0.478248820 -0.684099799 -0.406289460 0.371771980
173383.496965747 -0.342960774 0.430835542 0.510342516 0.456320941 -0.658867487 -0.453420011 0.389968110
173383.530299697 -0.345529448 0.430664913 0.483625866 0.425098780 -0.628123643 -0.508208659 0.408014309
173383.563633646 -0.351177434 0.429842261 0.456215430 0.386875919 -0.592976332 -0.561071277 0.428841597
173383.596967595 -0.359140103 0.428457751 0.430431060 0.344365088 -0.559589428 -0.602613794 0.452911661
173383.630301544 -0.368657975 0.426617406 0.408204152 0.305807434 -0.532243195 -0.629312149 0.476618520
173383.663635494 -0.376109224 0.423961069 0.389949363 0.277793591 -0.514384642 -0.640342374 0.498197556
173383.696969443 -0.382552676 0.419081966 0.375046965 0.256508459 -0.503464114 -0.643428415 0.516456359
173383.730303392 -0.389997406 0.412142147 0.362687790 0.235156561 -0.496103405 -0.645436085 0.531032075
173383.763637341 -0.398004633 0.403020250 0.353067424 0.214814992 -0.491098409 -0.647604548 0.541558142
173383.796971290 -0.406460950 0.392971346 0.346227041 0.198476144 -0.485134217 -0.659579208 0.538708901
173383.830305240 -0.412825106 0.382803763 0.344737099 0.194978720 -0.487495120 -0.664425441 0.531855845
173383.863639189 -0.415471979 0.371501929 0.347228561 0.203590809 -0.501262226 -0.662616792 0.517905349
173383.896973138 -0.414430260 0.359269576 0.353448801 0.220747998 -0.525374165 -0.654927066 0.496309225
173383.930307087 -0.411517054 0.346670828 0.364105059 0.242354836 -0.554325221 -0.643284804 0.469225259
173383.963641036 -0.408359150 0.334039398 0.378451134 0.266502774 -0.581569123 -0.632768538 0.436299900
173383.996974986 -0.405584929 0.322541051 0.397085554 0.294793583 -0.604026655 -0.620077702 0.404663055
173384.030308935 -0.402976523 0.312476264 0.420482254 0.325845502 -0.623059395 -0.604899463 0.373789163
173384.063642884 -0.400567567 0.303649115 0.448050431 0.358480674 -0.642557080 -0.584026236 0.342819720
173384.096976833 -0.399346668 0.296869374 0.479201199 0.392874480 -0.662072035 -0.555396465 0.314396296
173384.130310783 -0.398153676 0.292885636 0.512208682 0.427696241 -0.681854029 -0.515884017 0.293282611
173384.163644732 -0.398494447 0.291784790 0.545598004 0.462415763 -0.699491141 -0.470485330 0.274822415
173384.196978681 -0.397841978 0.293538954 0.577350957 0.493424722 -0.715621939 -0.422777811 0.256273697
173384.230312630 -0.399106472 0.298251068 0.607221595 0.520798395 -0.729558464 -0.374560507 0.237103156
173384.263646579 -0.400739476 0.305419813 0.633792851 0.545244286 -0.739748393 -0.330085667 0.215695238
173384.296980529 -0.402391314 0.314325123 0.656785789 0.567269515 -0.745335549 -0.290464858 0.195730387
173384.330314478 -0.403175260 0.325241360 0.675860498 0.586840863 -0.747849184 -0.251605020 0.181753442
173384.363648427 -0.403247623 0.337560495 0.690619509 0.602563997 -0.748862014 -0.213675177 0.174542923
173384.396982376 -0.401109826 0.350393259 0.700680790 0.617237298 -0.744452783 -0.187098954 0.172633000
173384.430316325 -0.398493152 0.362745636 0.708455271 0.631856680 -0.735914286 -0.173100024 0.170949355
173384.463650275 -0.395248649 0.375940587 0.714349259 0.644483630 -0.726876382 -0.161517886 0.173791683
173384.496984224 -0.391861406 0.388696405 0.718024999 0.654175217 -0.718802971 -0.152666670 0.179080880
173384.530318173 -0.389134060 0.402091112 0.718413767 0.664114799 -0.707718033 -0.152297077 0.186794863
173384.563652122 -0.384629477 0.415191183 0.716653115 0.672707579 -0.696549565 -0.154829533 0.195732040
173384.596986072 -0.378670149 0.428147615 0.711833036 0.680035963 -0.684366660 -0.164427907 0.205321275
173384.630320021 -0.370800452 0.440203211 0.702717626 0.682533969 -0.671059544 -0.184255491 0.223330212
173384.663653970 -0.361943880 0.451543474 0.688919258 0.678791731 -0.655300217 -0.213276207 0.253646745
173384.696987919 -0.353546553 0.462425135 0.670888216 0.669091239 -0.636403682 -0.250304389 0.290955290
173384.730321868 -0.345829856 0.471428538 0.648691769 0.652998764 -0.614659170 -0.291133484 0.333208663
173384.763655818 -0.338389482 0.479468176 0.623607578 0.631498097 -0.588043323 -0.330705624 0.382163569
173384.796989767 -0.332861375 0.488505217 0.597221125 0.610126252 -0.553507454 -0.367273558 0.431839771
173384.830323716 -0.330400045 0.498366310 0.571351646 0.589552136 -0.515277311 -0.398855706 0.477317188
173384.863657665 -0.328418207 0.507654614 0.547759163 0.568720952 -0.477630340 -0.423026876 0.519108852
173384.896991614 -0.326672982 0.516500918 0.528145778 0.552052911 -0.445393631 -0.438453449 0.551924515
173384.930325564 -0.325788915 0.525330400 0.512795882 0.541032283 -0.417915070 -0.447867422 0.576234185
173384.963659513 -0.324245134 0.532441559 0.502127595 0.533320891 -0.399812347 -0.454666879 0.590759632
173384.996993462 -0.321732020 0.537755511 0.496616950 0.530707801 -0.394677358 -0.458814176 0.593353660
173385.030327411 -0.317145745 0.540782159 0.495348468 0.533600919 -0.401249108 -0.460062130 0.585330718
173385.063661361 -0.311399925 0.541124982 0.497323948 0.539892722 -0.417558763 -0.458326401 0.569295563
173385.096995310 -0.304903848 0.537836989 0.501534810 0.546062687 -0.440557839 -0.455158231 0.548229257
173385.130329259 -0.298871905 0.530449869 0.506640350 0.549171993 -0.467264946 -0.452983695 0.524289391
173385.163663208 -0.294074151 0.518764502 0.511796979 0.548282703 -0.494863519 -0.453769646 0.498587288
173385.196997157 -0.291559597 0.504217939 0.516333452 0.543027269 -0.521267889 -0.458933049 0.471997489
173385.230331107 -0.291671668 0.487064833 0.520379017 0.532238057 -0.548064570 -0.466961560 0.445303020
173385.263665056 -0.293820512 0.467773092 0.523898910 0.516084231 -0.574424719 -0.476143639 0.420690555
173385.296999005 -0.298412763 0.447363726 0.526662497 0.495245815 -0.598557619 -0.487912061 0.397997714
173385.330332954 -0.304190296 0.426624293 0.529671187 0.472785896 -0.620823088 -0.497344797 0.379078282
173385.363666903 -0.311920612 0.406228441 0.533046840 0.449431410 -0.641976956 -0.504858561 0.361932078
173385.397000853 -0.320223870 0.386709694 0.536792046 0.428677634 -0.661270430 -0.509235436 0.345884627
173385.430334802 -0.328648526 0.368040518 0.540880501 0.410344586 -0.680242165 -0.509634758 0.330394204
173385.463668751 -0.336959856 0.350059021 0.544498724 0.391676696 -0.697305690 -0.510282275 0.316174226
173385.497002700 -0.345893724 0.333240414 0.547991435 0.372220280 -0.712173094 -0.512351551 0.302914899
173385.530336650 -0.355397647 0.317363989 0.550671191 0.353080659 -0.724261567 -0.516018621 0.290695742
173385.563670599 -0.364934894 0.301933240 0.552657949 0.333257476 -0.733877159 -0.522117821 0.278848976
173385.597004548 -0.373856930 0.287237369 0.553967516 0.313091574 -0.741561220 -0.529713531 0.267327885
173385.630338497 -0.383376507 0.273582407 0.554448768 0.293236869 -0.747838534 -0.538140139 0.255254493
173385.663672446 -0.393000675 0.261142852 0.554495326 0.272865402 -0.753094609 -0.547683749 0.241734345
173385.697006396 -0.401326217 0.249296516 0.553862957 0.254779708 -0.757360567 -0.556585834 0.227386194
173385.730340345 -0.409702983 0.238663088 0.553121617 0.239499203 -0.761387604 -0.563673762 0.212605125
173385.763674294 -0.417678642 0.228159524 0.552320877 0.224063097 -0.765115859 -0.570348054 0.197728468
173385.797008243 -0.425033636 0.217715280 0.551209864 0.207112222 -0.767597697 -0.577925140 0.184121797
173385.830342192 -0.434943301 0.208827331 0.550347753 0.188353400 -0.768479133 -0.586718426 0.172407386
173385.863676142 -0.445183645 0.200273354 0.549410232 0.167642883 -0.768373449 -0.595941537 0.162332350
173385.897010091 -0.455284735 0.193022981 0.548775854 0.146912259 -0.768122456 -0.604480328 0.151684588
173385.930344040 -0.465070788 0.186841516 0.548387603 0.126855754 -0.768812297 -0.611180175 0.138903076
173385.963677989 -0.474729765 0.181408194 0.548180390 0.107363715 -0.770783891 -0.615825305 0.122981380
173385.997011939 -0.483899584 0.177219650 0.548046206 0.087884945 -0.774721610 -0.617575159 0.103361433
173386.030345888 -0.493272529 0.174356351 0.548050319 0.067752301 -0.780402776 -0.616372364 0.080412944
173386.063679837 -0.503186441 0.173327723 0.547715705 0.045427288 -0.786725278 -0.613196465 0.054679010
173386.097013786 -0.513794868 0.174005963 0.546674508 0.020441997 -0.791482513 -0.610264416 0.026737583
173386.130347735 -0.524624085 0.176476005 0.544872478 0.005943078 0.792810646 0.609432353 0.002857623
173386.163681685 -0.532145036 0.180197734 0.541696565 0.032648973 0.791467731 0.609392861 0.033959039
173386.197015634 -0.543463497 0.188065774 0.538849689 0.060840592 0.787525759 0.609710516 0.065990056
173386.230349583 -0.555570827 0.198051159 0.536504000 0.089640490 0.782086418 0.609100166 0.096448977
173386.263683532 -0.567511585 0.208541445 0.534569304 0.117008476 0.776294575 0.606935122 0.123715431
173386.297017481 -0.579583024 0.219822912 0.533073311 0.142841119 0.770020920 0.603898807 0.148224250
173386.330351431 -0.591718748 0.232838344 0.532127760 0.168717154 0.763783442 0.599390331 0.170001784
173386.363685380 -0.602243819 0.247943866 0.531081374 0.195358641 0.757086251 0.594053524 0.189092095
173386.397019329 -0.614511942 0.263204095 0.530527680 0.222296884 0.749418682 0.588129206 0.207508487
173386.430353278 -0.626585327 0.279236038 0.530059060 0.249267201 0.741128025 0.581346593 0.225013892
173386.463687228 -0.637445543 0.295836736 0.529451451 0.274689740 0.732512004 0.574072312 0.241687178
173386.497021177 -0.647381881 0.312961143 0.528869866 0.298469885 0.722936455 0.566921860 0.258608225
173386.530355126 -0.656079411 0.330487629 0.528089864 0.321381071 0.712633805 0.559473531 0.275420833
173386.563689075 -0.664405768 0.347583147 0.527640414 0.343580618 0.701736168 0.551817665 0.291574990
173386.597023024 -0.671463033 0.364137276 0.526535683 0.364884930 0.690704090 0.543722741 0.306842678
173386.630356974 -0.677455058 0.381215864 0.525525124 0.386023360 0.679395244 0.534712464 0.321699624
173386.663690923 -0.683005783 0.398069240 0.524405042 0.407184404 0.666806602 0.525761665 0.336369571
173386.697024872 -0.688183600 0.414450670 0.522998574 0.427102376 0.653628786 0.517176469 0.350544534
173386.730358821 -0.692064361 0.430263038 0.521084893 0.443995259 0.640081129 0.509800880 0.365058106
173386.763692770 -0.695041988 0.444458939 0.518693409 0.457303614 0.627557321 0.503442010 0.378934501
173386.797026720 -0.698122043 0.457576076 0.517252876 0.468261096 0.617509159 0.496879073 0.390544710
173386.830360669 -0.700426712 0.469102851 0.516469738 0.478334505 0.609741809 0.490045013 0.399082589
173386.863694618 -0.701838114 0.479118203 0.516479184 0.488250023 0.603105664 0.483535500 0.405054186
173386.897028567 -0.702018841 0.487545844 0.516679502 0.497142345 0.597075685 0.478408325 0.409237817
173386.930362517 -0.701727509 0.493592714 0.516797619 0.503197992 0.592389492 0.475126088 0.412458084
173386.963696466 -0.701081291 0.496953240 0.516751128 0.506325022 0.589678715 0.473375300 0.414523595
173386.997030415 -0.700794440 0.497065346 0.516734240 0.506530526 0.589642497 0.473184409 0.414541996
173387.030364364 -0.700143503 0.494449281 0.516659992 0.503928227 0.592086010 0.474680532 0.412515322
173387.063698313 -0.699148657 0.488944878 0.516524528 0.498668013 0.596312118 0.478291081 0.408631511
173387.097032263 -0.697831274 0.480595921 0.516445013 0.490638677 0.603005872 0.483071945 0.402863628
173387.130366212 -0.697355294 0.466458770 0.516380028 0.479645276 0.612045725 0.489156285 0.395052615
173387.163700161 -0.695739114 0.452899191 0.516238586 0.465850036 0.622635574 0.495980447 0.386409215
173387.197034110 -0.694217367 0.437348221 0.516132050 0.449528720 0.634495858 0.503664908 0.376378262
173387.230368059 -0.692518771 0.420108434 0.516060408 0.431101342 0.646818606 0.512454904 0.364920944
173387.263702009 -0.690286799 0.401573677 0.516232153 0.410236038 0.659643354 0.522419627 0.351645805
173387.297035958 -0.687298107 0.382352848 0.516786889 0.387524549 0.672878684 0.533009115 0.336095647
173387.330369907 -0.683448510 0.362848678 0.517716176 0.363610460 0.686297516 0.543264410 0.318821164
173387.363703856 -0.678457245 0.343439221 0.518846362 0.338485646 0.700094440 0.552357243 0.300327686
173387.397037806 -0.672333253 0.324432233 0.520200074 0.311859647 0.713933906 0.560352434 0.281153140
173387.430371755 -0.665049699 0.306200489 0.521940864 0.284165502 0.727657268 0.567107807 0.261062450
173387.463705704 -0.656979056 0.288186322 0.524365139 0.254888827 0.741179510 0.573105913 0.239236772
173387.497039653 -0.647563349 0.270378925 0.527313924 0.223589009 0.753339458 0.579947133 0.214823039
173387.530373602 -0.636032508 0.253854077 0.530600834 0.191685730 0.763778275 0.587297716 0.187031333
173387.563707552 -0.622757442 0.239493109 0.534333004 0.161715484 0.771932984 0.594058754 0.158309089
173387.597041501 -0.607994696 0.226767024 0.537569538 0.133281938 0.777924402 0.600096635 0.130205905
173387.630375450 -0.591620603 0.216219197 0.540310517 0.106397088 0.782274126 0.605074739 0.103011708
173387.663709399 -0.574013043 0.207811365 0.541814280 0.080461632 0.785116878 0.609175002 0.077609480
173387.697043348 -0.555450135 0.201328137 0.542891293 0.054640739 0.787164862 0.611908499 0.054349422
173387.730377298 -0.535934060 0.196669459 0.543192926 0.029208217 0.788788100 0.613051252 0.033591292
173387.763711247 -0.515811029 0.193592332 0.542927360 0.004425405 0.789762287 0.613201526 0.015486556
173387.797045196 -0.495348132 0.191626918 0.542155085 0.019456213 -0.790422055 -0.612253184 0.000685643
173387.830379145 -0.474794977 0.190922294 0.541045158 0.042145158 -0.790875375 -0.610313405 0.016045996
173387.863713095 -0.454135499 0.190766157 0.539395191 0.065277717 -0.790075240 -0.608685805 0.031961301
173387.897047044 -0.433710120 0.191587869 0.537495394 0.088728449 -0.787772115 -0.607579538 0.048882123
173387.930380993 -0.413900080 0.193105171 0.535162784 0.112368604 -0.783034993 -0.608009154 0.067486034
173387.963714942 -0.393941575 0.195911169 0.532515484 0.138170767 -0.775467900 -0.609518798 0.089695099
173387.997048891 -0.374033782 0.200499015 0.530073544 0.165660084 -0.765361395 -0.611134732 0.115295319
173388.030382841 -0.354489646 0.206765947 0.528522455 0.192644534 -0.754404178 -0.611341958 0.141504173
173388.063716790 -0.335470262 0.214186623 0.527665483 0.218426086 -0.743608392 -0.609656753 0.166298671
173388.097050739 -0.316834711 0.222564465 0.527243386 0.244775684 -0.732846647 -0.606022830 0.189095179
173388.130384688 -0.298644576 0.231780340 0.527703921 0.272316013 -0.723220779 -0.598930466 0.209947588
173388.163718637 -0.281058967 0.242030833 0.528983334 0.300986853 -0.714581505 -0.588388655 0.229301065
173388.197052587 -0.265299379 0.253608400 0.530180083 0.330687685 -0.705309267 -0.575869411 0.248110689
173388.230386536 -0.250452484 0.266420372 0.530931002 0.360296997 -0.694078756 -0.562985806 0.267371906
173388.263720485 -0.238674460 0.280009072 0.530980413 0.388783410 -0.680580241 -0.550367406 0.287669453
173388.297054434 -0.229182376 0.294249200 0.530157717 0.415391551 -0.664668582 -0.538539627 0.309258153
173388.330388384 -0.222222085 0.308954680 0.528991981 0.439744609 -0.647223430 -0.527139563 0.331436859
173388.363722333 -0.217527138 0.323930435 0.528089110 0.462614424 -0.629382485 -0.514979465 0.353074685
173388.397056282 -0.214630666 0.339183053 0.527714277 0.484749678 -0.611605334 -0.501653190 0.373230147
173388.430390231 -0.213888174 0.354257520 0.527619556 0.505039448 -0.594464371 -0.488175511 0.391448512
173388.463724180 -0.214660815 0.369340101 0.528230202 0.522811028 -0.578664873 -0.475268653 0.407351569
173388.497058130 -0.217612703 0.383785860 0.529267373 0.537653247 -0.564558494 -0.463344047 0.421325275
173388.530392079 -0.221178467 0.397500495 0.530946694 0.549704061 -0.551820916 -0.453058322 0.433655716
173388.563726028 -0.225158051 0.410066209 0.532296084 0.560140586 -0.540025199 -0.444752473 0.443633345
173388.597059977 -0.229055625 0.421973625 0.533550585 0.569265777 -0.529633060 -0.438367541 0.450842761
173388.630393926 -0.232580660 0.432536189 0.534284036 0.576688614 -0.521575529 -0.433871393 0.455131655
173388.663727876 -0.235509029 0.441643224 0.534430938 0.582354244 -0.515785478 -0.430686153 0.457535040
173388.697061825 -0.237938194 0.449479152 0.534201394 0.585760791 -0.511949905 -0.428887023 0.459181350
173388.730395774 -0.240413166 0.455760883 0.533651109 0.586655067 -0.510968284 -0.427771298 0.460172752
173388.763729723 -0.242989998 0.460728071 0.533036979 0.585887119 -0.512757197 -0.426810789 0.460053140
173388.797063673 -0.244561764 0.464055651 0.533003936 0.583340707 -0.516355831 -0.426894152 0.459185864
173388.830397622 -0.247698209 0.466986849 0.532610356 0.579754279 -0.521588385 -0.427568194 0.457182647
173388.863731571 -0.251090851 0.469410558 0.532390410 0.574948643 -0.527129825 -0.429872475 0.454728337
173388.897065520 -0.253923884 0.471723023 0.533358712 0.570241231 -0.531622809 -0.433906147 0.451583418
173388.930399469 -0.256806757 0.473653106 0.534687261 0.566619207 -0.536908200 -0.436484156 0.447385562
173388.963733419 -0.259001528 0.475352554 0.536960392 0.563571611 -0.543133556 -0.437275080 0.442926047
173388.997067368 -0.260371743 0.476632504 0.539459791 0.561894660 -0.549175879 -0.435995194 0.438848990
173389.030401317 -0.261597401 0.477214240 0.540859375 0.561873518 -0.554754048 -0.433144533 0.434662984
173389.063735266 -0.261128419 0.477583766 0.540834625 0.562578414 -0.560346573 -0.429939284 0.429731844
173389.097069215 -0.259254576 0.477787351 0.537905301 0.564543027 -0.565730202 -0.426648432 0.423333939
173389.130403165 -0.257068839 0.477101501 0.530712495 0.568298559 -0.568978681 -0.423656587 0.416911388
173389.163737114 -0.252628161 0.477418302 0.519624892 0.572708561 -0.568966011 -0.422568619 0.411968864
173389.197071063 -0.247214137 0.477239345 0.504269962 0.575375527 -0.567939009 -0.422916267 0.409304430
173389.230405012 -0.241769179 0.476256540 0.484441182 0.574651328 -0.568272284 -0.426223403 0.406418595
173389.263738962 -0.236333628 0.475313739 0.460308078 0.573157018 -0.565826676 -0.433072942 0.404696222
173389.297072911 -0.231766074 0.473928437 0.432288079 0.568084212 -0.560455727 -0.444266285 0.407181991
173389.330406860 -0.228628138 0.472060255 0.401056716 0.560245657 -0.552873450 -0.457261126 0.413966201
173389.363740809 -0.226355511 0.470317500 0.367303692 0.553079992 -0.543591321 -0.469714263 0.421876178
173389.397074758 -0.225079011 0.469062621 0.331822674 0.546735525 -0.534108423 -0.480825169 0.429669193
173389.430408708 -0.223833103 0.467307104 0.295906626 0.541945975 -0.528052306 -0.486687412 0.436566931
173389.463742657 -0.222769310 0.465573025 0.260058523 0.540888909 -0.526390940 -0.486772635 0.439777407
173389.497076606 -0.222920267 0.463867723 0.224037655 0.542159838 -0.527479110 -0.484111822 0.439845702
173389.530410555 -0.224305053 0.462160490 0.186703345 0.543072973 -0.528115090 -0.482422713 0.439811918
173389.563744504 -0.227088991 0.460403457 0.147880144 0.539503351 -0.525949433 -0.484483190 0.444510255
173389.597078454 -0.231495209 0.459004769 0.107431601 0.531072400 -0.517512292 -0.494970472 0.452931966
173389.630412403 -0.236879118 0.457852250 0.066952983 0.519728895 -0.505811323 -0.510287097 0.462216248
173389.663746352 -0.242031364 0.457240003 0.028049798 0.512155591 -0.494123646 -0.525599926 0.466136451
173389.697080301 -0.246266143 0.456737000 -0.008525503 0.508850919 -0.484546514 -0.538979792 0.464527935
173389.730414251 -0.249574419 0.455894398 -0.042408984 0.504925904 -0.478783994 -0.549816378 0.462079722
173389.763748200 -0.252985178 0.454716567 -0.073745212 0.498884627 -0.474598152 -0.560399438 0.460242537
173389.797082149 -0.256203968 0.453692259 -0.102320378 0.491024504 -0.472007646 -0.570464506 0.458992337
173389.830416098 -0.258528884 0.452350212 -0.127661264 0.483632245 -0.470495058 -0.578079524 0.458866338
173389.863750047 -0.259777429 0.450463330 -0.149728771 0.477977547 -0.471843200 -0.581189450 0.459478272
173389.897083997 -0.260040174 0.448398166 -0.168787155 0.473821687 -0.474784111 -0.580942831 0.461062342
173389.930417946 -0.260529215 0.446383093 -0.185370339 0.469335022 -0.475443409 -0.581069299 0.464797453
173389.963751895 -0.261216249 0.444366169 -0.198853610 0.463431764 -0.472852859 -0.583560518 0.470210905
173389.997085844 -0.262658850 0.442965083 -0.207780413 0.456377029 -0.468111720 -0.587902777 0.476405027
173390.030419793 -0.263634242 0.441226129 -0.210064017 0.451636685 -0.463537235 -0.591297791 0.481169886
173390.063753743 -0.264093696 0.439638571 -0.204845998 0.450731277 -0.462186605 -0.590381383 0.484432328
173390.097087692 -0.263579331 0.438295305 -0.192740957 0.453774849 -0.463038574 -0.586391907 0.485621453
173390.130421641 -0.262053090 0.437416751 -0.174902357 0.457656259 -0.464419340 -0.581527586 0.486509087
173390.163755590 -0.259937547 0.436748099 -0.152461010 0.460637241 -0.466108674 -0.577103334 0.487347697
173390.197089540 -0.256551005 0.435398369 -0.125773902 0.462878200 -0.469043549 -0.573289808 0.486909352
173390.230423489 -0.251778523 0.434078366 -0.093982416 0.465275023 -0.473706646 -0.569846261 0.484145025
173390.263757438 -0.245947540 0.432513610 -0.057466137 0.468711418 -0.480449898 -0.566260840 0.478357778
173390.297091387 -0.239654606 0.430631779 -0.016617519 0.472895488 -0.488442305 -0.563517672 0.469299270
173390.330425336 -0.232183074 0.427173284 0.028113948 0.478043489 -0.498024780 -0.558829099 0.459516897
173390.363759286 -0.225645800 0.423632866 0.076775840 0.486134993 -0.509305152 -0.550758515 0.448270108
173390.397093235 -0.220229721 0.420666334 0.127440110 0.495954777 -0.521442382 -0.540053449 0.436427512
173390.430427184 -0.216126827 0.417664151 0.178876200 0.506597827 -0.533199272 -0.526786261 0.426090851
173390.463761133 -0.213446893 0.415203330 0.229344006 0.519438726 -0.543780878 -0.511801549 0.415385292
173390.497095082 -0.213468229 0.412748776 0.277820207 0.529164403 -0.552729849 -0.498488153 0.407411720
173390.530429032 -0.216691442 0.410206236 0.323066101 0.533451345 -0.559218414 -0.489868660 0.403401939
173390.563762981 -0.222239588 0.407864648 0.365074866 0.536376168 -0.562980068 -0.484682487 0.400545798
173390.597096930 -0.229421435 0.406574610 0.405026939 0.541452357 -0.567290417 -0.477828594 0.395841842
173390.630430879 -0.237978200 0.405454756 0.441175186 0.545779671 -0.574402428 -0.469845953 0.389141597
173390.663764829 -0.250033212 0.403440645 0.474185413 0.548806882 -0.583328397 -0.460631917 0.382566629
173390.697098778 -0.263520881 0.400998546 0.502988683 0.551504181 -0.594038701 -0.448215472 0.376913850
173390.730432727 -0.277964276 0.398779418 0.526237252 0.554195477 -0.602894102 -0.436348718 0.372808090
173390.763766676 -0.292457551 0.397864448 0.544333637 0.557109436 -0.609356521 -0.426407061 0.369446512
173390.797100625 -0.305386651 0.396388328 0.557308434 0.559667973 -0.614055549 -0.417627200 0.367824774
173390.830434575 -0.317385418 0.395816185 0.565378057 0.561223586 -0.617106460 -0.411773155 0.366947642
173390.863768524 -0.327603067 0.395623929 0.569412173 0.560970498 -0.618800468 -0.409859498 0.366624157
173390.897102473 -0.335893259 0.395668372 0.570078804 0.559516463 -0.617998937 -0.412413374 0.367333432
173390.930436422 -0.342378334 0.396115119 0.568093140 0.557474084 -0.613977240 -0.418943895 0.369784541
173390.963770371 -0.347496626 0.395970551 0.563974345 0.555807814 -0.608399170 -0.427718569 0.371463254
173390.997104321 -0.347608358 0.395017805 0.559472084 0.555506896 -0.603493676 -0.435272104 0.371141034
173391.030438270 -0.344884654 0.394864564 0.555604133 0.555701087 -0.601379046 -0.440245528 0.368406596
173391.063772219 -0.339741783 0.393971543 0.551430297 0.553391441 -0.601553543 -0.444978317 0.365903737
173391.097106168 -0.333139643 0.392617259 0.547574363 0.548050410 -0.602478295 -0.450190886 0.366044830
173391.130440118 -0.324899177 0.391522290 0.544712816 0.542783118 -0.603458415 -0.454454094 0.367009407
173391.163774067 -0.315898708 0.391188009 0.543201431 0.541170716 -0.601493087 -0.457465170 0.368871172
173391.197108016 -0.306525971 0.391544790 0.543240531 0.543783749 -0.596677903 -0.459470624 0.370353156
173391.230441965 -0.298447453 0.391743514 0.545604154 0.546704671 -0.594350366 -0.458588100 0.370888932
173391.263775914 -0.292342715 0.391663806 0.550180166 0.548180360 -0.593401818 -0.456154275 0.373223597
173391.297109864 -0.288322156 0.391512991 0.556371807 0.547414188 -0.593193998 -0.455058610 0.376005650
173391.330443813 -0.286951546 0.391581053 0.563983598 0.544513355 -0.591378722 -0.457122019 0.380546808
173391.363777762 -0.287659832 0.392249298 0.573591287 0.540958385 -0.586523407 -0.462901793 0.386103935
173391.397111711 -0.289729743 0.392953430 0.586413214 0.537481218 -0.580473495 -0.470544413 0.390835537
173391.430445660 -0.290258512 0.393857650 0.602811445 0.533641442 -0.575492127 -0.477985256 0.394418203
173391.463779610 -0.290715839 0.393460509 0.623537214 0.527123387 -0.573378992 -0.485223924 0.397410631
173391.497113559 -0.290944115 0.391190570 0.647601929 0.518105847 -0.572487673 -0.493606449 0.400221025
173391.530447508 -0.289177907 0.390540558 0.673853508 0.510511812 -0.570457177 -0.502911223 0.401293660
173391.563781457 -0.286368098 0.389536844 0.701340112 0.502547521 -0.568960140 -0.512005684 0.401970804
173391.597115407 -0.282282112 0.388853826 0.729498968 0.497129643 -0.566223261 -0.518814241 0.403837988
173391.630449356 -0.276847631 0.388242772 0.757693889 0.496202367 -0.562623508 -0.522415152 0.405364539
173391.663783305 -0.271326868 0.387176190 0.785601383 0.494979344 -0.563047212 -0.522266311 0.406461788
173391.697117254 -0.265788837 0.385019486 0.811990620 0.489970236 -0.565614520 -0.519216981 0.412823339
173391.730451203 -0.264582793 0.378045617 0.830333942 0.454136203 -0.569319244 -0.522108631 0.443890173
173391.763785153 -0.265836830 0.370742130 0.841003765 0.418288373 -0.560011658 -0.535831600 0.473609836
173391.797119102 -0.265231967 0.363182131 0.846702508 0.391658680 -0.549767063 -0.545420558 0.496866249
173391.830453051 -0.261078880 0.355182254 0.850581322 0.379950399 -0.548982071 -0.542118744 0.510258412
173391.863787000 -0.253719408 0.348054020 0.852051651 0.385607231 -0.554213496 -0.527335419 0.515821501
173391.897120949 -0.247128389 0.342508267 0.849455362 0.395160355 -0.563722787 -0.508185078 0.517506367
173391.930454899 -0.243723809 0.338949583 0.839538528 0.407060146 -0.565372417 -0.498296181 0.516097843
173391.963788848 -0.244025654 0.336508498 0.823053227 0.414237746 -0.560219237 -0.501179761 0.513205947
173391.997122797 -0.247397150 0.334123707 0.802308227 0.415083322 -0.551854754 -0.512932011 0.509963645
173392.030456746 -0.253208818 0.330971760 0.779574173 0.411955744 -0.549682446 -0.521743103 0.505891102
173392.063790696 -0.260040099 0.327504843 0.755792409 0.410168517 -0.555018440 -0.522744481 0.500454320
173392.097124645 -0.266862940 0.324550139 0.730183470 0.412958189 -0.563719375 -0.517657736 0.493676482
173392.130458594 -0.274737993 0.322420971 0.701801221 0.417465277 -0.572873157 -0.509600270 0.487695246
173392.163792543 -0.283944212 0.320968203 0.670265498 0.421594409 -0.579535585 -0.503494669 0.482586550
173392.197126492 -0.292360685 0.319915841 0.635008885 0.423394320 -0.582426045 -0.501541380 0.479555416
173392.230460442 -0.300485327 0.318661355 0.596518070 0.419126946 -0.581950892 -0.506199062 0.478986714
173392.263794391 -0.307031662 0.317155038 0.556146304 0.413309425 -0.576715273 -0.515854906 0.480071379
173392.297128340 -0.312078886 0.316172437 0.515230974 0.409287994 -0.567365775 -0.530709646 0.478462838
173392.330462289 -0.315899316 0.315538078 0.476886858 0.405742909 -0.557687594 -0.546340581 0.475256993
173392.363796238 -0.319342318 0.315491201 0.443585191 0.403039761 -0.550088520 -0.559866941 0.470649104
173392.397130188 -0.322504965 0.316039783 0.416560120 0.403160511 -0.543458088 -0.571118097 0.464692401
173392.430464137 -0.324707038 0.315928551 0.396437787 0.402526123 -0.540195948 -0.578890861 0.459397898
173392.463798086 -0.326407540 0.316270413 0.382383763 0.401462182 -0.536956389 -0.585622224 0.455579372
173392.497132035 -0.326744078 0.317233171 0.373762728 0.402779699 -0.530939396 -0.592499535 0.452566209
173392.530465985 -0.324737580 0.318453262 0.370654161 0.410166944 -0.526023324 -0.594274720 0.449332947
173392.563799934 -0.320417038 0.320504712 0.371889102 0.424554605 -0.523743153 -0.589746587 0.444573345
173392.597133883 -0.314741201 0.323415298 0.376173500 0.438950192 -0.525507148 -0.580776870 0.440298983
173392.630467832 -0.309342546 0.327475955 0.381696904 0.452234499 -0.530564395 -0.567839067 0.437657601
173392.663801781 -0.304270426 0.333514066 0.386586042 0.466317502 -0.535683085 -0.552048667 0.436845384
173392.697135731 -0.299192720 0.342362622 0.389618930 0.484541605 -0.534759244 -0.536465776 0.437557374
173392.730469680 -0.295065654 0.354824000 0.389939934 0.507488132 -0.525389033 -0.522204764 0.440141277
173392.763803629 -0.290653182 0.370103968 0.388458359 0.532753900 -0.508791944 -0.509391875 0.444774053
173392.797137578 -0.286710955 0.387435059 0.385655844 0.558130449 -0.486713376 -0.497446922 0.451826350
173392.830471527 -0.283287271 0.406000689 0.382511779 0.584118733 -0.459803412 -0.484434701 0.461204020
173392.863805477 -0.280991746 0.425931004 0.378862372 0.609507250 -0.428667175 -0.470617683 0.472508584
173392.897139426 -0.280392766 0.446382834 0.375174059 0.632157110 -0.394482124 -0.456587229 0.486096024
173392.930473375 -0.280987868 0.466918325 0.372000413 0.653350783 -0.357657955 -0.442537979 0.499373287
173392.963807324 -0.282321583 0.486526485 0.370121878 0.670895467 -0.325140592 -0.426599371 0.512050626
173392.997141274 -0.284208738 0.504478763 0.369970310 0.684633060 -0.300019471 -0.408470937 0.523848627
173393.030475223 -0.286105824 0.521824044 0.371093183 0.696395011 -0.278455055 -0.390259279 0.534036016
173393.063809172 -0.288887113 0.538581217 0.372653095 0.706467884 -0.259877965 -0.372115677 0.543043733
173393.097143121 -0.292084115 0.554646914 0.374483891 0.715694621 -0.243606231 -0.353119255 0.551129754
173393.130477070 -0.296743905 0.570339342 0.376096184 0.724756512 -0.225586068 -0.332361202 0.559799032
173393.163811020 -0.302787590 0.585688387 0.377047173 0.732703876 -0.205295350 -0.310167912 0.569907637
173393.197144969 -0.309985925 0.600814335 0.377296775 0.739576742 -0.181725490 -0.286651848 0.581233865
173393.230478918 -0.318004463 0.615865430 0.376920673 0.744378266 -0.156081880 -0.262441971 0.593854911
173393.263812867 -0.327380390 0.629420229 0.376191299 0.747991158 -0.129760089 -0.237557960 0.606001455
173393.297146816 -0.336828598 0.639351942 0.374268818 0.750308227 -0.102950585 -0.212615173 0.617441115
173393.330480766 -0.347686165 0.650575380 0.372871044 0.751414507 -0.076518883 -0.187975509 0.627842582
173393.363814715 -0.358195867 0.661161378 0.371382226 0.751246232 -0.051496325 -0.166389733 0.636625230
173393.397148664 -0.371545218 0.666101066 0.370411738 0.750484590 -0.029259559 -0.145523264 0.644002902
173393.430482613 -0.381048695 0.674026950 0.369476882 0.748768810 -0.010427768 -0.128827865 0.650107616
173393.463816563 -0.390097511 0.679879567 0.368882425 0.747634517 0.004050170 -0.114476459 0.654156988
173393.497150512 -0.397704046 0.684524581 0.368487416 0.746770573 0.013970598 -0.102865180 0.656930200
173393.530484461 -0.403040033 0.689231261 0.368381178 0.746216474 0.018806181 -0.094080486 0.658753492
173393.563818410 -0.406508510 0.692918127 0.368906367 0.746067226 0.018467353 -0.088672884 0.659681568
173393.597152359 -0.407596851 0.695119102 0.370268214 0.746425528 0.010768783 -0.087380945 0.659619235
173393.630486309 -0.406084151 0.695443326 0.372691509 0.748027170 -0.004127078 -0.090086231 0.657512579
173393.663820258 -0.400757882 0.693457589 0.376314868 0.750696389 -0.026175591 -0.096212901 0.653079511
173393.697154207 -0.392871791 0.688944482 0.380608366 0.752599477 -0.058007075 -0.104964209 0.647465614
173393.730488156 -0.381461414 0.681021147 0.385636579 0.751771085 -0.099338530 -0.117640265 0.641196428
173393.763822105 -0.369215153 0.668822884 0.390632160 0.748536643 -0.142782680 -0.134867156 0.633337865
173393.797156055 -0.356791340 0.653085923 0.394985833 0.742235120 -0.186384371 -0.156518478 0.624379579
173393.830490004 -0.344673816 0.633547790 0.398038082 0.732666568 -0.229000785 -0.181142846 0.614772812
173393.863823953 -0.332659653 0.610214772 0.399956179 0.720195969 -0.269153770 -0.206963597 0.605012466
173393.897157902 -0.321556936 0.584266202 0.400769385 0.706237331 -0.305592533 -0.235081804 0.593783278
173393.930491852 -0.311438005 0.556506704 0.400839308 0.691609036 -0.338019144 -0.264975857 0.580695957
173393.963825801 -0.303756471 0.525997348 0.401290084 0.676821716 -0.368268538 -0.292784504 0.566187144
173393.997159750 -0.297353331 0.496736996 0.402126613 0.663502120 -0.396178744 -0.318385492 0.549033713
173394.030493699 -0.293407328 0.468439185 0.403251975 0.652002423 -0.420924977 -0.341863692 0.529947375
173394.063827648 -0.291525982 0.442104312 0.404548418 0.640738744 -0.444103643 -0.362606004 0.510629712
173394.097161598 -0.291780113 0.418585992 0.405430019 0.628165406 -0.464587719 -0.382654927 0.493093988
173394.130495547 -0.293788268 0.398089265 0.405723583 0.614121770 -0.481270543 -0.401528753 0.479591261
173394.163829496 -0.297222387 0.381366347 0.405395443 0.601105319 -0.493503750 -0.418256294 0.469242067
173394.197163445 -0.300797556 0.368563120 0.404707105 0.589464128 -0.503037956 -0.428906164 0.464246011
173394.230497394 -0.302763573 0.359405387 0.404647344 0.579221186 -0.512618118 -0.431721229 0.464049851
173394.263831344 -0.306163746 0.351528334 0.404203098 0.569684909 -0.523026890 -0.435006271 0.461163226
173394.297165293 -0.311677220 0.345086679 0.401450504 0.561438682 -0.532883571 -0.444805129 0.450522034
173394.330499242 -0.316975825 0.340302602 0.396539033 0.558891496 -0.538216859 -0.460280550 0.431398567
173394.363833191 -0.323586294 0.336589784 0.390045813 0.559140648 -0.542146528 -0.476504417 0.407900011
173394.397167141 -0.331221437 0.336080505 0.381381277 0.558977098 -0.544749496 -0.493305487 0.383982143
173394.430501090 -0.337377571 0.336915897 0.372897892 0.560175085 -0.546061987 -0.507670075 0.360958827
173394.463835039 -0.343351751 0.337879827 0.366853250 0.552696650 -0.550004497 -0.516336389 0.354144321
173394.497168988 -0.349218929 0.335787035 0.361527671 0.541405786 -0.552780839 -0.523341445 0.356968975
173394.530502937 -0.357626083 0.337650966 0.355236154 0.531590036 -0.554364776 -0.532307740 0.356005897
173394.563836887 -0.365993028 0.339400703 0.348576377 0.526242920 -0.552946486 -0.545955890 0.345327004
173394.597170836 -0.371149461 0.343089771 0.344118542 0.525018625 -0.550191213 -0.553285012 0.339883463
173394.630504785 -0.373534513 0.346664967 0.342213045 0.526323516 -0.548363682 -0.553941011 0.339750181
173394.663838734 -0.375594210 0.349755347 0.341876995 0.524445940 -0.549445304 -0.554989021 0.339195372
173394.697172683 -0.376931138 0.351834345 0.343908881 0.521677683 -0.554484253 -0.552733343 0.338947575
173394.730506633 -0.377462485 0.353208109 0.347487624 0.522567808 -0.559809138 -0.547238185 0.337738040
173394.763840582 -0.376765342 0.353705079 0.351449287 0.527884359 -0.563553892 -0.540351108 0.334313915
173394.797174531 -0.374884860 0.354917982 0.357193283 0.534673607 -0.568238931 -0.531301224 0.330072205
173394.830508480 -0.372715614 0.355196416 0.364655052 0.541116438 -0.575535937 -0.520526933 0.324041814
173394.863842430 -0.368681592 0.355485686 0.372197575 0.544606555 -0.584863200 -0.511243524 0.316178424
173394.897176379 -0.364145093 0.354263667 0.379352622 0.542551575 -0.596735141 -0.504073074 0.308958404
173394.930510328 -0.359832534 0.353047292 0.384805866 0.537928376 -0.607145590 -0.497575154 0.307288564
173394.963844277 -0.356545796 0.351760118 0.388918564 0.535240264 -0.615031063 -0.490018111 0.308442705
173394.997178226 -0.351701036 0.350424859 0.391828724 0.533574177 -0.625193094 -0.479691285 0.307129393
173395.030512176 -0.346921889 0.347723133 0.394012405 0.532717294 -0.641450991 -0.460416567 0.304580853
173395.063846125 -0.342608939 0.345224721 0.393816043 0.532818472 -0.654341279 -0.440725582 0.306109338
173395.097180074 -0.339324164 0.343721855 0.390497524 0.529691687 -0.660730483 -0.429367359 0.313856044
173395.130514023 -0.337275281 0.344039500 0.384315649 0.526657322 -0.655901962 -0.433839540 0.322812539
173395.163847972 -0.336085051 0.346642181 0.376980074 0.526217471 -0.645281991 -0.442066707 0.333591594
173395.197181922 -0.334962666 0.352166801 0.369288662 0.530539713 -0.632248336 -0.448682421 0.342744423
173395.230515871 -0.333550002 0.360238091 0.361619372 0.537776743 -0.620255929 -0.451845838 0.349161991
173395.263849820 -0.331672837 0.371804411 0.353726098 0.543527679 -0.610605178 -0.452265997 0.356643304
173395.297183769 -0.329424728 0.384501306 0.346452913 0.546597553 -0.600244337 -0.457059795 0.363365099
173395.330517719 -0.325718182 0.395815351 0.339834112 0.545996223 -0.596587239 -0.460663715 0.365733144
173395.363851668 -0.321653419 0.408578798 0.333863331 0.545126535 -0.594040163 -0.461717103 0.369825177
173395.397185617 -0.316661025 0.423845461 0.329148018 0.544290378 -0.591069538 -0.461361233 0.376205526
173395.430519566 -0.312081076 0.441287872 0.325669096 0.545602343 -0.589490863 -0.458628348 0.380103465
173395.463853515 -0.307126558 0.460127354 0.323138258 0.549921342 -0.591530978 -0.451829057 0.378851058
173395.497187465 -0.302541913 0.479721662 0.320833366 0.554311450 -0.596690792 -0.443486365 0.374190806
173395.530521414 -0.299003736 0.499900691 0.317911365 0.556838911 -0.603455422 -0.434819932 0.369734510
173395.563855363 -0.297288712 0.520185715 0.313453234 0.557350615 -0.608186587 -0.429202116 0.367770189
173395.597189312 -0.296782776 0.540460416 0.307738828 0.556392453 -0.608729061 -0.428472386 0.369171753
173395.630523261 -0.297324612 0.560275461 0.301643644 0.555446483 -0.607287276 -0.429494608 0.371773788
173395.663857211 -0.298003853 0.578860799 0.295325745 0.554036790 -0.606478040 -0.429607357 0.375053517
173395.697191160 -0.299332203 0.596113906 0.289365053 0.553464050 -0.605829918 -0.428977409 0.377658627
173395.730525109 -0.300786671 0.611882633 0.283803371 0.555266249 -0.603684211 -0.428720265 0.378739622
173395.763859058 -0.303004291 0.625627791 0.278745018 0.556844002 -0.602515424 -0.427721447 0.379413080
173395.797193008 -0.305471508 0.637393204 0.274169158 0.558713201 -0.600342863 -0.427874127 0.379936491
173395.830526957 -0.307589297 0.647852390 0.269526163 0.560330865 -0.597023191 -0.430912749 0.379350542
173395.863860906 -0.310530957 0.654210847 0.265904834 0.562367054 -0.592130669 -0.435707678 0.378527920
173395.897194855 -0.313688501 0.657644168 0.262510657 0.563958857 -0.585362723 -0.443150345 0.378045848
173395.930528804 -0.316678726 0.657902622 0.259597415 0.564726729 -0.577651740 -0.452640179 0.377516963
173395.963862754 -0.319366999 0.654985775 0.257397970 0.565061628 -0.570944531 -0.461946738 0.375942695
173395.997196703 -0.321501177 0.648849771 0.255847069 0.565764440 -0.565599087 -0.470105126 0.372839699
173396.030530652 -0.322847110 0.640413600 0.254923531 0.566974364 -0.561664202 -0.476486502 0.368827885
173396.063864601 -0.324033930 0.628061634 0.254366068 0.568920756 -0.557908385 -0.481927311 0.364435830
173396.097198550 -0.324871566 0.612556825 0.254412422 0.570534363 -0.554880287 -0.486669873 0.360209442
173396.130532500 -0.325395348 0.594588568 0.254730246 0.571819523 -0.553068183 -0.490019374 0.356397294
173396.163866449 -0.325972783 0.574118350 0.255289987 0.572758043 -0.552198060 -0.492057172 0.353419392
173396.197200398 -0.326746794 0.551342847 0.255705804 0.572858668 -0.551825742 -0.493884105 0.351283060
173396.230534347 -0.327857441 0.526396039 0.256156115 0.571484209 -0.551178753 -0.496606579 0.350698855
173396.263868297 -0.329721275 0.499756374 0.256362179 0.568160242 -0.551457092 -0.500116955 0.350673705
173396.297202246 -0.332071874 0.471839200 0.256649033 0.563731529 -0.553211486 -0.502884134 0.351100216
173396.330536195 -0.334814592 0.442705673 0.257445851 0.558755555 -0.556608501 -0.504792123 0.350947460
173396.363870144 -0.338096779 0.412703541 0.258498586 0.553548121 -0.561116890 -0.506045115 0.350215155
173396.397204093 -0.341672060 0.381976969 0.259892958 0.547673066 -0.565996856 -0.507205198 0.349920932
173396.430538043 -0.345312340 0.351019475 0.261669782 0.541389617 -0.570813039 -0.508862696 0.349468902
173396.463871992 -0.349978535 0.319963586 0.263443922 0.535374453 -0.575655406 -0.510529889 0.348359415
173396.497205941 -0.354940339 0.289027242 0.265818919 0.528921002 -0.581859158 -0.511373839 0.346668848
173396.530539890 -0.360442686 0.258809106 0.268708821 0.521152385 -0.590369338 -0.511066808 0.344492313
173396.563873840 -0.366671996 0.229790621 0.272480232 0.512529762 -0.600050129 -0.509552034 0.342942867
173396.597207789 -0.373072404 0.202658968 0.276820585 0.503164169 -0.609478311 -0.507986740 0.342507633
173396.630541738 -0.380060702 0.177717831 0.281538301 0.493162085 -0.617504817 -0.507112538 0.343970685
173396.663875687 -0.387463151 0.155275992 0.286188875 0.483130239 -0.623569542 -0.507710993 0.346375152
173396.697209636 -0.394962149 0.135953135 0.290520844 0.474216089 -0.627581685 -0.509314550 0.349083112
173396.730543586 -0.402172593 0.119882712 0.295465595 0.466904617 -0.631964806 -0.509365513 0.350952043
173396.763877535 -0.408887629 0.106348775 0.301207274 0.463509091 -0.637400418 -0.506453110 0.349836072
173396.797211484 -0.414849500 0.095677150 0.307631238 0.464610090 -0.642850378 -0.501750004 0.345148940
173396.830545433 -0.420146078 0.087039183 0.314275853 0.468336419 -0.645870966 -0.497796841 0.340161727
173396.863879382 -0.425453545 0.079928227 0.320112852 0.472597430 -0.650441991 -0.493313751 0.331991607
173396.897213332 -0.429208589 0.074367630 0.325891189 0.475307512 -0.658921096 -0.486685931 0.321002433
