# timestamp tx ty tz qx qy qz qw
173373.363445186 -0.002180882 -0.002673291 0.000506699 0.679025099 0.053817095 -0.732133654 0.002991427
173373.396779135 -0.002015152 -0.002539994 0.000851545 0.675822731 0.053206231 -0.735137479 0.002370571
173373.430113085 -0.002026444 -0.002120836 0.000463478 0.677521460 0.050945475 -0.733730722 0.002908013
173373.463447034 -0.002125421 -0.001442640 -0.000821817 0.688376071 0.047392935 -0.723802879 0.001298756
173373.496780983 -0.002159130 -0.001059153 -0.001836959 -0.704406182 -0.043563542 0.708456957 0.001699325
173373.530114932 -0.001864155 -0.000535860 -0.003049773 -0.726245685 -0.034227122 0.686572711 0.003690746
173373.563448882 -0.000751774 0.000007903 -0.003818959 -0.756091215 -0.022743103 0.653997597 0.009796377
173373.596782831 0.002798559 -0.000003556 -0.003119687 -0.794197200 -0.024016460 0.606924348 0.017800347
173373.630116780 0.011990798 -0.000968955 -0.000318044 -0.843606086 -0.035529757 0.534844537 0.031744746
173373.663450729 0.027971909 -0.003690522 0.006522119 -0.894632208 -0.064394649 0.439509419 0.048145726
173373.696784678 0.047246509 -0.009709319 0.020432333 -0.933547658 -0.093214540 0.340470153 0.062288801
173373.730118628 0.065307285 -0.020407274 0.041012418 -0.956465333 -0.100371727 0.264913775 0.070144669
173373.763452577 0.079208104 -0.035852326 0.065752225 -0.966946571 -0.074097778 0.232375042 0.074334967
173373.796786526 0.087334880 -0.054350091 0.091414094 -0.965720729 -0.016017899 0.247249272 0.077425437
173373.830120475 0.089049384 -0.073680122 0.116566556 -0.948862599 0.062329700 0.299698134 0.077173861
173373.863454424 0.085702213 -0.091977843 0.143922790 -0.914906075 0.142479411 0.369970814 0.075947930
173373.896788374 0.080664482 -0.107545060 0.175628671 -0.871270985 0.203373093 0.440261334 0.075473266
173373.930122323 0.075928828 -0.061959853 0.212180919 -0.830987488 0.233458600 0.499908974 0.071048534
173373.963456272 -0.090375517 -0.088381187 0.252923563 -0.813701600 0.219597829 0.532147364 0.080533735
173373.996790221 0.090259704 0.021396269 0.268488055 -0.801909650 0.190269423 0.559201451 0.089622523
173374.030124171 0.101619702 0.028364892 0.302527375 -0.809425042 0.117667032 0.565202975 0.107383275
173374.063458120 0.113202941 0.030225266 0.333324375 -0.819763188 0.041451165 0.555588910 0.132631366
173374.096792069 0.127187269 0.028479007 0.358933767 -0.826541916 -0.019792351 0.540639642 0.155388225
173374.130126018 0.142808194 0.022530849 0.377597114 -0.826401777 -0.049142398 0.535630186 0.166569598
173374.163459967 0.159796336 0.013052722 0.388234823 -0.821817597 -0.040877206 0.544788287 0.161711516
173374.196793917 0.177831190 0.001214585 0.391700152 -0.814533560 -0.006212676 0.562727514 0.140834043
173374.230127866 0.198357703 -0.011898380 0.391034656 -0.807980703 0.034500753 0.576052221 0.118914761
173374.263461815 0.221509489 -0.024462211 0.387021039 -0.810542694 0.064277735 0.574191009 0.095883258
173374.296795764 0.246626414 -0.035047984 0.380310446 -0.820157902 0.078455900 0.561751178 0.074975334
173374.330129713 0.273876057 -0.043678297 0.371464482 -0.833979835 0.084704117 0.542208720 0.057554769
173374.363463663 0.301565468 -0.050848330 0.359640356 -0.844900399 0.096197177 0.525042054 0.034932209
173374.396797612 0.329023775 -0.056897815 0.344680632 -0.847303850 0.126635609 0.515707774 0.009224944
173374.430131561 0.357095516 -0.061253006 0.327569017 0.844363508 -0.172236496 -0.507080420 0.015946909
173374.463465510 0.386344224 -0.062947375 0.308984174 0.838663022 -0.227352065 -0.493717168 0.034622718
173374.496799460 0.415175481 -0.059645195 0.290082488 0.840519707 -0.268361359 -0.468505884 0.044844615
173374.530133409 0.437745609 -0.051193805 0.277483792 0.859116746 -0.258952819 -0.439339598 0.042925187
173374.563467358 0.447991229 -0.041745664 0.268882194 0.876095885 -0.216140359 -0.427730169 0.052784919
173374.596801307 0.451800111 -0.031293951 0.258716522 0.880728507 -0.190167450 -0.428582743 0.066861582
173374.630135256 0.455043146 -0.019389958 0.250406006 0.873021678 -0.197176708 -0.439423761 0.076558820
173374.663469206 0.457940942 -0.002853789 0.242944758 0.859599268 -0.212774308 -0.455843464 0.089570801
173374.696803155 0.461431421 0.019619148 0.236224177 0.845283097 -0.228703873 -0.472560498 0.099386116
173374.730137104 0.482602705 0.084336539 0.243508753 0.825381608 -0.252807617 -0.492123823 0.112461787
173374.763471053 0.487780453 0.116811130 0.239962132 0.806989300 -0.273396548 -0.510853382 0.114242809
173374.796805002 0.483971028 0.148602469 0.239660684 0.795810788 -0.250177965 -0.536671651 0.126805814
173374.830138952 0.478027979 0.180456328 0.238352065 0.779612040 -0.240131018 -0.560442080 0.142992436
173374.863472901 0.470806390 0.214070132 0.237623436 0.765510293 -0.231135944 -0.580012349 0.155421496
173374.896806850 0.460854975 0.249818869 0.237099217 0.754031899 -0.220416344 -0.596133779 0.165762025
173374.930140799 0.447589518 0.287776056 0.237654858 0.740771580 -0.216495132 -0.611437117 0.174734016
173374.963474749 0.430851786 0.327869818 0.240281117 0.721694051 -0.224082925 -0.629155662 0.181955193
173374.996808698 0.411374438 0.371050059 0.245057188 0.696014961 -0.239624485 -0.651557469 0.183347064
173375.030142647 0.390868337 0.417152823 0.250690591 0.668421428 -0.259785739 -0.673573819 0.178948246
173375.063476596 0.368779028 0.465503631 0.256852358 0.642154566 -0.271539968 -0.696373088 0.170200124
173375.096810545 0.345907675 0.514998563 0.263632216 0.617129192 -0.279204923 -0.718506432 0.157938844
173375.130144495 0.322072025 0.564899529 0.270773098 0.593493268 -0.285218243 -0.738684787 0.144087059
173375.163478444 0.297492670 0.614854237 0.278311956 0.571671779 -0.284942317 -0.758324591 0.130165535
173375.196812393 0.273040954 0.662635798 0.283985374 0.563007291 -0.283201280 -0.766140192 0.125892939
173375.230146342 0.247193727 0.708481146 0.287160270 0.564793800 -0.278669440 -0.764731182 0.136152584
173375.263480291 0.219424277 0.754415668 0.289506657 0.565945751 -0.267565263 -0.765505968 0.148710627
173375.296814241 0.189971746 0.801695091 0.291686950 0.564445246 -0.248200542 -0.771675369 0.155933254
173375.330148190 0.159731951 0.850102321 0.292744039 0.566347953 -0.226778592 -0.776975251 0.155341316
173375.363482139 -0.037795674 0.797110764 0.330011570 0.581851489 -0.202820403 -0.776949851 0.129080044
173375.396816088 -0.078600749 0.843483530 0.330569037 0.586857545 -0.177788436 -0.782199252 0.110244381
173375.430150038 -0.047744572 0.777653829 0.345674929 0.584274090 -0.144719530 -0.795390495 0.070950728
173375.463483987 -0.085993290 0.821448560 0.350368634 0.582799111 -0.117125732 -0.803294346 0.036673600
173375.496817936 -0.122982636 0.864156012 0.357351377 0.583452951 -0.097694902 -0.806110563 0.014970660
173375.530151885 0.038137631 0.983186096 0.339156400 0.577063070 -0.093801977 -0.811166833 0.014414305
173375.563485834 0.014676140 1.029151652 0.349296475 0.592027847 -0.092145071 -0.800530289 0.012789495
173375.596819784 -0.006174493 1.075635749 0.360797991 0.611978457 -0.089388793 -0.785721928 0.011535309
173375.630153733 -0.025235771 1.123435696 0.375588614 0.630358493 -0.093055672 -0.770602298 0.012685050
173375.663487682 -0.042701520 1.172537132 0.394037599 0.644061015 -0.100383271 -0.758134307 0.018465656
173375.696821631 -0.059430398 1.224380667 0.415442547 0.651844207 -0.105961586 -0.750576209 0.022508368
173375.730155580 -0.076332793 1.279793531 0.439125470 0.651810960 -0.108883503 -0.750137386 0.024098913
173375.763489530 -0.118447725 1.343886945 0.457120172 0.647048346 -0.112039783 -0.753733934 0.025703719
173375.796823479 -0.136412982 1.405404191 0.481767707 0.634912051 -0.115148732 -0.763544364 0.025049191
173375.830157428 -0.154179898 1.468856303 0.505226458 0.619225310 -0.117396168 -0.775975030 0.025316159
173375.863491377 -0.171530091 1.534134769 0.526709994 0.603852053 -0.118497093 -0.787742307 0.027985624
173375.896825327 -0.187882307 1.601217805 0.545687649 0.590423720 -0.118941848 -0.797602585 0.032905677
173375.930159276 -0.203423848 1.670139467 0.561955164 0.579460515 -0.119728215 -0.805291097 0.037375332
173375.963493225 -0.219089674 1.741134696 0.576790142 0.566948377 -0.117755580 -0.814444808 0.037186237
173375.996827174 -0.235427598 1.814944289 0.590622051 0.550858590 -0.114372364 -0.826079654 0.032652439
173376.030161123 -0.252165939 1.891322249 0.601989594 0.535437646 -0.110665939 -0.836869768 0.026618951
173376.063495073 -0.269471685 1.969531815 0.609799978 0.525308709 -0.107028949 -0.843869967 0.021887069
173376.096829022 -0.288132221 2.049384841 0.614792751 0.520295883 -0.107746753 -0.846925234 0.020011980
173376.130162971 -0.308989287 2.131226843 0.618814859 0.513220952 -0.109653850 -0.851063320 0.016477626
173376.163496920 -0.332002268 2.214176143 0.622297593 0.504351877 -0.109628258 -0.856422967 0.012269102
173376.196830869 -0.357223093 2.297155589 0.625008093 0.495425598 -0.108449651 -0.861782357 0.011104910
173376.230164819 -0.385082286 2.378750951 0.626099051 0.489961116 -0.104562190 -0.865265373 0.017907718
173376.263498768 -0.415400183 2.458509087 0.624498253 0.494683069 -0.095953705 -0.863202191 0.031040700
173376.296832717 -0.448007109 2.537044556 0.620548379 0.506162842 -0.085096375 -0.856997731 0.045963831
173376.330166666 -0.483120993 2.615180943 0.615448183 0.518157832 -0.073521708 -0.850201099 0.057141149
173376.363500616 -0.520746185 2.693788429 0.609994177 0.526923968 -0.063228965 -0.845132482 0.064064956
173376.396834565 -0.560867595 2.773225423 0.604292429 0.533039888 -0.054742582 -0.841667056 0.066845299
173376.430168514 -0.603412713 2.852856545 0.597422354 0.540947144 -0.045201935 -0.837313925 0.065102716
173376.463502463 -0.648758695 2.934057917 0.590055913 0.548175033 -0.038852831 -0.833296089 0.060101742
173376.496836412 -0.681560916 3.056991445 0.595141541 0.550813063 -0.038897410 -0.832175161 0.050758855
173376.530170362 -0.732841379 3.143622196 0.588456752 0.554540251 -0.034988456 -0.830377085 0.041651106
173376.563504311 -0.787482792 3.232317348 0.580230228 0.561814992 -0.033165768 -0.825913692 0.033623199
173376.596838260 -0.844930529 3.323386128 0.570726233 0.573740518 -0.034909546 -0.817796144 0.028506269
173376.630172209 -0.892423739 3.436134088 0.563918741 0.582828773 -0.040302701 -0.811101806 0.028287347
173376.663506158 -0.956345820 3.532021742 0.555472063 0.586667145 -0.042894754 -0.808173853 0.028926191
173376.696840108 -1.032777694 3.619769490 0.542987302 0.587053673 -0.043706876 -0.807978361 0.025073140
173376.730174057 -1.100270733 3.720326238 0.534305868 0.584970966 -0.045112493 -0.809617951 0.017105715
173376.763508006 -1.168499283 3.823010955 0.524956961 0.581139127 -0.045807219 -0.812482839 0.007116894
173376.796841955 -1.236366900 3.927945410 0.514223902 0.578814842 -0.048292989 -0.814026902 0.001169897
173376.830175905 -1.303338365 4.035462642 0.502004418 -0.578659799 0.052492896 0.813874699 0.002303866
173376.863509854 -1.368497674 4.146249515 0.489085328 -0.577765070 0.055967781 0.814239581 0.008308760
173376.896843803 -1.430894574 4.260369454 0.475301427 -0.576660747 0.060491955 0.814551820 0.017562423
173376.930177752 -1.490458737 4.376684602 0.459899039 -0.578026736 0.066836029 0.812791765 0.028063926
173376.963511701 -1.546993856 4.494548920 0.442871212 -0.583105126 0.076411873 0.807956362 0.036826011
173376.996845651 -1.563227846 4.562912359 0.419151754 -0.588129998 0.086046399 0.802966610 0.044087932
173377.030179600 -1.613299869 4.682141577 0.402134284 -0.592385111 0.097102488 0.798174752 0.050675948
173377.063513549 -1.660275599 4.802575854 0.385825139 -0.596357120 0.106428097 0.793741037 0.054830758
173377.096847498 -1.704081575 4.924046713 0.370282335 -0.600214236 0.114298160 0.789540501 0.057485637
173377.130181447 -1.744418836 5.045705318 0.355479741 -0.604508884 0.120175638 0.785481970 0.056079406
173377.163515397 -1.780899001 5.167542046 0.341205165 -0.608747248 0.122495821 0.782133052 0.051859918
173377.196849346 -1.813544111 5.290062860 0.326197775 -0.613803580 0.120611276 0.778725427 0.047799532
173377.230183295 -1.842645822 5.413523545 0.309172775 -0.621478108 0.119684509 0.772981407 0.044049103
173377.263517244 -1.869371885 5.538678695 0.290487742 -0.628758040 0.124816408 0.766342585 0.042464498
173377.296851194 -1.800701304 5.530009111 0.278170934 -0.629291265 0.129102763 0.765346440 0.039620781
173377.330185143 -1.828323277 5.656787280 0.258360449 -0.628602410 0.138078627 0.764309222 0.040307753
173377.363519092 -1.858554921 5.787063520 0.237947766 -0.629717495 0.146726731 0.761631074 0.042956376
173377.396853041 -1.891403126 5.920517089 0.217647092 -0.632644269 0.154891369 0.757319638 0.047295439
173377.430186990 -1.777916504 6.280260513 0.214085285 -0.632582378 0.172135129 0.753161456 0.054376962
173377.463520940 -1.813276019 6.427150748 0.194860427 -0.634292188 0.171795855 0.751700159 0.055735764
173377.496854889 -1.851335636 6.576421796 0.175974341 -0.635839900 0.171061377 0.750622278 0.054880084
173377.530188838 -1.892974513 6.727686022 0.157439236 -0.636617860 0.170870139 0.750286726 0.050901133
173377.563522787 -2.139265396 7.074836500 0.093537074 -0.637636848 0.176122551 0.748451036 0.047129002
173377.596856736 -2.194292088 7.237001572 0.074537497 -0.633690736 0.176679829 0.751935416 0.042584248
173377.630190686 -2.253217487 7.401361753 0.055746512 -0.629038301 0.178827217 0.755522390 0.038955888
173377.663524635 -2.315292767 7.568543542 0.036953257 -0.624143477 0.181579263 0.759161231 0.033883868
173377.696858584 -2.380151695 7.738656003 0.017849157 -0.619138344 0.183120062 0.763217032 0.025189608
173377.730192533 -2.447544878 7.912391676 -0.001425359 -0.613926519 0.181418103 0.768096502 0.014472887
173377.763526483 -2.516924008 8.090292742 -0.021063328 -0.609944830 0.175957906 0.772634911 0.006435325
173377.796860432 -2.587958698 8.272505433 -0.041748233 -0.609318315 0.168865542 0.774732471 0.002284249
173377.830194381 -2.660586554 8.459449616 -0.063480155 -0.610952893 0.162424489 0.774823968 0.001632726
173377.863528330 -2.734950832 8.650974452 -0.086039423 -0.612783941 0.157679701 0.774353238 0.003164842
173377.896862279 -2.811213906 8.847253787 -0.109059479 -0.612838274 0.155248686 0.774787318 0.005630898
173377.930196229 -2.888863109 9.049111011 -0.132240615 -0.610707966 0.152681407 0.776905973 0.011886008
173377.963530178 -3.162414477 10.064319784 -0.287585688 -0.609242999 0.187913022 0.769380355 0.039566823
173377.996864127 -3.243801523 10.302231145 -0.317316655 -0.605936667 0.188338296 0.771250536 0.050418767
173378.030198076 -3.324653494 10.545528765 -0.348037680 -0.603589890 0.190344882 0.771658522 0.063175913
173378.063532025 -3.404334753 10.794669389 -0.379917002 -0.602074133 0.195032852 0.770410101 0.077053242
173378.096865975 -3.482260065 11.049745497 -0.412725771 -0.600524467 0.203526446 0.767541095 0.093957534
173378.130199924 -3.341597103 11.185516075 -0.419219053 -0.594808560 0.210190514 0.767372310 0.114727774
173378.163533873 -3.335161752 11.403046867 -0.442632813 -0.592004987 0.219857248 0.762624544 0.139988177
173378.196867822 -3.460483088 12.256693072 -0.623770617 -0.590872627 0.247355567 0.747959260 0.173901434
173378.230201772 -3.519539282 12.541593120 -0.664403127 -0.587386022 0.259072520 0.738534535 0.205975317
173378.263535721 -3.575347819 12.828502814 -0.707076522 -0.583603389 0.272711993 0.727295827 0.236803785
173378.296869670 -3.628328341 13.117359956 -0.752076764 -0.580405843 0.288669600 0.713461131 0.266030326
173378.330203619 -3.678605853 13.407449986 -0.799313637 -0.578876484 0.307896011 0.695932760 0.292881641
173378.363537568 -3.726345468 13.698485029 -0.848095815 -0.577173224 0.329318415 0.675212492 0.320169552
173378.396871518 -3.772442600 13.990035042 -0.897973903 -0.573471843 0.352476510 0.652870711 0.347347362
173378.430205467 -3.650044925 14.193824877 -0.924833626 -0.565938396 0.375865777 0.632349421 0.372253757
173378.463539416 -3.694481680 14.353613389 -0.946735193 -0.559452185 0.395143172 0.612283782 0.394947714
173378.496873365 -3.738607834 14.641799085 -0.996696101 -0.553779199 0.414459854 0.589375416 0.417358656
173378.530207314 -3.785248430 14.931081161 -1.046728024 -0.550162861 0.430234419 0.566664811 0.437161484
173378.563541264 -3.835507792 15.222028052 -1.096588490 -0.549003683 0.441432971 0.545433804 0.454129776
173378.596875213 -3.890688810 15.515228410 -1.146163943 -0.551393247 0.446282722 0.526673723 0.468414355
173378.630209162 -3.952014748 15.811059932 -1.196187475 -0.557626065 0.447881671 0.510652188 0.477168234
173378.663543111 -4.020440633 16.109595908 -1.247466948 -0.567306350 0.450477222 0.497757342 0.476939625
173378.696877061 -4.096434715 16.411181654 -1.300510882 -0.579686936 0.454786271 0.489518521 0.466373372
173378.730211010 -4.179230961 16.716395791 -1.355108190 -0.594751475 0.456233642 0.484495551 0.450982935
173378.763544959 -4.267668435 17.025581077 -1.410527526 -0.612677354 0.447243543 0.482268905 0.438196733
173378.796878908 -4.361679494 17.339053359 -1.466520927 -0.631258323 0.424552963 0.486662257 0.429450299
173378.830212857 -4.461164775 17.655750436 -1.523589393 -0.650062917 0.391296318 0.496676356 0.421447497
173378.863546807 -4.565371212 17.973886801 -1.581894562 -0.668427359 0.354710861 0.511180368 0.407528775
173378.896880756 -4.673189876 18.292003737 -1.641262339 -0.685669602 0.320956281 0.528828267 0.383646877
173378.930214705 -4.783703434 18.610054920 -1.701450784 -0.700469902 0.290548186 0.548638690 0.352021670
173378.963548654 -4.895091353 18.928494311 -1.761642125 -0.711647933 0.264944782 0.568375681 0.316718436
173378.996882603 -5.006244573 19.248360576 -1.820498841 -0.717532240 0.242048770 0.588964263 0.282278185
173379.030216553 -5.116820305 19.569794393 -1.877691897 -0.718415653 0.220530300 0.611780416 0.246921161
173379.063550502 -5.224877541 19.893170259 -1.932862258 -0.717100834 0.200829971 0.634216321 0.207854215
173379.096884451 -5.329847173 20.219654507 -1.985648566 -0.713795723 0.184116159 0.654914075 0.166386478
173379.130218400 -5.431871488 20.550890058 -2.036197987 -0.707157162 0.169596255 0.674524519 0.127210579
173379.163552350 -5.530883286 20.887867766 -2.084948628 -0.696895130 0.155071954 0.694003742 0.092998245
173379.196886299 -5.627473403 21.230706773 -2.132441983 -0.683574704 0.142057427 0.713295630 0.061275251
173379.230220248 -5.721868971 21.579660830 -2.180297078 -0.670056539 0.130266990 0.730097698 0.031813461
173379.263554197 -5.814273115 21.935712012 -2.229383275 -0.659241992 0.123532029 0.741686199 0.006435596
173379.296888146 -5.905419998 22.298539417 -2.278973478 0.650787984 -0.116964266 -0.750096237 0.012247283
173379.330222096 -5.995625688 22.667308210 -2.329606521 0.643696076 -0.109970615 -0.756938350 0.024620335
173379.363556045 -6.084942601 23.041871824 -2.381746234 0.635503494 -0.101921365 -0.764628215 0.033030863
173379.396889994 -6.173900939 23.421598920 -2.435724829 0.625919049 -0.093685748 -0.773165870 0.040778208
173379.430223943 -6.262868536 23.806556222 -2.492153994 0.616753634 -0.084295859 -0.780896866 0.052050439
173379.463557892 -6.350964960 24.197208383 -2.551799340 0.611123599 -0.075514304 -0.785343386 0.063728348
173379.496891842 -6.438078413 24.594264941 -2.615250028 0.610271734 -0.069461937 -0.785692473 0.073693880
173379.530225791 -6.524779620 24.998822608 -2.681489333 0.608691960 -0.066027052 -0.786810383 0.077871345
173379.563559740 -6.611385784 25.411443372 -2.750479490 0.604862062 -0.067191255 -0.789852031 0.075901191
173379.596893689 -6.697720334 25.832256927 -2.822498123 0.600858805 -0.072007596 -0.793176999 0.068219137
173379.630227639 -6.783564129 26.260676101 -2.897681523 0.597889775 -0.081417852 -0.795404900 0.056833045
173379.663561588 -6.868923755 26.696108944 -2.975595177 0.596541006 -0.093363730 -0.795878590 0.044713664
173379.696895537 -6.963106762 26.595931911 -2.889522467 0.595378344 -0.095512036 -0.796884632 0.037107427
173379.730229486 -7.048656866 27.032688447 -2.966689024 0.594655688 -0.108071921 -0.796380290 0.021988766
173379.763563435 -6.924866916 27.074531926 -2.900034395 0.596003512 -0.115148509 -0.794646739 0.007562748
173379.796897385 -7.591176674 27.887642613 -3.113176502 -0.604811210 0.136994782 0.784367201 0.014280185
173379.830231334 -7.175955652 28.266466341 -3.130384000 -0.605973081 0.148558766 0.780887859 0.030676844
173379.863565283 -7.256806998 28.719316994 -3.210170428 -0.609466292 0.160202678 0.775084536 0.046150867
173379.896899232 -7.338099562 29.175092401 -3.290517791 -0.611698211 0.171697238 0.769984641 0.058898301
173379.930233181 -6.321324860 29.970101108 -3.398391784 -0.605801887 0.191365923 0.768808030 0.072920299
173379.963567131 -6.384709421 30.434141340 -3.479756599 -0.606702920 0.199297461 0.765363095 0.080071353
173379.996901080 -6.448707628 30.901486141 -3.561468358 -0.609047193 0.204597682 0.761556033 0.085051245
173380.030235029 -6.000406350 31.606996801 -3.634518445 -0.610287794 0.213063808 0.757564524 0.090821879
173380.063568978 -6.056348408 32.082102035 -3.717316904 -0.615605834 0.216102287 0.751985818 0.094056304
173380.096902928 -6.113174811 32.560701136 -3.800475724 -0.619879809 0.219353009 0.747210585 0.096486380
173380.130236877 -6.171049985 33.042345428 -3.884117969 -0.622824610 0.223709898 0.743390812 0.097023128
173380.163570826 -6.230117090 33.527393797 -3.968215484 -0.624572166 0.228616427 0.740681124 0.095055837
173380.196904775 -6.290387933 34.016134804 -4.052724080 -0.625767948 0.233118728 0.738764490 0.091088759
173380.230238724 -6.351828251 34.508722950 -4.137689386 -0.626975353 0.236764745 0.737317813 0.084892900
173380.263572674 -6.414338518 35.005198714 -4.222925437 -0.627667056 0.239954746 0.736571948 0.076925627
173380.296906623 -6.477750626 35.505766946 -4.308187146 -0.627549523 0.242526793 0.736718141 0.067887638
173380.330240572 -6.541825493 36.010739414 -4.393156898 -0.626102077 0.244457178 0.738009343 0.059825473
173380.363574521 -6.606257033 36.520134638 -4.477949156 -0.624178891 0.246485139 0.739468476 0.053218061
173380.396908470 -6.670830234 37.033993652 -4.562827472 -0.622952707 0.249417681 0.739876034 0.048002077
173380.430242420 -6.735700982 37.552506811 -4.647858241 -0.621906295 0.252056916 0.740164614 0.043083826
173380.463576369 -6.800872731 38.075750652 -4.733169157 -0.620220379 0.253775788 0.741255307 0.038276647
173380.496910318 -6.866169926 38.603699413 -4.819115474 -0.617376195 0.255566651 0.743243618 0.033485011
173380.530244267 -6.931154189 39.136169854 -4.906341513 -0.613987359 0.258948774 0.745070800 0.028888721
173380.563578217 -6.995652499 39.673225130 -4.995277326 -0.610039594 0.264512030 0.746498924 0.024988706
173380.596912166 -7.059752861 40.214940417 -5.085908701 -0.605346579 0.270700675 0.748199505 0.021775333
173380.630246115 -7.123481354 40.761536993 -5.178357913 -0.600134188 0.276656160 0.750304696 0.018525343
173380.663580064 -7.186678433 41.313093797 -5.272997710 -0.595692811 0.282159780 0.751887907 0.014160081
173380.696914013 -7.249243663 41.869799531 -5.369874235 -0.592290505 0.286894050 0.752865155 0.008821581
173380.730247963 -7.311198291 42.432035883 -5.468580561 -0.589393195 0.289549078 0.754161350 0.004201345
173380.763581912 -7.372324064 42.999855385 -5.569236429 -0.588456785 0.289079250 0.755082644 0.001414769
173380.796915861 -7.432517821 43.573178310 -5.672504148 -0.590794551 0.287744451 0.753767157 0.000057263
173380.830249810 -7.492126939 44.152533045 -5.778569785 0.595161550 -0.286123916 -0.750943133 0.000495788
173380.863583759 -7.551508229 44.738554910 -5.887450283 0.600009437 -0.283545520 -0.748057711 0.000524884
173380.896917709 -7.610710300 45.331679987 -5.999594601 0.605831047 -0.280423196 -0.744534445 0.000184631
173380.930251658 -7.669590060 45.932219851 -6.115299852 -0.612473263 0.278298101 0.739882716 0.000484738
173380.963585607 -7.728128695 46.540538208 -6.234605321 -0.620012765 0.276650051 0.734197808 0.001580755
173380.996919556 -7.786451211 47.157178356 -6.357329342 -0.627109435 0.275961968 0.728397054 0.004059626
173381.030253506 -7.844636765 47.782234919 -6.483162438 -0.632996306 0.275620606 0.723386675 0.007789505
173381.063587455 -7.902445515 48.414843968 -6.611723318 -0.638886944 0.275614819 0.718159014 0.010371869
173381.096921404 -7.959709070 49.054638659 -6.742068953 -0.644042774 0.275067715 0.713726827 0.011860584
173381.130255353 -8.016309261 49.701145529 -6.873156148 -0.647443990 0.273212315 0.711336839 0.013084781
173381.163589302 -8.071900434 50.353916242 -7.004360022 -0.649262741 0.270523511 0.710628882 0.016778382
173381.196923252 -8.126112419 51.011979052 -7.135724564 -0.651140155 0.268164198 0.709609391 0.023642638
173381.230257201 -8.178985053 51.674515320 -7.267459153 -0.653712820 0.267153014 0.707341180 0.030939790
173381.263591150 -8.230897784 52.341577680 -7.399277348 -0.655101894 0.266477328 0.705948924 0.038307414
173381.296925099 -8.282230066 53.012623415 -7.531388106 -0.655477722 0.265411972 0.705627492 0.044668602
173381.330259049 -8.333034361 53.687259467 -7.664282060 -0.655199572 0.266302268 0.705294310 0.048544399
173381.363592998 -8.383449402 54.365783825 -7.797916672 -0.654051912 0.267787769 0.705604278 0.051268023
173381.396926947 -8.433659999 55.048266869 -7.932675137 -0.653053028 0.268742393 0.706104787 0.052108528
173381.430260896 -8.483497262 55.734901263 -8.068766505 -0.652307987 0.269862978 0.706373599 0.052005782
173381.463594845 -8.532892246 56.425861546 -8.206596125 -0.652353099 0.271565166 0.705793312 0.050434076
173381.496928795 -8.582002479 57.121350623 -8.346166722 -0.652567710 0.273912734 0.704857763 0.047986790
173381.530262744 -8.631278616 57.821846709 -8.487276691 -0.650965339 0.276433244 0.705620909 0.043908114
173381.563596693 -8.680729042 58.527767588 -8.629797146 -0.646214585 0.279264620 0.709189768 0.038312594
173381.596930642 -8.729935210 59.239010746 -8.774035248 -0.640202706 0.283033546 0.713438348 0.032221592
173381.630264591 -8.778748670 59.955662272 -8.920217540 -0.634239400 0.288110513 0.716974176 0.026091134
173381.663598541 -8.827273807 60.677964210 -9.068038035 -0.627600233 0.292931159 0.721030718 0.020590965
173381.696932490 -8.875438363 61.405487163 -9.217773455 -0.622124608 0.296620741 0.724423185 0.013717054
173381.730266439 -8.923077272 62.138106800 -9.369506028 -0.618147941 0.299893317 0.726584694 0.005639602
173381.763600388 -8.970189147 62.875903870 -9.523048453 0.615154791 -0.302566808 -0.728033328 0.002320263
173381.796934338 -9.016839324 63.619085466 -9.678221131 0.612777486 -0.304082449 -0.729354478 0.008925443
173381.830268287 -9.063158042 64.367954936 -9.835010395 0.610376331 -0.304451157 -0.731143138 0.013414107
173381.863602236 -9.109255122 65.122605427 -9.993788309 0.608525988 -0.304542380 -0.732568349 0.017136899
173381.896936185 -9.155265726 65.883206249 -10.154669704 0.607643995 -0.304404970 -0.733268328 0.020590003
173381.930270134 -9.201461903 66.650023894 -10.317551090 0.607146861 -0.303309635 -0.734011913 0.024545175
173381.963604084 -9.247898138 67.423192776 -10.482369324 0.607099822 -0.301319935 -0.734707994 0.028987355
173381.996938033 -9.294511716 68.202669507 -10.649107191 0.607982704 -0.299127370 -0.734647430 0.034249117
173382.030271982 -9.341335652 68.988642787 -10.817467170 0.609485190 -0.295764428 -0.734479048 0.039896549
173382.063605931 -9.388314825 69.781149065 -10.987238584 0.611109733 -0.291162544 -0.734696318 0.044616008
173382.096939880 -9.435526253 70.580014964 -11.158467344 0.612525000 -0.285716608 -0.735402219 0.048607824
173382.130273830 -9.482815409 71.385013450 -11.331382399 0.613654665 -0.280447578 -0.736210599 0.052640869
173382.163607779 -9.530040476 72.196076690 -11.506131063 0.614620411 -0.275770047 -0.736867684 0.056733127
173382.196941728 -9.577131756 73.013211822 -11.682735010 0.615289157 -0.271278291 -0.737681164 0.060447018
173382.230275677 -9.623841114 73.836392703 -11.861364621 0.616058333 -0.267376338 -0.738221895 0.063328180
173382.263609627 -9.670020458 74.665573287 -12.042238028 0.617690936 -0.264502312 -0.737684448 0.065712165
173382.296943576 -9.715648383 75.500801255 -12.225355024 0.620033300 -0.262372108 -0.736296507 0.067727679
173382.330277525 -9.760783214 76.342115398 -12.410665171 0.622915706 -0.260677157 -0.734280669 0.069680286
173382.363611474 -9.805535197 77.189573192 -12.598102425 0.625835923 -0.259636996 -0.731948078 0.071902985
173382.396945423 -9.849819352 78.043181127 -12.787548369 0.628342255 -0.259847683 -0.729459241 0.074527902
173382.430279373 -9.893517838 78.903074520 -12.978937488 0.630652143 -0.261428908 -0.726650871 0.076885057
173382.463613322 -9.936461253 79.769490989 -13.172408281 0.633082841 -0.264682439 -0.723358283 0.076825235
173382.496947271 -9.978730364 80.642670510 -13.368362671 0.635543301 -0.270867579 -0.719256588 0.073385472
173382.530281220 -10.020533186 81.522870273 -13.567314569 0.637392380 -0.281891651 -0.713892863 0.068007584
173382.563615169 -10.062494469 82.410743511 -13.768905372 0.635524920 -0.297438109 -0.709865663 0.061068716
173382.596949119 -10.105046470 83.306927658 -13.972412987 0.627624403 -0.315447630 -0.709799307 0.052586555
173382.630283068 -10.147719799 84.211750975 -14.177417072 0.615226715 -0.334643557 -0.712586293 0.041599925
173382.663617017 -10.189668415 85.124862852 -14.383450078 0.601769149 -0.354035401 -0.715357208 0.028229251
173382.696950966 -10.230299694 86.045648306 -14.589766517 0.589829565 -0.371141911 -0.717058806 0.013469758
173382.730284916 -10.269338430 86.973836975 -14.795387884 -0.579489840 0.383780268 0.718940816 0.005323038
173382.763618865 -10.306617754 87.908742430 -14.999994474 -0.570142698 0.391077177 0.721925399 0.028629761
173382.796952814 -10.342729447 88.849274750 -15.203586580 -0.563512908 0.393937758 0.723879714 0.057134971
173382.830286763 -10.383047571 89.795479004 -15.405724494 -0.554338004 0.388918519 0.731584010 0.078972140
173382.863620712 -10.425499360 90.746008118 -15.608590797 -0.540581226 0.385763077 0.741794092 0.093275463
173382.896954662 -10.466153612 91.701055479 -15.813826353 -0.526343064 0.389714935 0.748334224 0.105266976
173382.930288611 -10.503287952 92.662654903 -16.019541654 -0.507442280 0.394184368 0.755712006 0.126571638
173382.963622560 -10.537098441 93.630618910 -16.225664639 -0.483069175 0.395736271 0.765148260 0.156796420
173382.996956509 -10.570545778 94.604241535 -16.433729739 -0.459637191 0.395196764 0.774228227 0.181999512
173383.030290458 -10.605868125 95.584077601 -16.643613966 -0.440911033 0.392004571 0.782704262 0.198252151
173383.063624408 -10.641760856 96.569801446 -16.856694720 -0.422893993 0.389700125 0.791343027 0.207534807
173383.096958357 -10.678038247 97.561530201 -17.073886082 -0.409827063 0.386505104 0.797814031 0.214821680
173383.130292306 -10.714887646 98.559505270 -17.295907559 -0.402878288 0.380604736 0.802814741 0.219812672
173383.163626255 -10.753041268 99.562832262 -17.524288014 -0.405096129 0.374009941 0.805201708 0.218320636
173383.196960205 -10.793152982 100.571127436 -17.760050960 -0.418212038 0.371121816 0.802442827 0.208453348
173383.230294154 -10.834534411 101.584671635 -18.002771263 -0.437583771 0.369715002 0.796282424 0.194333636
173383.263628103 -10.875682961 102.603281375 -18.252004656 -0.460125919 0.370243232 0.786602546 0.180168038
173383.296962052 -10.916134607 103.627029987 -18.507058224 -0.484744618 0.371149250 0.774225404 0.166870949
173383.330296001 -10.957238341 104.656581356 -18.767214644 -0.507202262 0.370440268 0.763196347 0.151826246
173383.363629951 -10.997898769 105.691607527 -19.032733417 -0.529193564 0.369344062 0.751539239 0.136849946
173383.396963900 -11.036517785 106.731610495 -19.304085530 -0.552915982 0.373442397 0.734771176 0.122212977
173383.430297849 -11.072843969 107.776501517 -19.581308268 -0.580782222 0.384524276 0.709707153 0.105588105
173383.463631798 -11.106526615 108.825846768 -19.864048011 -0.615312531 0.400388172 0.673826928 0.083887256
173383.496965747 -11.136653445 109.879780589 -20.151343455 -0.655557435 0.419323807 0.625184019 0.059640064
173383.530299697 -11.163117543 110.939085226 -20.441727612 -0.697927612 0.435166306 0.567692207 0.035396228
173383.563633646 -11.186481477 112.005405164 -20.733562470 -0.739112317 0.440703657 0.509227230 0.013449799
173383.596967595 -11.207202637 113.080854135 -21.025403539 0.774950556 -0.435824256 -0.457720602 0.000838727
173383.630301544 -11.227658278 114.166696319 -21.316972404 0.800878030 -0.424119792 -0.422617518 0.010545903
173383.663635494 -11.247904615 115.263578274 -21.609611604 0.819407018 -0.409456382 -0.400889719 0.014319339
173383.696969443 -11.266265699 116.370266542 -21.903738861 0.834512116 -0.396315678 -0.382511384 0.014437856
173383.730303392 -11.282247482 117.487036236 -22.199581822 0.847318976 -0.386004889 -0.364564601 0.011976222
173383.763637341 -11.296485857 118.613501117 -22.496658679 0.855540563 -0.386588059 -0.344280321 0.008430778
173383.796971290 -11.310861221 119.750360656 -22.792918560 0.855710998 -0.395512144 -0.333617591 0.005304203
173383.830305240 -11.327023146 120.898733145 -23.089470578 -0.848260312 0.406070481 0.339926695 0.003324058
173383.863639189 -11.345726404 122.058423650 -23.387392744 -0.832188947 0.421275191 0.360021447 0.019321688
173383.896973138 -11.365583095 123.228516465 -23.685560835 -0.809762229 0.439008977 0.387214490 0.040263999
173383.930307087 -11.385121991 124.408492207 -23.983500819 -0.781786217 0.460518633 0.415810669 0.061922426
173383.963641036 -11.403752125 125.597429844 -24.280344851 -0.750728555 0.481788856 0.445206483 0.077957182
173383.996974986 -11.421784305 126.795412873 -24.575532498 -0.717775327 0.500688906 0.475469322 0.089655580
173384.030308935 -11.439085231 128.002422238 -24.869000604 -0.681729439 0.516313388 0.508372493 0.101108187
173384.063642884 -11.455726655 129.217357068 -25.160934664 -0.642831062 0.526052014 0.545269414 0.112777523
173384.096976833 -11.471869367 130.439287729 -25.451975741 -0.603485401 0.524557223 0.587361413 0.125106598
173384.130310783 -11.487725589 131.666730130 -25.743245358 -0.563198743 0.514724508 0.631907544 0.136230365
173384.163644732 -11.503043726 132.898628608 -26.035657700 -0.521678551 0.501058827 0.674462768 0.147957817
173384.196978681 -11.518087643 134.133928037 -26.330130769 -0.479769804 0.485206264 0.713171066 0.160570382
173384.230312630 -11.533192647 135.372235906 -26.627859610 -0.437255945 0.470614170 0.746782741 0.172177465
173384.263646579 -11.548710623 136.613994138 -26.929999663 -0.396479864 0.458552129 0.774438782 0.181047607
173384.296980529 -11.565429848 137.859232593 -27.236809679 -0.360109758 0.444074543 0.799290262 0.185077927
173384.330314478 -11.583193202 139.107921392 -27.548858556 -0.329718190 0.424725390 0.821687873 0.189006080
173384.363648427 -11.602143406 140.360299235 -27.867028735 -0.307218019 0.406342207 0.840046996 0.186612280
173384.396982376 -11.621457248 141.618479050 -28.191102203 -0.291368511 0.398385118 0.851523102 0.176923981
173384.430316325 -11.641071323 142.882746471 -28.519721679 -0.280664101 0.391102371 0.860984008 0.164235002
173384.463650275 -11.660327864 144.153307340 -28.853025916 -0.274272708 0.383668974 0.868422231 0.153021004
173384.496984224 -11.679211330 145.428724886 -29.191923998 -0.273237519 0.379100757 0.873271229 0.137917497
173384.530318173 -11.697905930 146.710234242 -29.535580755 -0.275145194 0.376963901 0.876054342 0.121334781
173384.563652122 -11.717085449 147.997615253 -29.884601875 -0.280330630 0.378690959 0.875991244 0.103185441
173384.596986072 -11.736906637 149.290562524 -30.240363298 -0.295500866 0.383675223 0.871055254 0.082068907
173384.630320021 -11.757292354 150.588722482 -30.603444693 -0.325734228 0.387580048 0.860469804 0.057189467
173384.663653970 -11.777092751 151.891676011 -30.973638750 -0.368149270 0.391099506 0.843048459 0.027867297
173384.696987919 -11.794873263 153.199730527 -31.350543326 0.417103255 -0.393835455 -0.819091477 0.002767932
173384.730321868 -11.810394873 154.513120044 -31.733241775 0.471549249 -0.390939873 -0.789651666 0.035462203
173384.763655818 -11.824164540 155.832358173 -32.119914079 0.525776569 -0.381263718 -0.756839679 0.073421235
173384.796989767 -11.835261628 157.157973690 -32.509116221 0.572232156 -0.370196648 -0.722775592 0.114456302
173384.830323716 -11.843567183 158.491867271 -32.899986129 0.613454080 -0.354693835 -0.688847228 0.152826279
173384.863657665 -11.850169463 159.835975700 -33.291890388 0.644446677 -0.338199469 -0.660386739 0.184929594
173384.896991614 -11.855303686 161.190574555 -33.684481923 0.665017310 -0.323747705 -0.638811419 0.211800311
173384.930325564 -11.858617506 162.556832301 -34.077867738 0.678534631 -0.314013461 -0.622365580 0.231619052
173384.963659513 -11.860641047 163.935929002 -34.472287231 0.684149547 -0.312899680 -0.613648364 0.239726662
173384.996993462 -11.862242328 165.327846172 -34.868593491 0.682115145 -0.319211924 -0.613690413 0.237079635
173385.030327411 -11.863100718 166.732127362 -35.267729023 0.673666808 -0.331625377 -0.620911611 0.225092010
173385.063661361 -11.862268265 168.148284817 -35.670854911 0.661705089 -0.347465483 -0.631934225 0.205117647
173385.096995310 -11.858507444 169.575324155 -36.078943362 0.649076767 -0.365459949 -0.642483372 0.179870770
173385.130329259 -11.851028224 171.012306668 -36.492183252 0.637653870 -0.385586683 -0.649583389 0.150870383
173385.163663208 -11.839471084 172.457931025 -36.910698853 0.627886188 -0.407902186 -0.651596346 0.121642686
173385.196997157 -11.823767492 173.911923867 -37.334580112 0.620993497 -0.431673124 -0.647966505 0.090359278
173385.230331107 -11.804100008 175.374014854 -37.763192882 0.617085896 -0.453860254 -0.640262855 0.057265549
173385.263665056 -11.780905127 176.843740773 -38.196124431 0.616674200 -0.474812588 -0.627444599 0.024066807
173385.296999005 -11.754794958 178.320720729 -38.632376387 -0.618006362 0.492553116 0.612701612 0.007503305
173385.330332954 -11.726027517 179.805403909 -39.071424119 -0.620656429 0.506384707 0.597376540 0.038747837
173385.363666903 -11.695891851 181.297531823 -39.512996672 -0.621539973 0.517870812 0.583850139 0.067947775
173385.397000853 -11.665178241 182.797379669 -39.957183703 -0.620171910 0.526186258 0.573815974 0.096177195
173385.430334802 -11.633493266 184.304247274 -40.404215637 -0.618452576 0.533381734 0.563808901 0.123044139
173385.463668751 -11.600598649 185.817751072 -40.854160586 -0.617902057 0.539992067 0.552007304 0.147964701
173385.497002700 -11.566969877 187.337950483 -41.307365762 -0.617988715 0.546724195 0.538697008 0.170259030
173385.530336650 -11.532545684 188.864992039 -41.764129136 -0.618819915 0.554151477 0.523466715 0.189632937
173385.563670599 -11.097434350 187.502133659 -40.971246370 -0.617836586 0.561708286 0.505892199 0.216413581
173385.597004548 -11.057516758 189.018388423 -41.420496388 -0.618969750 0.570101481 0.487848485 0.232087496
173385.630338497 -11.016692082 190.542619195 -41.872966910 -0.619287548 0.579835224 0.467810589 0.247845312
173385.663672446 -10.975894682 192.073851427 -42.328722532 -0.618188027 0.590111644 0.448181349 0.262193230
173385.697006396 -10.935104168 193.612406337 -42.787626572 -0.614840010 0.600166327 0.431194251 0.275397277
173385.730340345 -10.893440341 195.158253934 -43.249378150 -0.610581599 0.609818395 0.414907575 0.288380546
173385.763674294 -10.850436631 196.711323858 -43.714211394 -0.607263809 0.618816444 0.397207981 0.300869897
173385.797008243 -10.805938357 198.271556097 -44.181968782 -0.605891370 0.627038568 0.377370848 0.311944748
173385.830342192 -10.759868587 199.838953609 -44.652469231 -0.606484313 0.633884070 0.355606067 0.322353980
173385.863676142 -10.712709656 201.413559521 -45.125654841 -0.607094237 0.640109520 0.333253796 0.332623355
173385.897010091 -10.664860527 202.995534759 -45.601319573 -0.605568835 0.646245368 0.311791670 0.344150063
173385.930344040 -10.616464435 204.584690812 -46.079311021 -0.601043944 0.652740169 0.291255405 0.357556623
173385.963677989 -10.567535002 206.181018011 -46.559704644 -0.592918601 0.659340594 0.271511836 0.374164185
173385.997011939 -10.517964871 207.784426511 -47.042562537 -0.581258682 0.665501034 0.252555020 0.394287559
173386.030345888 -10.467440474 209.394350247 -47.527771230 -0.566913997 0.670964283 0.232589579 0.417513518
173386.063679837 -10.415863581 211.010162511 -48.015348124 -0.550829901 0.676028720 0.209689351 0.442269111
173386.097013786 -10.363432035 212.631813504 -48.505433925 -0.533700596 0.681976344 0.182905417 0.465421903
173386.130347735 -10.310387680 214.259311507 -48.997885403 -0.515194079 0.688626825 0.153495358 0.486628536
173386.163681685 -10.256933173 215.892327282 -49.491859375 -0.495188094 0.695328882 0.121657433 0.506464181
173386.197015634 -10.202597757 217.531896264 -49.987674985 -0.475454231 0.700296976 0.088132921 0.525128562
173386.230349583 -10.147222361 219.178966759 -50.485928580 -0.456780549 0.702807236 0.056466165 0.542425194
173386.263683532 -10.090954324 220.833403649 -50.986602169 -0.439418861 0.703487614 0.027031940 0.557929669
173386.297017481 -10.033767342 222.494928074 -51.489370715 -0.423279367 0.702075844 -0.000956138 0.572645765
173386.330351431 -9.975511705 224.163754147 -51.994234895 -0.409127929 0.698076162 -0.028580829 0.586930274
173386.363685380 -9.916415386 225.839813576 -52.501822230 -0.395495938 0.692758257 -0.056342795 0.600411900
173386.397019329 -9.856526530 227.523238998 -53.012221804 -0.381807266 0.686138187 -0.084398537 0.613444771
173386.430353278 -9.795958642 229.214336098 -53.525746986 -0.368334007 0.678708228 -0.111200877 0.625555405
173386.463687228 -9.735204215 230.913114537 -54.042523255 -0.354058251 0.671633695 -0.136760669 0.636276241
173386.497021177 -9.674255856 232.619651311 -54.562648821 -0.339152304 0.664613551 -0.162131544 0.645738263
173386.530355126 -9.612662405 234.334327095 -55.086325876 -0.324126849 0.657062855 -0.186762430 0.654469239
173386.563689075 -9.549878070 236.057329888 -55.613830319 -0.309364835 0.649109432 -0.210790564 0.662206677
173386.597023024 -9.486807359 237.788222831 -56.145066495 -0.294486208 0.640286960 -0.233736812 0.669833998
173386.630356974 -9.423341164 239.526816359 -56.679895373 -0.279383014 0.630793015 -0.257413390 0.676597111
173386.663690923 -10.203621964 240.473493502 -56.802623256 -0.264722235 0.620777034 -0.278091971 0.683537027
173386.697024872 -10.145790104 242.222372561 -57.341462490 -0.249194265 0.612763905 -0.299887045 0.687379354
173386.730358821 -10.086950710 243.979856714 -57.884738268 -0.233481855 0.606893417 -0.319042873 0.689476793
173386.763692770 -10.026340555 245.746179559 -58.432257344 -0.219195651 0.601581962 -0.334317681 0.691580869
173386.797026720 -9.963899329 247.521768628 -58.983703361 -0.207481394 0.595615164 -0.346727069 0.694243752
173386.830360669 -9.899999238 249.306714529 -59.539036767 -0.198391915 0.588901265 -0.357427767 0.697195339
173386.863694618 -9.834703492 251.100934943 -60.098503662 -0.191456313 0.582331468 -0.367262385 0.699537620
173386.897028567 -9.767565020 252.904249324 -60.662862984 -0.185969498 0.577733988 -0.374847126 0.700805548
173386.930362517 -9.698266564 254.716600545 -61.232372734 -0.181758653 0.575238095 -0.379434123 0.701494598
173386.963696466 -9.626531564 256.538020028 -61.807040757 -0.179577707 0.574519042 -0.380684554 0.701967940
173386.997030415 -9.552246765 258.368594074 -62.386852238 -0.179863442 0.575622802 -0.378183443 0.702342378
173387.030364364 -9.475771731 260.208293164 -62.971668267 -0.182495360 0.578691652 -0.372927894 0.701951709
173387.063698313 -9.397178784 262.057114823 -63.561397586 -0.187247939 0.583516056 -0.364319328 0.701226532
173387.097032263 -11.201794502 262.224190434 -63.197953716 -0.195640440 0.589514313 -0.345932461 0.703227151
173387.130366212 -11.135842596 264.075442635 -63.786815370 -0.203662517 0.596967999 -0.330741240 0.701969387
173387.163700161 -11.067525663 265.939614460 -64.381462661 -0.212849653 0.605813031 -0.312508179 0.700017311
173387.197034110 -10.997228119 267.812192255 -64.980187809 -0.223214909 0.615447182 -0.292312648 0.697103425
173387.230368059 -10.925377299 269.693163949 -65.582801913 -0.235136471 0.626185516 -0.269875087 0.692654298
173387.263702009 -10.852417788 271.582467857 -66.188929678 -0.248831013 0.637254365 -0.245266499 0.686901991
173387.297035958 -10.778680543 273.479805624 -66.798261334 -0.263768495 0.647897513 -0.219022540 0.680208881
173387.330369907 -10.704361588 275.385015701 -67.410557890 -0.279323007 0.657551107 -0.191032116 0.673135893
173387.363703856 -10.629796744 277.297848207 -68.025694825 -0.294652095 0.666380489 -0.161337683 0.665648060
173387.397037806 -10.555117118 279.218096877 -68.643366554 -0.309679770 0.674278721 -0.130154177 0.657652291
173387.430371755 -10.480197020 281.145857783 -69.263395478 -0.325200483 0.680980345 -0.097376913 0.648866822
173387.463705704 -10.249857513 284.074172082 -70.377942073 -0.342632122 0.687608920 -0.063912112 0.636955606
173387.497039653 -10.173510644 286.024632550 -71.007505164 -0.361830621 0.693129808 -0.028632613 0.622759861
173387.530373602 -10.098465153 287.981434724 -71.638569510 -0.382025756 0.696744372 0.005156794 0.607105435
173387.563707552 -10.024247087 289.944731904 -72.271807645 -0.401521856 0.698927061 0.036566606 0.590714860
173387.597041501 -9.950571240 291.914358435 -72.907517931 -0.419927156 0.699915268 0.066056018 0.573948085
173387.630375450 -9.877569512 293.889821744 -73.545416611 -0.436477327 0.700203251 0.093765749 0.557145345
173387.663709399 -9.805115374 295.871010123 -74.185673465 -0.450732022 0.700165132 0.120639484 0.540421638
173387.697043348 -9.732858947 297.858033934 -74.828179033 -0.462184193 0.699794145 0.146883205 0.524499047
173387.730377298 -9.660460734 299.850889357 -75.472965713 -0.470951619 0.699319104 0.172089171 0.509453315
173387.763711247 -9.587461999 301.849777636 -76.120266786 -0.477552806 0.698846928 0.196098793 0.495077319
173387.797045196 -9.513459343 303.854646902 -76.769825003 -0.482906844 0.697538540 0.219192622 0.481866745
173387.830379145 -9.438154862 305.865673314 -77.421909671 -0.488197547 0.695948714 0.241614904 0.467911083
173387.863713095 -13.475464199 307.813334018 -77.860052067 -0.500891150 0.689104019 0.270401003 0.448471854
173387.897047044 -12.027251729 312.908029615 -80.128276681 -0.506824244 0.690405693 0.287897637 0.428467171
173387.930380993 -11.967086154 314.958672583 -80.799900676 -0.515500750 0.688031218 0.309863959 0.406025057
173387.963714942 9.493564049 325.175822239 -86.549554702 -0.494217797 0.714123889 0.302628676 0.392672541
173387.997048891 9.722536382 327.276742951 -87.263938101 -0.505417492 0.709583883 0.327561325 0.365714983
173388.030382841 3.680247380 326.223518472 -85.648786803 -0.523952494 0.693988635 0.360239380 0.337759008
173388.063716790 3.867034179 328.334187826 -86.352000674 -0.531771018 0.686974617 0.384045104 0.312721631
173388.097050739 -4.105200026 324.921076856 -83.254358980 -0.547175680 0.665038305 0.419808114 0.286503011
173388.130384688 -3.977461752 326.995183204 -83.924139794 -0.549125432 0.654992028 0.446555245 0.264641487
173388.163718637 -2.717303053 329.631186278 -84.948468205 -0.547552916 0.645238096 0.473663949 0.243918155
173388.197052587 -2.574104102 331.729728063 -85.628006126 -0.546723247 0.632788492 0.501764160 0.221145072
173388.230386536 -2.427315943 333.833029404 -86.309780358 -0.546407781 0.619201421 0.528586074 0.196532184
173388.263720485 -2.276702545 335.941133213 -86.994019946 -0.547300218 0.604646978 0.553069036 0.170232617
173388.297054434 -2.121993312 338.054257624 -87.680683487 -0.549315786 0.589247451 0.575034225 0.142741895
173388.330388384 -1.962945351 340.172960857 -88.369604375 -0.551365371 0.572917461 0.595298984 0.115675970
173388.363722333 -1.799914235 342.297812048 -89.060712927 -0.552121819 0.555975786 0.614850533 0.089505551
173388.397056282 -1.632758694 344.428884599 -89.753945219 -0.551656571 0.539023661 0.633179636 0.064900456
173388.430390231 -1.461425086 346.566428243 -90.449536676 -0.550485420 0.523121040 0.649226223 0.042608581
173388.463724180 -1.286039796 348.710856805 -91.147770265 -0.549119245 0.508437502 0.662889693 0.023164983
173388.497058130 -1.106443512 350.862252200 -91.848988210 -0.548174383 0.495242496 0.673943898 0.006272046
173388.530392079 -0.923025657 353.020779664 -92.553596865 0.547079964 -0.484202593 -0.682767139 0.008966351
173388.563726028 -0.736301792 355.186669743 -93.262079525 0.545264880 -0.475913934 -0.689698282 0.022548107
173388.597059977 -0.546520518 357.360218325 -93.974890890 0.542763588 -0.470572944 -0.694870876 0.033515026
173388.630393926 -0.353886464 359.541586756 -94.692308547 0.539978065 -0.467562183 -0.698632552 0.041495205
173388.663727876 -0.158301507 361.730657526 -95.414391423 0.538093840 -0.466067059 -0.700719625 0.047207242
173388.697061825 0.040585050 363.927469642 -96.140950372 0.537461194 -0.465571975 -0.701352939 0.049822250
173388.730395774 0.242830069 366.132049746 -96.871666590 0.537331377 -0.465922757 -0.701274223 0.049045279
173388.763729723 0.448469661 368.344235339 -97.606257738 0.537893446 -0.467201632 -0.700204027 0.045908567
173388.797063673 0.657424301 370.564140768 -98.344415801 0.538650328 -0.469651412 -0.698298148 0.040780773
173388.830397622 0.869790783 372.791644443 -99.086008948 0.539890223 -0.473366050 -0.695166794 0.034442101
173388.863731571 1.085197330 375.026603705 -99.830797598 0.541502910 -0.478575140 -0.690566389 0.029300114
173388.897065520 1.303276872 377.269756489 -100.578418844 0.541683510 -0.484083336 -0.686781676 0.023942187
173388.930399469 1.524099238 379.521453940 -101.329146236 0.540820808 -0.488831835 -0.684297193 0.017136020
173388.963733419 1.747332472 381.781399683 -102.083434670 0.539231605 -0.492196432 -0.683277793 0.010168849
173388.997067368 1.972651898 384.049062879 -102.841784332 0.536244827 -0.494392566 -0.684107371 0.003818576
173389.030401317 2.199928311 386.323742485 -103.605185880 -0.532265457 0.496397415 0.685767704 0.002396976
173389.063735266 2.428588766 388.604838358 -104.374515870 -0.526907108 0.499293556 0.687749700 0.008671503
173389.097069215 2.657953768 390.891693376 -105.150211338 -0.520250971 0.502370572 0.690498634 0.013205027
173389.130403165 2.888160955 393.183463588 -105.932648895 -0.513433221 0.506105235 0.692856515 0.013916469
173389.163737114 3.119515771 395.480388293 -106.722017253 -0.509289108 0.508967517 0.693848025 0.012312155
173389.197071063 3.352715006 397.782348029 -107.518661140 -0.507664961 0.513057741 0.692029105 0.011989959
173389.230405012 3.587647951 400.088783786 -108.322051591 -0.507544157 0.519207339 0.687545822 0.010169076
173389.263738962 3.825215461 402.399470531 -109.131655272 -0.511715640 0.525765709 0.679484251 0.004321462
173389.297072911 1.334422001 404.667445610 -109.737839725 0.523771180 -0.527474406 -0.668850803 0.008550224
173389.330406860 1.559633041 406.986779744 -110.556099348 0.534561530 -0.531107838 -0.657121516 0.018967007
173389.363740809 1.787858408 409.313959577 -111.379700862 0.544479803 -0.534179884 -0.645955677 0.030575450
173389.397074758 2.019065438 411.648047406 -112.207529298 0.552864026 -0.534906792 -0.637724311 0.039035824
173389.430408708 2.252940388 413.989727528 -113.039031498 0.556706676 -0.534153065 -0.634758924 0.042886922
173389.463742657 2.490431628 416.338641189 -113.873960290 0.556259781 -0.533392319 -0.635816532 0.042485617
173389.497076606 2.731219797 418.693746270 -114.712721703 0.554283679 -0.533694433 -0.637325092 0.041911603
173389.530410555 2.975835196 421.054669953 -115.555930456 0.557108765 -0.532773427 -0.635545742 0.043173011
173389.563744504 3.224168753 423.420974231 -116.403269223 0.566239019 -0.533374395 -0.626356185 0.050626652
173389.597078454 3.476016765 425.793532544 -117.254202771 0.579353165 -0.536166939 -0.610694147 0.062670430
173389.630412403 3.730887243 428.174150872 -118.107655023 0.589230573 -0.541349659 -0.595012168 0.075553946
173389.663746352 3.988329911 430.564212008 -118.963391835 0.592418557 -0.549831309 -0.582392291 0.086861983
173389.697080301 4.248915578 432.964207453 -119.821561921 0.593445121 -0.558449633 -0.571957160 0.093924982
173389.730414251 3.685854778 435.480462487 -120.699361769 0.596396462 -0.564692991 -0.561775515 0.099203612
173389.763748200 3.948136682 437.901553090 -121.562281096 0.600106052 -0.571786922 -0.549979874 0.102247641
173389.797082149 4.213603163 440.332484620 -122.427095136 0.604583147 -0.577000295 -0.539306733 0.103431743
173389.830416098 4.481953391 442.774168178 -123.294029827 0.608299725 -0.579725406 -0.532375950 0.102302227
173389.863750047 4.753164158 445.226608200 -124.163199661 0.611232824 -0.580087008 -0.529223690 0.099074637
173389.897083997 5.027679064 447.688756072 -125.034343063 0.614966135 -0.578720434 -0.526735828 0.097204318
173389.930417946 5.305927994 450.160339627 -125.907156224 0.620394742 -0.577072751 -0.521880849 0.098680208
173389.963751895 5.588458412 452.642227802 -126.780828208 0.627410280 -0.575438776 -0.514466209 0.102718425
173389.997085844 5.875288953 455.136000299 -127.654370509 0.633190701 -0.574540330 -0.507320521 0.107697884
173390.030419793 6.166209832 457.643451539 -128.527146920 0.636022880 -0.573069681 -0.504881680 0.110274779
173390.063753743 6.460932933 460.164515262 -129.399262618 0.635468078 -0.571439894 -0.507389301 0.110421320
173390.097087692 6.759164313 462.698085924 -130.271373581 0.633250711 -0.569797764 -0.512099569 0.109900297
173390.130421641 7.060700505 465.243455202 -131.144385885 0.631400586 -0.568132681 -0.516414873 0.108968968
173390.163755590 7.365320907 467.800426013 -132.018991842 0.629701798 -0.567323849 -0.519797512 0.106910441
173390.197089540 7.673024078 470.369276594 -132.895336070 0.627132711 -0.568072626 -0.522884346 0.102907799
173390.230423489 7.983842576 472.950340729 -133.773330735 0.622491003 -0.570675851 -0.526766200 0.096702611
173390.263757438 8.298345486 475.543248463 -134.652922862 0.615582259 -0.575850522 -0.530634276 0.088780208
173390.297091387 8.616785627 478.147698817 -135.534234367 0.607238081 -0.581731431 -0.535345152 0.079095035
173390.330425336 8.939302086 480.763235480 -136.417395888 0.596805731 -0.586513303 -0.543378422 0.067564447
173390.363759286 9.266263579 483.388390966 -137.302795226 0.583811136 -0.590499495 -0.554508043 0.054733303
173390.397093235 9.597990524 486.021696614 -138.191024923 0.570739740 -0.592137654 -0.567338745 0.041903418
173390.430427184 9.933651727 488.662060191 -139.082900779 0.555966017 -0.592229282 -0.582462163 0.030068160
173390.463761133 10.273366198 491.307636541 -139.979354238 0.542185853 -0.591589185 -0.596380240 0.019681126
173390.497095082 10.618241148 493.957473481 -140.880813168 0.534506887 -0.589907007 -0.605126267 0.011589273
173390.530429032 10.967203932 496.611498899 -141.787752650 0.530195719 -0.589671356 -0.609207123 0.006846335
173390.563762981 11.319902038 499.270082371 -142.699634294 0.524076990 -0.589538900 -0.614637832 0.002744053
173390.597096930 11.676317279 501.933361155 -143.616921469 -0.516058438 0.589796462 0.621132367 0.004289997
173390.630430879 12.036853261 504.600949457 -144.539922076 -0.508651300 0.589954630 0.626926178 0.013818725
173390.663764829 12.400819555 507.272861868 -145.468944941 -0.501481962 0.587672611 0.634395778 0.026433717
173390.697098778 12.766949940 509.948241580 -146.404821601 -0.495156441 0.583947206 0.642149986 0.038329562
173390.730432727 13.134777136 512.626978147 -147.347604223 -0.489247556 0.580888486 0.648857308 0.046793053
173390.763766676 13.503240529 515.310371890 -148.297636330 -0.484469616 0.577693719 0.654770493 0.053242459
173390.797100625 13.871746472 517.998821173 -149.255098631 -0.481103748 0.575200034 0.659069476 0.057545896
173390.830434575 14.240550439 520.692769064 -150.219820861 -0.479789012 0.574605333 0.660335502 0.059901920
173390.863768524 14.609730523 523.393060876 -151.191531094 -0.480505464 0.576207369 0.658440727 0.059626972
173390.897102473 14.979454025 526.100168177 -152.169652133 -0.483243457 0.579294455 0.654105223 0.055136679
173390.930436422 15.350138694 528.814751312 -153.153810275 -0.486674799 0.584260703 0.647691609 0.047777091
173390.963770371 15.721435879 531.538489187 -154.143788281 -0.488116867 0.590004916 0.641848785 0.040819848
173390.997104321 4.176481268 534.850458224 -154.709763535 -0.495988999 0.585879079 0.640455468 0.023609562
173391.030438270 9.871255819 535.789147660 -154.860419389 -0.491499197 0.594852456 0.635323795 0.030704584
173391.063772219 10.207084855 538.539727654 -155.859709012 -0.494101260 0.599073716 0.629279824 0.031329395
173391.097106168 10.544886823 541.300171710 -156.863768392 -0.498371450 0.601932766 0.623113330 0.032134412
173391.130440118 6.530278023 545.682966987 -158.362615613 -0.503999708 0.602266943 0.618501022 0.026745269
173391.163774067 6.848584899 548.468201203 -159.376143687 -0.504169291 0.603549529 0.617338906 0.020831866
173391.197108016 8.502433199 552.740195564 -161.355284135 -0.500641543 0.606473237 0.617484118 0.016174765
173391.230441965 8.838840175 555.555156414 -162.382682724 -0.499852575 0.605223430 0.619391845 0.014343833
173391.263775914 9.180294181 558.378625507 -163.413202018 -0.500873689 0.603745326 0.620037393 0.013067545
173391.297109864 9.527023585 561.210245348 -164.446814968 -0.504238228 0.602864654 0.618202067 0.011145496
173391.330443813 9.878739885 564.050268257 -165.482956038 -0.509752261 0.603153882 0.613457099 0.005330544
173391.363777762 10.234602797 566.900235375 -166.521687961 0.515273697 -0.605094040 -0.606915784 0.002729691
173391.397111711 10.594048275 569.761493088 -167.563381573 0.520173906 -0.607835484 -0.599880526 0.009924008
173391.430445660 10.957632569 572.634887374 -168.608061252 0.525241995 -0.610568471 -0.592549078 0.014580136
173391.463779610 11.325513667 575.520294090 -169.656122527 0.532753182 -0.613668559 -0.582529143 0.015644283
173391.497113559 11.696286078 578.416506015 -170.708017577 0.539018150 -0.617961193 -0.572059154 0.018213234
173391.530447508 12.069870643 581.322895996 -171.764346242 0.544338092 -0.622928877 -0.561462468 0.020385086
173391.563781457 12.446064715 584.238855665 -172.825311845 0.549430543 -0.626469744 -0.552385947 0.023054372
173391.597115407 12.824061464 587.164107268 -173.891247687 0.551312612 -0.628572806 -0.547875473 0.027983885
173391.630449356 13.204908720 590.097938355 -174.962505272 0.551909200 -0.629424960 -0.546206547 0.029645614
173391.663783305 13.589110152 593.039973985 -176.039629411 0.555161414 -0.626905602 -0.545910951 0.027684014
173391.697117254 13.979270529 595.985991839 -177.126702878 0.583865665 -0.610383173 -0.534794249 0.022986474
173391.730451203 14.373588133 598.932140222 -178.223916492 0.621709618 -0.595544252 -0.507845075 0.029959560
173391.763785153 14.769710208 601.883130156 -179.329244720 0.653480054 -0.582148726 -0.481970138 0.042088781
173391.797119102 15.166070763 604.842384821 -180.442074724 0.671315591 -0.569894215 -0.471759207 0.044712544
173391.830453051 15.561446342 607.810086611 -181.562157252 0.672861448 -0.560953898 -0.480437497 0.042047693
173391.863787000 15.958199042 610.783330008 -182.688211561 0.668797123 -0.551515960 -0.497486816 0.032363893
173391.897120949 16.357293412 613.758162035 -183.820390141 0.660691444 -0.547374034 -0.512903378 0.028259653
173391.930454899 16.759867541 616.733534466 -184.958998812 0.653666648 -0.550650435 -0.518077893 0.033155812
173391.963788848 17.166835608 619.711448852 -186.103939949 0.650561292 -0.558924118 -0.512346946 0.043294832
173391.997122797 17.578587284 622.694869414 -187.254793804 0.649959989 -0.567396136 -0.503216502 0.048854766
173392.030456746 18.116839269 625.616069579 -188.370454328 0.648908144 -0.572888080 -0.498701882 0.044876519
173392.063790696 18.536611815 628.613464028 -189.531981431 0.644352389 -0.576699861 -0.500965253 0.035511755
173392.097124645 18.958975046 631.617018847 -190.698878847 0.638113481 -0.578161211 -0.507834781 0.025389662
173392.130458594 19.383906579 634.626174109 -191.871628246 0.632308896 -0.579552020 -0.513844795 0.016384254
173392.163792543 19.810628672 637.640698488 -193.051045242 0.628009480 -0.581370021 -0.517171452 0.012111147
173392.197126492 20.239653297 640.661200576 -194.237349471 0.628377296 -0.584345222 -0.513377750 0.011221494
173392.230460442 20.670655895 643.689370927 -195.430675755 0.632288480 -0.587934111 -0.504285719 0.015513647
173392.263794391 21.103061506 646.726131937 -196.629980372 0.634517504 -0.595589539 -0.491959804 0.025222812
173392.297128340 22.505308887 649.213423390 -197.518012729 0.634331464 -0.606091877 -0.478551795 0.035558550
173392.330462289 21.206356169 653.850030457 -199.703548085 0.634385145 -0.615491114 -0.465358257 0.046560377
173392.363796238 21.646130649 656.929204452 -200.916948018 0.631266269 -0.625291767 -0.455576306 0.054436507
173392.397130188 22.090651287 660.021589759 -202.131837929 0.627611854 -0.633923374 -0.448085062 0.058858251
173392.430464137 22.540182670 663.128254343 -203.348890556 0.625557876 -0.640172996 -0.441671190 0.061501539
173392.463798086 22.993544267 666.248409297 -204.568322703 0.622852931 -0.646322022 -0.435628186 0.067454835
173392.497132035 23.450061185 669.382750873 -205.790607591 0.617730731 -0.651220436 -0.434564193 0.073990878
173392.530465985 23.909157003 672.530723867 -207.016117435 0.607360461 -0.655077989 -0.442515117 0.078526871
173392.563799934 24.371317073 675.690566529 -208.244958266 0.595766149 -0.656997881 -0.455170478 0.078970349
173392.597133883 24.836737009 678.860374507 -209.477332168 0.585905815 -0.656073392 -0.469731278 0.075064014
173392.630467832 25.304683199 682.038472038 -210.713802995 0.576765580 -0.652280418 -0.486848888 0.069641096
173392.663801781 25.774316832 685.223172088 -211.954280321 0.566260604 -0.647153810 -0.505815126 0.068497691
173392.697135731 26.244892161 688.413672958 -213.198637143 0.552730762 -0.641577759 -0.526239935 0.077059808
173392.730469680 26.716882841 691.610079879 -214.446991801 0.537485414 -0.634935142 -0.546948540 0.093883384
173392.763803629 27.191083916 694.812956076 -215.699571630 0.521884206 -0.627113439 -0.566282663 0.117002374
173392.797137578 27.667962057 698.023204777 -216.956346894 0.506362841 -0.616062343 -0.585746391 0.144793054
173392.830471527 28.148062316 701.241071544 -218.217397154 0.490187115 -0.602518880 -0.604565718 0.176600920
173392.863805477 28.632132590 704.466955689 -219.483007998 0.475551874 -0.585797544 -0.621557256 0.210613936
173392.897139426 29.120537174 707.701231490 -220.753400303 0.460584920 -0.567166511 -0.636297611 0.247606605
173392.930473375 29.613615850 710.944969752 -222.028985437 0.446595469 -0.547487829 -0.649396901 0.281235184
173392.963807324 30.111896962 714.199215237 -223.310591409 0.435480846 -0.526958454 -0.662463663 0.306289267
173392.997141274 30.615016822 717.463655052 -224.598113946 0.425350428 -0.507118221 -0.674772882 0.326480751
173393.030475223 31.122653275 720.737508969 -225.891297747 0.415992291 -0.488132839 -0.686295083 0.343039072
173393.063809172 31.634579392 724.020401486 -227.190392263 0.407379306 -0.469698139 -0.697368633 0.356514724
173393.097143121 32.150916350 727.311912722 -228.495176898 0.397867784 -0.449788752 -0.709014924 0.369714949
173393.130477070 32.671918534 730.611299060 -229.805886717 0.388572261 -0.427031301 -0.720301057 0.384476597
173393.163811020 33.197539223 733.918233088 -231.122457104 0.378881292 -0.401463609 -0.730747513 0.401601805
173393.197144969 33.727969387 737.232955585 -232.445252977 0.369790976 -0.372745865 -0.739914751 0.420525047
173393.230478918 34.262900874 740.556026508 -233.774389678 0.360270322 -0.342734816 -0.748004935 0.439575657
173393.263812867 34.802063530 743.887693501 -235.110039366 0.351031473 -0.312523633 -0.754499973 0.458078241
173393.297146816 35.345629001 747.228459151 -236.452310138 0.341091993 -0.281768383 -0.760124689 0.475892097
173393.330480766 35.893270402 750.578386213 -237.801370473 0.331616446 -0.253327918 -0.763378227 0.493061031
173393.363814715 36.444681226 753.938122329 -239.157496566 0.323022437 -0.227467438 -0.765761718 0.507468286
173393.397148664 36.999711024 757.307849722 -240.520717501 0.315894064 -0.204848505 -0.766781696 0.519897933
173393.430482613 37.557912316 760.687765417 -241.890976363 0.309425299 -0.186449540 -0.767615652 0.529394715
173393.463816563 38.118916111 764.077991576 -243.268512794 0.304361299 -0.172380527 -0.768549133 0.535706435
173393.497150512 38.682436363 767.478565547 -244.653478248 0.301246260 -0.162423248 -0.769771115 0.538815192
173393.530484461 39.248464723 770.889612633 -246.045882108 0.300153708 -0.156969380 -0.771387819 0.538729244
173393.563818410 39.816956702 774.311761850 -247.445974240 0.302037906 -0.157201717 -0.773532265 0.534517127
173393.597152359 40.444538908 779.605668996 -250.223401710 0.305456001 -0.165033121 -0.776533858 0.525790708
173393.630486309 41.018948734 783.059170465 -251.647204672 0.311653601 -0.178392486 -0.780472276 0.511772587
173393.663820258 41.595627853 786.524992526 -253.080046279 0.320929466 -0.197284031 -0.785418259 0.491122640
173393.697154207 42.175269976 790.003082059 -254.522762777 0.335855519 -0.221478993 -0.790410825 0.461951138
173393.730488156 42.758999007 793.492053314 -255.975001167 0.353650247 -0.250026851 -0.792294385 0.429753049
173393.763822105 43.347204033 796.991088419 -257.436945910 0.373007554 -0.281565580 -0.789760223 0.397322260
173393.797156055 43.940076237 800.499493184 -258.908681058 0.393567125 -0.314722682 -0.782776343 0.365124291
173393.830490004 44.538126710 804.017021392 -260.389985984 0.414779257 -0.347171394 -0.771931967 0.333992858
173393.863823953 45.141184420 807.543284697 -261.880041179 0.435037961 -0.379425455 -0.757423126 0.305104090
173393.897157902 45.749316024 811.078076880 -263.377952995 0.452922454 -0.412597460 -0.739351198 0.279256858
173393.930491852 46.362979050 814.621750866 -264.882607582 0.468584256 -0.444293729 -0.719865254 0.254609295
173393.963825801 46.981503777 818.174341812 -266.392475281 0.480394895 -0.474496472 -0.700923778 0.229738332
173393.997159750 47.604002064 821.735258346 -267.906645281 0.487716990 -0.503684709 -0.682398846 0.206798615
173394.030493699 48.229941967 825.304391195 -269.424624697 0.492467023 -0.530622786 -0.664832205 0.184157078
173394.063827648 48.858946443 828.881181935 -270.946087613 0.496988118 -0.555055304 -0.646805845 0.162968153
173394.097161598 49.490635509 832.465112649 -272.470694607 0.503131289 -0.575964726 -0.627696528 0.145329317
173394.130495547 50.124240851 836.056270798 -273.998366981 0.509563896 -0.592851638 -0.609466010 0.131995283
173394.163829496 50.758739325 839.655310738 -275.529336421 0.516159804 -0.604524363 -0.594295172 0.122239929
173394.197163445 51.393344455 843.263740269 -277.063999958 0.523404640 -0.608432434 -0.585707881 0.113154030
173394.230497394 52.029465461 846.881180372 -278.603029658 0.530412436 -0.610302995 -0.579345047 0.102723991
173394.263831344 52.668754405 850.505295201 -280.147177060 0.533881201 -0.619261084 -0.568463149 0.091302909
173394.297165293 53.309974068 854.135356769 -281.696889341 0.529159460 -0.636647912 -0.554826450 0.082688035
173394.330499242 53.953254573 857.772104655 -283.252426580 0.517401830 -0.659115824 -0.540538155 0.075366961
173394.363833191 54.599471636 861.416427607 -284.813497448 0.505092164 -0.680892679 -0.525831745 0.069051008
173394.397167141 55.246874957 865.069370209 -286.379226250 0.490111080 -0.702935829 -0.511495636 0.063596882
173394.430501090 48.506289813 869.525672808 -287.944886584 0.490071672 -0.711924681 -0.499210031 0.061500806
173394.463835039 49.124680403 873.204695981 -289.520229760 0.497832345 -0.714244576 -0.488460046 0.058518590
173394.497168988 49.747296240 876.895114648 -291.102833072 0.505651217 -0.716517731 -0.477100868 0.057392942
173394.530502937 50.372385570 880.593427501 -292.691088370 0.503680784 -0.727494396 -0.462411711 0.056859313
173394.563836887 50.998768057 884.303282336 -294.285411693 0.500519319 -0.736550215 -0.451276879 0.057648675
173394.597170836 51.625774981 888.026508252 -295.886300445 0.498046702 -0.738907174 -0.449714394 0.061013391
173394.630504785 52.255613119 891.761267863 -297.493557964 0.497637959 -0.740297042 -0.447894433 0.060887824
173394.663838734 52.888973000 895.507570315 -299.106999338 0.499679509 -0.740436668 -0.445902606 0.056963096
173394.697172683 53.525291617 899.265674783 -300.727110287 0.499468211 -0.739583612 -0.448310397 0.050649537
173394.730506633 54.164227084 903.034679826 -302.353798725 0.495426950 -0.739462076 -0.453516105 0.045509546
173394.763840582 54.805487538 906.814551362 -303.987354419 0.488715295 -0.739306184 -0.461499138 0.040028399
173394.797174531 55.449805397 910.605571246 -305.627600669 0.481508809 -0.738904433 -0.470314686 0.031202589
173394.830508480 56.096413630 914.407408391 -307.274856946 0.474427338 -0.739112503 -0.477743582 0.019811071
173394.863842430 56.745759295 918.218843870 -308.930221412 0.470350070 -0.740119382 -0.480592056 0.005038642
173394.897176379 57.398241198 922.038580047 -310.593229441 -0.471535979 0.738934356 0.481196711 0.008919874
173394.930510328 58.053175229 925.865934504 -312.262979743 -0.474396104 0.735258237 0.483769870 0.017617430
173394.963844277 58.710926051 929.701856077 -313.940166049 -0.475626148 0.731317823 0.487984831 0.028719576
173394.997178226 57.585515198 933.501824199 -315.456935947 -0.475623323 0.724698709 0.496491973 0.045716052
173395.030512176 54.327304453 937.292828433 -316.732658800 -0.477717474 0.712604391 0.509947227 0.062728162
173395.063846125 54.966784700 941.146978857 -318.426097015 -0.481432821 0.702272047 0.519318874 0.073104841
173395.097180074 55.609574410 945.013967326 -320.128677489 -0.488710714 0.698481129 0.518235601 0.068686333
173395.130514023 56.254557120 948.888368782 -321.836661196 -0.494625506 0.698942625 0.513724001 0.053967273
173395.163847972 56.901002360 952.771317555 -323.549454605 -0.497905900 0.699214844 0.511730704 0.036331855
173395.197181922 57.548739832 956.663411315 -325.267159637 -0.495916198 0.700461034 0.512881263 0.019346158
173395.230515871 58.197809975 960.564785976 -326.989526051 -0.494322902 0.699077152 0.516617455 0.006512261
173395.263849820 58.848788842 964.475526968 -328.717426219 0.494365479 -0.698569643 -0.517237259 0.008297310
173395.297183769 59.502500163 968.397505509 -330.453275220 0.495090952 -0.700374841 -0.513899252 0.016358192
173395.330517719 60.158483573 972.330205910 -332.195623126 0.496855110 -0.700240596 -0.512254531 0.019834384
173395.363851668 60.816323951 976.272845449 -333.942740609 0.499980094 -0.698049167 -0.511969061 0.025198158
173395.397185617 61.476484138 980.225888735 -335.694758887 0.501902891 -0.695503653 -0.513344831 0.029073017
173395.430519566 62.139141423 984.189521762 -337.452396274 0.499115364 -0.693810672 -0.518381355 0.028131397
173395.463853515 62.804695797 988.163092125 -339.216157689 0.493596863 -0.693321039 -0.524586741 0.021836313
173395.497187465 63.473642324 992.145522108 -340.986239165 0.488491851 -0.692559710 -0.530629451 0.013005595
173395.530521414 64.146385149 996.135674477 -342.762915143 0.486054401 -0.691560951 -0.534290000 0.005363420
173395.563855363 64.823059176 1000.133394795 -344.546510416 0.486207461 -0.690898015 -0.535021569 0.003762832
173395.597189312 65.503718644 1004.139736856 -346.337208069 0.487691919 -0.691001490 -0.533513258 0.006094001
173395.630523261 66.188597233 1008.155355799 -348.135782256 0.489612736 -0.690477964 -0.532391888 0.008855941
173395.663857211 66.878066682 1012.180677407 -349.942437157 0.491460225 -0.689438416 -0.532012486 0.010209456
173395.697191160 67.571864121 1016.215949467 -351.756967759 0.490688463 -0.689581380 -0.532477224 0.013052113
173395.730525109 68.270581809 1020.261435826 -353.580033452 0.489294993 -0.689971969 -0.533196347 0.015190392
173395.763859058 68.974377027 1024.317020724 -355.411478465 0.487771313 -0.690525568 -0.533810038 0.017332892
173395.797193008 69.683274288 1028.382690388 -357.251841369 0.485599268 -0.692811650 -0.532677206 0.021456072
173395.830526957 72.564624956 1032.546836337 -359.369685065 0.481913964 -0.697418708 -0.529793278 0.026175549
173395.863860906 73.294039095 1036.633383216 -361.230717730 0.479248665 -0.702091242 -0.525579509 0.033982130
173395.897194855 74.028697128 1040.728965009 -363.100987827 0.477112765 -0.707718171 -0.519230432 0.043567844
173395.930528804 66.368209606 1045.457987660 -364.773332477 0.479037034 -0.710877163 -0.511937736 0.055650106
173395.963862754 67.076633458 1049.583789980 -366.663511774 0.476072690 -0.717228602 -0.505007382 0.062493755
173395.997196703 67.789770278 1053.718235909 -368.562798299 0.472222296 -0.723275210 -0.499338422 0.067381115
173396.030530652 68.507735458 1057.863213632 -370.471951389 0.467577924 -0.729057338 -0.494751484 0.071184628
173396.063864601 69.230480707 1062.018588196 -372.390896853 0.463011984 -0.734525530 -0.490445132 0.074536707
173396.097198550 69.958013251 1066.184303191 -374.319386487 0.459054130 -0.739210251 -0.486815253 0.076474964
173396.130532500 70.690264939 1070.360088591 -376.257271207 0.455785872 -0.742801759 -0.484266753 0.077398307
173396.163866449 71.427312217 1074.545644513 -378.204454199 0.453553825 -0.745656728 -0.481918729 0.077713003
173396.197200398 72.169118791 1078.740743802 -380.160681083 0.452941765 -0.747902250 -0.478843438 0.078707965
173396.230534347 72.915766249 1082.945300279 -382.125594161 0.454202548 -0.749973548 -0.474238166 0.079610830
173396.263868297 73.667125245 1087.159460649 -384.098932214 0.456880081 -0.751489524 -0.469308418 0.079206660
173396.297202246 74.423041936 1091.383528164 -386.080506947 0.460234095 -0.752584218 -0.464629065 0.076950663
173396.330536195 75.183371827 1095.617530766 -388.070089540 0.463395918 -0.753782039 -0.460172433 0.072925943
173396.363870144 75.948053722 1099.861329526 -390.067548936 0.467176427 -0.754578614 -0.455729874 0.068319716
173396.397204093 76.716822809 1104.114843148 -392.072726763 0.471367646 -0.755336588 -0.450768499 0.063929199
173396.430538043 77.489500487 1108.378089770 -394.085339036 0.475074929 -0.756526847 -0.445497241 0.059187420
173396.463871992 78.265806341 1112.651358553 -396.105196600 0.478604400 -0.757720057 -0.440391050 0.053421598
173396.497205941 79.045975636 1116.934809844 -398.132069332 0.482933182 -0.758529593 -0.435186764 0.044954184
173396.530539890 79.829733024 1121.228527220 -400.165409399 0.488236134 -0.758351551 -0.430503976 0.034564862
173396.563873840 80.616479789 1125.532390593 -402.204770705 0.494495057 -0.757412172 -0.425695489 0.024182459
173396.597207789 81.406043472 1129.846197034 -404.249887993 0.501883418 -0.755584669 -0.420675329 0.015398354
173396.630541738 82.198352960 1134.169545165 -406.300581880 0.510164826 -0.753450296 -0.414685555 0.008966194
173396.663875687 82.992362889 1138.502216479 -408.356680060 0.517395637 -0.751979523 -0.408411365 0.005358067
173396.697209636 83.788303926 1142.844731926 -410.418259590 0.523778322 -0.750385394 -0.403205461 0.001840392
173396.730543586 84.586155420 1147.197862055 -412.485470399 -0.526978858 0.749256476 0.401118489 0.003460434
173396.763877535 85.385837024 1151.561616681 -414.558317136 -0.524910873 0.750033234 0.402230054 0.011388885
173396.797211484 86.187401703 1155.935490107 -416.637558767 -0.520373755 0.751549836 0.405093160 0.016838377
173396.830545433 86.991054960 1160.319165779 -418.723711168 -0.513424510 0.754698880 0.407795781 0.022966807
173396.863879382 87.796649381 1164.712476504 -420.817268847 -0.505773027 0.758199373 0.410047875 0.034468775
173396.897213332 88.604286341 1169.115149861 -422.918478082 -0.498569858 0.761130886 0.412047660 0.048214080
