# timestamp tx ty tz qx qy qz qw
173373.663450729 0.036028220 0.004988133 0.012171173 -0.896462381 -0.057898891 0.436157832 0.052623797
173373.696784678 0.055101504 -0.000946462 0.026628459 -0.935318348 -0.086282686 0.336678779 0.066198833
173373.730118628 0.072755094 -0.011593997 0.047740917 -0.958053713 -0.093148841 0.260808083 0.073725987
173373.763452577 0.086052818 -0.026973983 0.072973129 -0.968211209 -0.066752348 0.228081793 0.078037641
173373.796786526 0.093427271 -0.045358962 0.099078539 -0.966566218 -0.008744224 0.242883476 0.081736781
173373.830120475 0.094284278 -0.064515744 0.124628424 -0.949282269 0.069323244 0.295396693 0.082451530
173373.863454424 0.095561300 -0.095898770 0.151675893 -0.914422569 0.148096928 0.367131764 0.084338204
173373.896788374 0.089912417 -0.112957969 0.184433935 -0.869617009 0.209226062 0.439113275 0.084677292
173373.930122323 0.086046791 -0.126278040 0.220018046 -0.829277440 0.234735272 0.499918447 0.085321892
173373.963456272 0.086883386 -0.137347891 0.257829814 -0.804849239 0.222776749 0.542630817 0.090222052
173373.996790221 0.092408016 -0.147146952 0.295972351 -0.796263817 0.175655104 0.569594654 0.103301250
173374.030124171 0.102107770 -0.157634674 0.331894375 -0.800626575 0.107688976 0.576639139 0.122014241
173374.063458120 0.115238165 -0.170368494 0.364629491 -0.809628677 0.031040996 0.567196716 0.147735396
173374.096792069 0.131042574 -0.186809097 0.392535023 -0.815586597 -0.034910767 0.550961454 0.173324024
173374.130126018 0.148796983 -0.207688105 0.413468151 -0.815940581 -0.071468778 0.542165272 0.187589980
173374.163459967 0.168106836 -0.232473932 0.426311339 -0.811628453 -0.070888643 0.549029333 0.186549846
173374.196793917 0.188460038 -0.260014389 0.431380023 -0.805378511 -0.041298143 0.567180312 0.167231611
173374.230127866 0.211170358 -0.289480876 0.431735540 -0.798815277 -0.001726164 0.583929711 0.144628024
173374.263461815 0.236787342 -0.319243341 0.428713068 -0.800461475 0.029896244 0.586031232 0.122208991
173374.296795764 0.264485237 -0.347724617 0.422924157 -0.810006584 0.045823678 0.575839754 0.100985656
173374.330129713 0.294489935 -0.374775136 0.415141664 -0.823966512 0.052411972 0.557791956 0.084854620
173374.363463663 0.325441499 -0.400870311 0.404702268 -0.837148946 0.061049657 0.539721976 0.064457507
173374.396797612 0.356211594 -0.426448472 0.391130770 -0.842401895 0.087009675 0.530325382 0.039285525
173374.430131561 0.387543775 -0.451135458 0.375348028 -0.841693949 0.129569582 0.523994389 0.013888855
173374.463465510 0.420155364 -0.474110705 0.358233047 0.838117976 -0.182850499 -0.513886260 0.006698076
173374.496799460 0.453172831 -0.493603612 0.340636060 0.838648172 -0.230775408 -0.493023435 0.018434970
173374.530133409 0.481330640 -0.508592167 0.328499317 0.855193735 -0.230983819 -0.463706020 0.016336431
173374.563467358 0.497971463 -0.524137437 0.322546347 0.873293549 -0.190443654 -0.447955670 0.020623053
173374.596801307 0.506719123 -0.539675756 0.315030497 0.880765179 -0.157187300 -0.445328044 0.035039779
173374.630135256 0.514702988 -0.555286126 0.309303560 0.875283074 -0.158562137 -0.454716532 0.044389912
173374.663469206 0.522434789 -0.567860184 0.304917244 0.862976634 -0.172171131 -0.471463790 0.057882000
173374.696803155 0.530717132 -0.575683136 0.301864632 0.849340776 -0.186709084 -0.488839684 0.069251185
173374.730137104 0.540374874 -0.579059034 0.299782934 0.833730116 -0.204492579 -0.507304349 0.075625235
173374.763471053 0.550309637 -0.581613020 0.299918645 0.815027075 -0.228583132 -0.526775075 0.077386300
173374.796805002 0.551433187 -0.586848513 0.303634939 0.803612595 -0.208011701 -0.550577594 0.088330307
173374.830138952 0.549528412 -0.593414830 0.306688667 0.788816218 -0.192058820 -0.574261290 0.105386694
173374.863472901 0.546888473 -0.599928953 0.310278734 0.774513951 -0.182750917 -0.593794348 0.118905484
173374.896806850 0.541694388 -0.605716113 0.314343271 0.762969096 -0.169747210 -0.610093548 0.129807185
173374.930140799 0.620648814 -0.563731573 0.330169105 0.746635088 -0.159121385 -0.631658139 0.134997868
173374.963474749 0.611442496 -0.570411963 0.341477283 0.722102160 -0.165981321 -0.655620064 0.145536948
173374.996808698 0.601843156 -0.574167121 0.352980845 0.695555219 -0.180579524 -0.679573998 0.147557292
173375.030142647 0.591621306 -0.576776123 0.365548756 0.667668871 -0.198356905 -0.702883663 0.144316920
173375.063476596 0.636720377 -0.511651935 0.347282081 0.643522861 -0.200440110 -0.724344389 0.145007914
173375.096810545 0.625867925 -0.513079135 0.359973457 0.618121388 -0.206283072 -0.746554857 0.134272443
173375.130144495 0.614282444 -0.515849539 0.373297282 0.593397847 -0.210502256 -0.767332463 0.121526484
173375.163478444 0.591737099 -0.488944501 0.393141529 0.572908617 -0.205284070 -0.786124283 0.107901710
173375.196812393 0.577305420 -0.494022573 0.403637337 0.565207709 -0.201629807 -0.792932594 0.105563104
173375.230146342 0.564098005 -0.505857142 0.412085849 0.567924152 -0.195546327 -0.791199191 0.115011443
173375.263480291 0.544270308 -0.529076672 0.421218485 0.568334759 -0.182436606 -0.792024407 0.128100839
173375.296814241 0.528893660 -0.542644348 0.428920214 0.566616846 -0.161236035 -0.796954705 0.133459688
173375.330148190 0.520167955 -0.565991942 0.437092074 0.568517158 -0.139402206 -0.800135551 0.130913583
173375.363482139 0.503745726 -0.579552689 0.443594379 0.568991670 -0.114685055 -0.806055560 0.115629804
173375.396816088 0.487119833 -0.593415751 0.449935697 0.570846711 -0.088541429 -0.810833551 0.094039357
173375.430150038 0.470185295 -0.606649644 0.457714762 0.567845810 -0.061463738 -0.818497258 0.061932093
173375.463483987 0.454138981 -0.620770381 0.467511347 0.562293891 -0.033832351 -0.825801932 0.027057741
173375.496817936 0.440351908 -0.637704071 0.479271315 0.560758998 -0.015272740 -0.827818377 0.005729262
173375.530151885 0.429137365 -0.657076807 0.492931117 -0.565946815 0.010030883 0.824375359 0.002975129
173375.563485834 0.420531320 -0.678083792 0.507190381 -0.581155486 0.007642958 0.813727941 0.006835468
173375.596819784 0.414676939 -0.699802499 0.523018926 -0.601040459 0.004926494 0.799127840 0.010990546
173375.630153733 0.411054442 -0.722424008 0.542258174 -0.619248153 0.008616813 0.785054753 0.012104167
173375.663487682 0.409540091 -0.745943487 0.565099513 -0.633290778 0.015460258 0.773713821 0.008408007
173375.696821631 0.409057483 -0.768917625 0.591154788 -0.640896017 0.020080145 0.767340865 0.006089431
173375.730155580 0.408733436 -0.790583318 0.619862285 -0.640334996 0.021945478 0.767764089 0.005271827
173375.763489530 0.408832619 -0.811234438 0.649993653 -0.633750866 0.024717349 0.773126130 0.004987916
173375.796823479 0.409444808 -0.831234104 0.680343058 -0.620899784 0.026278408 0.783433800 0.004938167
173375.830157428 0.413174688 -0.848316450 0.711187226 -0.596260371 0.026178040 0.802363667 0.000909179
173375.863491377 0.420421179 -0.867498028 0.738766844 0.580551386 -0.025558348 -0.813816845 0.003000307
173375.896825327 0.421055130 -0.886542303 0.763060828 0.570307329 -0.025755534 -0.821002591 0.006399055
173375.930159276 0.428899973 -0.905109114 0.785572385 0.559340594 -0.024990824 -0.828487670 0.011033557
173375.963493225 0.437088450 -0.923470977 0.807116415 0.545859914 -0.021455768 -0.837528103 0.011103214
173375.996827174 0.445109812 -0.940915643 0.828009168 0.528472771 -0.016743745 -0.848753862 0.007284196
173376.030161123 0.448181305 -0.956897475 0.846718765 0.512849270 -0.012691221 -0.858383980 0.001225692
173376.063495073 0.455444175 -0.973071872 0.862101704 -0.502177881 0.008129999 0.864721085 0.002953527
173376.096829022 0.461734914 -0.989241145 0.875071796 -0.496639190 0.008258571 0.867902257 0.005194491
173376.130162971 0.466385055 -1.005607041 0.887486536 -0.488540348 0.009186749 0.872448554 0.008800713
173376.163496920 0.469543491 -1.023136149 0.899478934 -0.478746403 0.008038369 0.877822826 0.012820017
173376.196830869 0.361099024 -1.109634516 0.886937060 -0.487187373 -0.004374350 0.872792479 0.029370365
173376.230164819 0.318471836 -1.098772603 0.902681267 -0.481168205 0.006973660 0.875979498 0.032991596
173376.263498768 0.302944829 -1.131078067 0.908240915 -0.488315832 -0.002487896 0.872405338 0.021222275
173376.296832717 0.285447821 -1.166082269 0.911126511 -0.501523425 -0.013388694 0.864991473 0.009205896
173376.330166666 0.265623239 -1.203604762 0.912719244 -0.514315393 -0.024813544 0.857241146 0.001258097
173376.363500616 0.243507790 -1.242951605 0.913977848 0.523065005 0.034863312 -0.851574316 0.002955237
173376.396834565 0.219120207 -1.283971850 0.914880744 0.529264053 0.043456474 -0.847336956 0.003343574
173376.430168514 0.192515125 -1.327003968 0.914412202 -0.536904687 -0.053052722 0.841972482 0.001051199
173376.463502463 0.163220714 -1.370709614 0.913932840 -0.542714729 -0.058793828 0.837814455 0.008423073
173376.496836412 0.130656903 -1.414908063 0.914575324 -0.544500215 -0.061982251 0.836260347 0.018610414
173376.530170362 0.095148329 -1.460144021 0.914848733 -0.547117356 -0.066181514 0.833923148 0.029236763
173376.563504311 0.056604398 -1.505710437 0.913835153 -0.553775924 -0.067542000 0.828998853 0.039130632
173376.596838260 0.015503431 -1.551337692 0.912058180 -0.565056553 -0.064940530 0.821193256 0.046210989
173376.630172209 -0.028811584 -1.597776479 0.910878282 -0.573547289 -0.060699052 0.815505446 0.048062451
173376.663506158 -0.076328210 -1.645241173 0.910745056 -0.576637287 -0.058686754 0.813401580 0.049225739
173376.696840108 -0.125385435 -1.692731282 0.911145821 -0.575568031 -0.057688213 0.813845718 0.055214667
173376.730174057 -0.175380006 -1.740761119 0.911446678 -0.571815966 -0.057357069 0.815857652 0.064132354
173376.763508006 -0.225737475 -1.789278738 0.911245467 -0.566469694 -0.057499156 0.818692015 0.074493743
173376.796841955 -0.275394157 -1.838072551 0.909898226 -0.563480172 -0.055631721 0.820290383 0.080739671
173376.830175905 -0.323841973 -1.886830906 0.907496902 -0.562572138 -0.052152689 0.820684911 0.085258217
173376.863509854 -0.370020015 -1.935083631 0.904924571 -0.560489716 -0.049284164 0.821489836 0.092611005
173376.896843803 -0.413123275 -1.982934604 0.901887717 -0.557885809 -0.045389505 0.822244983 0.103035939
173376.930177752 -0.453132255 -2.031310013 0.897316576 -0.557998107 -0.038960075 0.820970549 0.114575660
173376.963511701 -0.489844555 -2.080809647 0.891219947 -0.561912288 -0.028923158 0.817218295 0.124788983
173376.996845651 -0.523498918 -2.131835593 0.884733753 -0.566230983 -0.017061637 0.813091839 0.134063548
173377.030179600 -0.554178510 -2.184830384 0.878646411 -0.569189720 -0.006259501 0.809858953 0.141818044
173377.063513549 -0.581504521 -2.239821705 0.873122815 -0.572327567 0.002795700 0.806696019 0.147223887
173377.096847498 -0.605390583 -2.297216669 0.868111111 -0.575616209 0.010423820 0.803569286 0.151108326
173377.130181447 -0.625522319 -2.357851270 0.863349585 -0.579959816 0.015742438 0.800417112 0.150768809
173377.163515397 -0.641558389 -2.421592457 0.858550296 -0.584612549 0.017223045 0.797475328 0.148204708
173377.196849346 -0.653564280 -2.487557813 0.852539532 -0.590404025 0.015001743 0.793646228 0.146026369
173377.230183295 -0.661883737 -2.555236467 0.844320103 -0.598612448 0.014843628 0.787716623 0.144725004
173377.263517244 -0.667905954 -2.623968350 0.834639390 -0.605467357 0.020894700 0.782239491 0.145169107
173377.296851194 -0.674766414 -2.693232363 0.824456205 -0.607145743 0.030422565 0.780665927 0.144945589
173377.330185143 -0.684269447 -2.762370984 0.814322959 -0.605997119 0.038562720 0.780854270 0.146789026
173377.363519092 -0.696005237 -2.831176276 0.804262744 -0.606732314 0.046963158 0.779049423 0.150838847
173377.396853041 -0.710206757 -2.900156607 0.794937504 -0.608842125 0.054633444 0.775782129 0.156488152
173377.430186990 -0.727543623 -2.969673399 0.786790983 -0.611055840 0.057515726 0.773043223 0.160333641
173377.463520940 -0.747855671 -3.039695138 0.779881872 -0.612507580 0.056380168 0.771451613 0.162843944
173377.496854889 -0.770858996 -3.110861059 0.773529437 -0.614192956 0.055104688 0.770186596 0.162920513
173377.530188838 -0.797414998 -3.183656488 0.767702480 -0.615261605 0.054015191 0.770024288 0.159994102
173377.563522787 -0.827805583 -3.257632188 0.762687290 -0.613616173 0.052200251 0.772263196 0.156076529
173377.596856736 -0.862216835 -3.332621361 0.758284796 -0.610230946 0.051401277 0.775777105 0.152138044
173377.630190686 -0.900360212 -3.408888429 0.754344553 -0.606071119 0.052152151 0.779613360 0.148865580
173377.663524635 -0.882551275 -3.617795232 0.780131211 -0.604284485 0.040137070 0.783967376 0.136471353
173377.696858584 -0.927058277 -3.702303657 0.777158436 -0.600798260 0.039632693 0.788174484 0.127482089
173377.730192533 -0.973392742 -3.786112164 0.774764343 -0.597517454 0.035572236 0.792448745 0.117185723
173377.763526483 -1.021572811 -3.869729627 0.772791715 -0.595142950 0.028053204 0.795534115 0.110196910
173377.796860432 -1.071307675 -3.952798063 0.770697229 -0.595479694 0.019782362 0.795882450 0.107627682
173377.830194381 -1.122561070 -4.035008812 0.768692519 -0.597150324 0.012621783 0.794612940 0.108823048
173377.863528330 -1.175516345 -4.116666879 0.766907673 -0.598405040 0.007395532 0.793323772 0.111777044
173377.896862279 -1.230270816 -4.197642064 0.765848532 -0.597454447 0.004033790 0.793519772 0.115578037
173377.930196229 -1.286225380 -4.277356217 0.765969456 -0.593860094 0.000151182 0.795139434 0.122814682
173377.963530178 -1.202501745 -4.646117864 0.800645435 -0.586646252 -0.018346648 0.799848594 0.125506181
173377.996864127 -1.254132048 -4.730490216 0.803128832 -0.581196880 -0.019089064 0.802072729 0.136107060
173378.030198076 -1.307046152 -4.816402979 0.806193831 -0.576142700 -0.018145631 0.803424495 0.149128823
173378.063532025 -1.358917936 -4.901084323 0.809734338 -0.571824760 -0.014062144 0.803796520 0.163492675
173378.096865975 -1.480478351 -4.869644036 0.801352754 -0.568908079 -0.002421367 0.802034412 0.181875058
173378.130199924 -1.531988880 -4.949857698 0.806426902 -0.561359112 0.006240466 0.801897765 0.204443093
173378.163533873 -1.579404117 -5.028484086 0.811323949 -0.554403728 0.016951536 0.799441251 0.230744096
173378.196867822 -1.623330568 -5.107226376 0.816030423 -0.545897772 0.028625745 0.795711189 0.260806236
173378.230201772 -1.663918952 -5.186643763 0.819882411 -0.535761405 0.041211320 0.790943196 0.292694730
173378.263535721 -1.701471945 -5.267523635 0.821857460 -0.525897861 0.056275846 0.784696658 0.323288762
173378.296869670 -1.736201736 -5.350327690 0.821530176 -0.517328060 0.074291208 0.776240462 0.352566645
173378.330203619 -1.768161797 -5.435780862 0.818728093 -0.511006844 0.096204668 0.764824442 0.380342267
173378.363537568 -1.797522144 -5.524504880 0.813932197 -0.504277325 0.120876155 0.750988935 0.408789620
173378.396871518 -1.825190635 -5.617230528 0.807261169 -0.495700750 0.147752487 0.736106516 0.436574355
173378.430205467 -1.852347382 -5.714397969 0.798972387 -0.485401517 0.175485097 0.720841534 0.462577378
173378.463539416 -1.879848754 -5.816007571 0.789303143 -0.474946494 0.201575014 0.705046501 0.486521092
173378.496873365 -1.908639453 -5.922175761 0.778449226 -0.465684139 0.224313262 0.688101437 0.509252644
173378.530207314 -1.940082467 -6.032847828 0.766696483 -0.458937698 0.243408173 0.670490202 0.529690042
173378.563541264 -1.975401398 -6.147619887 0.754517750 -0.455050552 0.257388548 0.653041065 0.547921069
173378.596875213 -2.016005138 -6.266167451 0.742130205 -0.455006212 0.264469865 0.636275020 0.564073698
173378.630209162 -2.022491256 -6.510392501 0.743016035 -0.460568232 0.263603219 0.624435527 0.573123476
173378.663543111 -2.075722501 -6.636766824 0.728450563 -0.471031718 0.267503594 0.612221987 0.575981932
173378.696877061 -2.102762090 -6.881682500 0.702817925 -0.488531115 0.266122364 0.607589684 0.566878305
173378.730211010 -2.171765176 -7.018132598 0.684365955 -0.507924531 0.265906554 0.600967116 0.556906545
173378.763544959 -2.246819481 -7.156440821 0.665469466 -0.528351883 0.254074681 0.594696969 0.550114405
173378.796878908 -2.328162308 -7.296782172 0.646315647 -0.547384195 0.227114872 0.591862663 0.546340522
173378.830212857 -2.415463689 -7.439944824 0.625863807 -0.565953332 0.189221104 0.591650494 0.542071851
173378.863546807 -2.507688668 -7.587326953 0.603209161 -0.585513242 0.147862114 0.594536070 0.530884075
173378.896880756 -2.603573016 -7.740065605 0.577937465 -0.606640868 0.109175696 0.600317105 0.509594837
173378.930214705 -2.702192266 -7.898125793 0.550379394 -0.627431433 0.073646011 0.608365305 0.480414110
173378.963548654 -2.801856800 -8.061311018 0.521736542 -0.645734821 0.043096500 0.617273079 0.447373645
173378.996882603 -2.901830962 -8.229263613 0.493694200 -0.658748251 0.015176934 0.628095854 0.413903372
173379.030216553 -2.912560227 -8.704850123 0.455548858 -0.667952646 -0.023903848 0.643776202 0.372585655
173379.063550502 -3.006959678 -8.885911377 0.429556889 -0.675775767 -0.047973372 0.655749417 0.333194192
173379.096884451 -3.101530417 -9.074751884 0.405470432 -0.682563209 -0.069004434 0.666997569 0.290620193
173379.130218400 -3.194497271 -9.265728446 0.384590636 -0.685447148 -0.087743513 0.678241253 0.249904154
173379.163552350 -3.285965475 -9.457934826 0.366933801 -0.683783896 -0.106049740 0.689864788 0.212790063
173379.196886299 -3.376629199 -9.651059954 0.352044210 -0.678559396 -0.122841470 0.702131394 0.177422166
173379.230220248 -3.466598749 -9.844118749 0.338552622 -0.673007889 -0.137584797 0.712219105 0.144480971
173379.263554197 -3.556404731 -10.035954370 0.326383787 -0.669115678 -0.146422117 0.719109089 0.117161817
173379.296888146 -3.646615800 -10.227530838 0.315776377 -0.665554766 -0.155292178 0.723515328 0.097194460
173379.330222096 -3.737370902 -10.419209622 0.305807847 -0.661341042 -0.164321378 0.727070285 0.083637979
173379.363556045 -3.828665101 -10.610973194 0.296029716 -0.654831775 -0.174783404 0.731630917 0.073227790
173379.396889994 -3.920939934 -10.803295486 0.285713736 -0.647002691 -0.185415239 0.736950685 0.062549134
173379.430223943 -4.014460837 -10.995796174 0.274420018 -0.640532443 -0.196880402 0.740659900 0.048777137
173379.463557892 -4.108410540 -11.187554508 0.261788759 -0.637775628 -0.206833736 0.741041354 0.036328591
173379.496891842 -4.202939908 -11.377735286 0.247867532 -0.638814430 -0.213704056 0.738575779 0.027432092
173379.530225791 -4.294203312 -11.547386864 0.241043321 -0.637315335 -0.217497745 0.738858165 0.024748875
173379.563559740 -4.391098371 -11.732385893 0.227681415 -0.632701540 -0.218309666 0.742515265 0.026471343
173379.596893689 -4.489930469 -11.915810068 0.214391551 -0.626828816 -0.215848969 0.747907546 0.033602995
173379.630227639 -4.589968092 -12.097321400 0.200860592 -0.621345203 -0.208948557 0.753835737 0.044747293
173379.663561588 -4.691083848 -12.277689422 0.187161054 -0.617415672 -0.199487999 0.758776620 0.057100500
173379.696895537 -4.792878863 -12.457777143 0.173832871 -0.613523123 -0.188831759 0.763473146 0.070997880
173379.730229486 -4.895175694 -12.638497701 0.161001162 -0.609271697 -0.178718323 0.767682745 0.086665813
173379.763563435 -4.997334976 -12.820235020 0.148012541 -0.608003335 -0.167182296 0.769005422 0.104941344
173379.796897385 -5.099620997 -13.003546288 0.134976536 -0.608379972 -0.154481025 0.768420603 0.124656325
173379.830231334 -5.202527392 -13.189424564 0.121973760 -0.608233914 -0.143561607 0.767355056 0.143554132
173379.863565283 -5.306147603 -13.378638005 0.108464795 -0.607569147 -0.133184123 0.766296193 0.160971630
173379.896899232 -5.410778419 -13.571954020 0.093965048 -0.606543082 -0.122927774 0.765711256 0.175158570
173379.930233181 -5.516521958 -13.770140271 0.078331273 -0.605312483 -0.113513997 0.765641028 0.185755718
173379.963567131 -5.623478666 -13.973392078 0.061748073 -0.604584963 -0.107161285 0.765035768 0.194200298
173379.996901080 -5.731541361 -14.181497936 0.044086398 -0.605694648 -0.103114336 0.762929909 0.201095452
173380.030235029 -5.840643468 -14.394226243 0.025273045 -0.608818932 -0.100026587 0.758986904 0.208021798
173380.063568978 -5.951236077 -14.611409809 0.005445602 -0.612775836 -0.097788615 0.754351888 0.214234430
173380.096902928 -6.063639288 -14.832882781 -0.015203164 -0.616027201 -0.095315007 0.750577746 0.219222680
173380.130236877 -6.178153811 -15.058379189 -0.036780870 -0.618827086 -0.091863709 0.747918313 0.221883514
173380.163570826 -6.294997284 -15.287702552 -0.059067438 -0.621383411 -0.088067047 0.746290621 0.221759240
173380.196904775 -6.414249741 -15.520690548 -0.081902849 -0.624160819 -0.084817795 0.745023626 0.219474398
173380.230238724 -6.535909408 -15.757243741 -0.105232576 -0.627554141 -0.082357071 0.743735414 0.215059867
173380.263572674 -6.659904331 -15.997466815 -0.128880728 -0.631020337 -0.080391913 0.742833753 0.208682750
173380.296906623 -6.786134376 -16.241358465 -0.152489394 -0.633946137 -0.079223031 0.742567604 0.201070536
173380.330240572 -6.914448275 -16.488866257 -0.175627912 -0.635310483 -0.078885368 0.743350692 0.193874799
173380.363574521 -7.044543372 -16.739891566 -0.198368597 -0.635911527 -0.078424609 0.744402746 0.187964527
173380.396908470 -7.176263468 -16.994245481 -0.220849879 -0.636746570 -0.076967291 0.744909614 0.183683175
173380.430242420 -7.309799793 -17.251807513 -0.243055132 -0.637624896 -0.075895921 0.745247830 0.179666280
173380.463576369 -7.433797265 -17.227141377 -0.220180417 -0.636375897 -0.069313130 0.746983510 0.179546771
173380.496910318 -7.607557205 -18.771096513 -0.474294961 -0.641490281 -0.099696692 0.744831042 0.154199571
173380.530244267 -7.726624505 -18.874299020 -0.451480791 -0.638828968 -0.091865808 0.747997175 0.154785172
173380.563578217 -7.868165322 -19.157254224 -0.478261834 -0.637161761 -0.088112487 0.750680508 0.150797397
173380.596912166 -8.011291384 -19.443484915 -0.506002375 -0.634669905 -0.083818497 0.754001695 0.147139441
173380.630246115 -8.155664234 -19.731975897 -0.534608126 -0.631822925 -0.079889505 0.757571387 0.143188869
173380.663580064 -8.301153400 -20.022426962 -0.564296513 -0.630094674 -0.076213575 0.760266729 0.138443826
173380.696914013 -8.447727587 -20.314713685 -0.594916579 -0.629438597 -0.073199013 0.762021145 0.133314412
173380.730247963 -8.592637756 -20.464993441 -0.598598345 -0.627997790 -0.069509077 0.763973621 0.130887624
173380.763581912 -8.723597937 -19.914167324 -0.465507139 -0.623837993 -0.054542927 0.766859339 0.140634217
173380.796915861 -8.866551283 -20.188040979 -0.493290765 -0.626274020 -0.057048990 0.764581593 0.141213500
173380.830249810 -9.013736727 -20.468398983 -0.522456383 -0.630146088 -0.059637014 0.760802653 0.143313142
173380.863583759 -9.162668227 -20.749138370 -0.552131134 -0.634176925 -0.063193522 0.756638597 0.146028219
173380.896917709 -9.313480612 -21.029691876 -0.582391783 -0.638877185 -0.067100904 0.751669436 0.149420445
173380.930251658 -9.466096420 -21.309656503 -0.613225219 -0.644262263 -0.069753948 0.745959882 0.153637163
173380.963585607 -9.620611164 -21.588781547 -0.644413969 -0.650275230 -0.071753663 0.739468389 0.158682193
173380.996919556 -9.777299059 -21.866859480 -0.675483427 -0.655371657 -0.072871562 0.733463582 0.164951205
173381.030253506 -9.936250786 -22.144120602 -0.706199383 -0.659072242 -0.073902293 0.728455848 0.171797287
173381.063587455 -10.097041605 -22.421461004 -0.736774382 -0.663224531 -0.074471855 0.723226499 0.177568567
173381.096921404 -10.259474240 -22.699798336 -0.766697808 -0.667001692 -0.075755911 0.718515996 0.181946554
173381.130255353 -10.423349133 -22.980210330 -0.795519055 -0.669199396 -0.078792837 0.715308894 0.185194608
173381.163589302 -10.588249654 -23.263397477 -0.823023167 -0.669019642 -0.083149052 0.713708281 0.190051158
173381.196923252 -10.753570194 -23.550023820 -0.849874341 -0.667862250 -0.087172243 0.712179996 0.197890546
173381.230257201 -10.919178181 -23.840539382 -0.876734396 -0.667256085 -0.089635675 0.710006788 0.206458529
173381.263591150 -11.085485477 -24.135213792 -0.903444338 -0.665503955 -0.092068998 0.708932816 0.214574107
173381.296925099 -11.252684702 -24.434371603 -0.930667763 -0.663348397 -0.094975221 0.708546859 0.221155965
173381.330259049 -11.420727026 -24.737980354 -0.958980360 -0.661663412 -0.095814558 0.708685371 0.225357815
173381.363592998 -11.589836560 -25.045911146 -0.988212773 -0.659751250 -0.096258803 0.709511813 0.228156783
173381.396926947 -11.760188018 -25.357909635 -1.018645190 -0.658650025 -0.097147600 0.710061200 0.229250041
173381.430260896 -11.931666125 -25.673697677 -1.050267795 -0.658129557 -0.097728133 0.710342066 0.229627626
173381.463594845 -12.104243730 -25.992893205 -1.083260286 -0.658945203 -0.097414107 0.709803228 0.229087515
173381.496928795 -12.278158747 -26.315432134 -1.117506658 -0.660199377 -0.096391009 0.709161591 0.227893383
173381.530262744 -12.453987897 -26.641222778 -1.152648934 -0.660499690 -0.095545961 0.710169058 0.224212040
173381.563596693 -12.631822141 -26.970112681 -1.188342018 -0.658736743 -0.094984188 0.713892520 0.217718574
173381.596930642 -12.811228708 -27.301915066 -1.224811118 -0.656271361 -0.093597109 0.718536631 0.210362999
173381.630264591 -12.992106453 -27.636428366 -1.262101246 -0.653949260 -0.090751339 0.723065671 0.203200875
173381.663598541 -13.174633560 -27.973776316 -1.299889669 -0.650835868 -0.088424274 0.728066739 0.196246388
173381.696932490 -13.358608340 -28.314062963 -1.338675156 -0.649230654 -0.086856989 0.731738411 0.188452435
173381.730266439 -13.543844728 -28.657324112 -1.378542418 -0.649294910 -0.085285935 0.733910223 0.180328075
173381.763600388 -13.730389510 -29.003675501 -1.419318785 -0.650060585 -0.084142768 0.735180825 0.172772637
173381.796934338 -13.918374146 -29.353152618 -1.460756490 -0.650655757 -0.084205222 0.736052891 0.166681454
173381.830268287 -14.108015939 -29.705610035 -1.502697029 -0.650320295 -0.085627212 0.737159410 0.162319127
173381.863602236 -14.299430151 -30.060771378 -1.545367240 -0.650170253 -0.087226436 0.737851913 0.158885951
173381.896936185 -14.492803856 -30.418507272 -1.588754846 -0.650723623 -0.088910171 0.737756445 0.156106295
173381.930270134 -14.688480042 -30.778805177 -1.632668902 -0.651681985 -0.091526489 0.737254195 0.152937061
173381.963604084 -14.886537415 -31.141671845 -1.677012692 -0.653173123 -0.094902900 0.736226870 0.149426594
173381.996938033 -15.086912250 -31.507183639 -1.721787354 -0.655748031 -0.098220592 0.734256069 0.145654591
173382.030271982 -15.289708194 -31.875484902 -1.766673071 -0.658834528 -0.102663086 0.731653144 0.141707558
173382.063605931 -15.494885653 -32.246742297 -1.811521451 -0.661497247 -0.108429424 0.729015195 0.138568747
173382.096939880 -15.734374456 -32.802641832 -1.864502124 -0.663752019 -0.116153276 0.726232022 0.136120252
173382.130273830 -15.944622996 -33.182085531 -1.910223025 -0.665650645 -0.122667566 0.723958177 0.133215780
173382.163607779 -16.157098477 -33.564905987 -1.956550019 -0.667489501 -0.128580872 0.721775715 0.130248000
173382.196941728 -16.371540026 -33.950764588 -2.003441339 -0.668910947 -0.134392464 0.719885681 0.127520262
173382.230275677 -16.587691979 -34.339542134 -2.050987527 -0.670163619 -0.139594619 0.718051924 0.125680151
173382.263609627 -16.805403316 -34.731116915 -2.099330434 -0.672044069 -0.143570464 0.715651228 0.124850355
173382.296943576 -17.068275145 -32.709245978 -1.709051422 -0.671440830 -0.119523136 0.717884154 0.139727495
173382.330277525 -17.290217453 -33.081505436 -1.752242228 -0.674423836 -0.121926439 0.714616864 0.140032750
173382.363611474 -17.509069792 -33.448415776 -1.795091159 -0.677501221 -0.123519115 0.711408539 0.140117859
173382.396945423 -17.729514715 -33.818088076 -1.838437161 -0.680482197 -0.123788568 0.708567451 0.139830388
173382.430279373 -17.951484348 -34.190493587 -1.882111492 -0.683253995 -0.122726930 0.706060873 0.139928993
173382.463613322 -18.174862151 -34.565378868 -1.926018865 -0.685233510 -0.120078249 0.704061429 0.142596474
173382.496947271 -18.399786464 -34.942318550 -1.970282945 -0.686086921 -0.114650391 0.702898918 0.148570306
173382.530281220 -18.626510946 -35.320831918 -2.015070610 -0.685885995 -0.104286579 0.702999292 0.156450334
173382.563615169 -18.855856560 -35.700928484 -2.059772354 -0.682098369 -0.090412265 0.706827269 0.164203075
173382.596949119 -19.088391039 -36.082852419 -2.103565263 -0.672738647 -0.075603294 0.715946705 0.170666843
173382.630283068 -19.323699111 -36.466713108 -2.145870769 -0.658880368 -0.060712897 0.728508875 0.177384960
173382.663617017 -19.560912557 -36.853079271 -2.186485873 -0.643268271 -0.045773177 0.741322635 0.185880333
173382.696950966 -19.799363775 -37.242889145 -2.225263067 -0.628200928 -0.032844616 0.752168987 0.196282042
173382.730284916 -20.038816222 -37.637082582 -2.261736125 -0.612257283 -0.024725833 0.761669420 0.210687793
173382.763618865 -20.278913034 -38.036321049 -2.296291471 -0.594870865 -0.022147713 0.770175546 0.229058426
173382.796952814 -20.520259217 -38.441449520 -2.329892389 -0.577144442 -0.024039068 0.776203501 0.252654986
173382.830286763 -20.768006213 -38.853330280 -2.363567014 -0.559692139 -0.034486081 0.783716164 0.267103715
173382.863620712 -21.019162223 -39.270731078 -2.399216766 -0.541850939 -0.042246184 0.793702110 0.273221119
173382.896954662 -21.273241692 -39.753755952 -2.444990168 -0.524774628 -0.042739976 0.803331351 0.278286946
173382.930288611 -21.522887868 -40.179144486 -2.480934321 -0.499062335 -0.043394590 0.815371795 0.290211184
173382.963622560 -21.772051402 -40.609255168 -2.515956982 -0.464859319 -0.047588548 0.829215703 0.306663433
173382.996956509 -22.023162659 -41.043105816 -2.552098584 -0.434441864 -0.053308827 0.840836162 0.318454055
173383.030290458 -22.278224475 -41.480726795 -2.589385314 -0.411324774 -0.060484772 0.849747563 0.324164468
173383.063624408 -22.805694134 -42.221723493 -2.608867291 -0.392206499 -0.067223016 0.857192234 0.326919873
173383.096958357 -23.080784790 -42.686684899 -2.652556762 -0.377535820 -0.073762404 0.862779438 0.328081475
173383.130292306 -23.347175096 -43.133668166 -2.697200990 -0.369950745 -0.082526739 0.864754573 0.329431803
173383.163626255 -23.616615192 -43.581281760 -2.746461594 -0.373613176 -0.090022707 0.862467112 0.329332034
173383.196960205 -23.889480440 -44.029023348 -2.801132653 -0.390246813 -0.092475781 0.855490721 0.327553480
173383.230294154 -24.165117514 -44.477106107 -2.860544732 -0.413406134 -0.092435923 0.845335095 0.325514278
173383.263628103 -24.442012549 -44.925864315 -2.924214836 -0.438904955 -0.089353746 0.832648695 0.325690803
173383.296962052 -24.720147007 -45.375837984 -2.991561768 -0.465481352 -0.085376608 0.817853472 0.327343313
173383.330296001 -25.000947739 -45.827287824 -3.062048552 -0.490758555 -0.083240803 0.803676512 0.326084458
173383.363629951 -25.282967926 -46.280102811 -3.135876059 -0.515749468 -0.080481622 0.788563362 0.325104628
173383.396963900 -25.564681012 -46.734073614 -3.213252620 -0.542299716 -0.070361515 0.771011235 0.326346367
173383.430297849 -25.845912499 -47.189284212 -3.294205846 -0.573638047 -0.050516282 0.748420253 0.329020699
173383.463631798 -26.126183735 -47.646290660 -3.378765787 -0.612807557 -0.021802281 0.716903448 0.331724291
173383.496965747 -26.404784461 -48.105767873 -3.465909548 -0.656436211 0.014956282 0.674911003 0.336694146
173383.530299697 -26.682137342 -48.568520692 -3.554174627 -0.700509903 0.051596946 0.623742968 0.342882400
173383.563633646 -26.959351045 -49.034948781 -3.641367019 -0.740659606 0.078652621 0.568037536 0.350100659
173383.596967595 -27.237793474 -49.505158723 -3.725415541 -0.772100571 0.093146788 0.516149251 0.358851410
173383.630301544 -27.520023576 -49.978770559 -3.805848509 -0.793637673 0.094668799 0.477404075 0.365051245
173383.663635494 -27.805836229 -50.454389640 -3.883139665 -0.807541509 0.088500373 0.449658364 0.371283921
173383.696969443 -28.093259191 -50.932269304 -3.957847798 -0.817444753 0.082588813 0.425516599 0.379339937
173383.730303392 -28.382218361 -51.412118476 -4.029774465 -0.824447622 0.078873568 0.403825814 0.388574048
173383.763637341 -28.673191422 -51.894808809 -4.099262402 -0.827772206 0.088196730 0.386243941 0.397278405
173383.796971290 -28.968733358 -52.381600550 -4.164833411 -0.825937770 0.097504384 0.382722582 0.402297304
173383.830305240 -29.270371712 -52.870979453 -4.227201000 -0.816623154 0.101894628 0.396254937 0.407094747
173383.863639189 -29.578523666 -53.362559091 -4.287098740 -0.798496478 0.103991711 0.425122983 0.413351604
173383.896973138 -29.891704323 -53.857638645 -4.344200419 -0.773894195 0.105158069 0.462009085 0.420210852
173383.930307087 -30.208302638 -54.356820816 -4.398312172 -0.745168159 0.110260032 0.501947665 0.424989038
173383.963641036 -30.527919437 -54.861304264 -4.449484054 -0.716838450 0.114741239 0.542144154 0.423151038
173383.996974986 -30.850854017 -55.371481328 -4.497471864 -0.688639206 0.117513475 0.581828609 0.416463800
173384.030308935 -31.176979193 -55.887444123 -4.542305678 -0.657533474 0.116291062 0.622756795 0.407799085
173384.063642884 -31.402043356 -55.195223883 -4.336308351 -0.620863738 0.117706853 0.663027924 0.401331892
173384.096976833 -31.731257959 -55.709976424 -4.374620384 -0.585961853 0.096602328 0.704020660 0.389450391
173384.130310783 -32.062833566 -56.230569836 -4.413836545 -0.550053170 0.068274797 0.743140640 0.374862709
173384.163644732 -32.396177510 -56.756983776 -4.455194768 -0.512072301 0.038004726 0.778778623 0.360335199
173384.196978681 -32.731257938 -57.288982518 -4.500105515 -0.472747998 0.007798868 0.810212052 0.346417289
173384.230312630 -32.823725176 -56.954497690 -4.513123830 -0.433718002 -0.016329301 0.838702365 0.328938280
173384.263646579 -33.165049668 -57.494638609 -4.567023864 -0.396394172 -0.037705762 0.862062988 0.313524067
173384.296980529 -33.430401611 -57.118178726 -4.381413796 -0.364174726 -0.056298463 0.880122205 0.299319489
173384.330314478 -33.772773007 -57.650232514 -4.442715029 -0.337320363 -0.082455083 0.893471474 0.284824257
173384.363648427 -33.948251582 -57.390544509 -4.389638547 -0.320332461 -0.101120612 0.902365878 0.269995477
173384.396982376 -34.288432674 -57.909630222 -4.457186876 -0.312592749 -0.110690631 0.908774889 0.253301322
173384.430316325 -34.602090891 -58.146684202 -4.480863273 -0.309874835 -0.118914260 0.912825038 0.237881138
173384.463650275 -34.954476404 -58.696212597 -4.555187312 -0.310147583 -0.128029010 0.914793083 0.224879224
173384.496984224 -35.301744332 -59.221505330 -4.631811769 -0.317324770 -0.132323407 0.914942205 0.211367612
173384.530318173 -35.583714514 -59.781939976 -4.719992793 -0.327172224 -0.134692737 0.914104663 0.198062788
173384.563652122 -35.931407253 -60.261500559 -4.790330375 -0.340694829 -0.131421194 0.911902012 0.187323847
173384.596986072 -36.284730597 -60.788009187 -4.877204473 -0.364814999 -0.124374572 0.905134572 0.179366633
173384.630320021 -36.606939407 -61.321805595 -4.960735485 -0.403086576 -0.116440123 0.890552893 0.175722664
173384.663653970 -36.962376075 -61.848017822 -5.056948479 -0.451840001 -0.106114638 0.868416359 0.174451494
173384.696987919 -37.321973895 -62.381299262 -5.158217653 -0.506381963 -0.093974832 0.838990464 0.175616175
173384.730321868 -37.681713913 -62.916279867 -5.262630119 -0.565222774 -0.084789127 0.801235683 0.177074561
173384.763655818 -38.042353308 -63.454284497 -5.369075159 -0.624786449 -0.078480147 0.757394318 0.172732758
173384.796989767 -38.403342466 -63.996200452 -5.476039866 -0.678660483 -0.071990181 0.712629028 0.162472246
173384.830323716 -38.765459157 -64.541757796 -5.581534807 -0.726042022 -0.069376535 0.667161241 0.151478572
173384.863657665 -39.130253951 -65.090643152 -5.684150536 -0.762013401 -0.069941829 0.628297854 0.140305112
173384.896991614 -39.498024505 -65.643058263 -5.783592243 -0.787785036 -0.071714368 0.598197512 0.128107469
173384.930325564 -39.868802384 -66.198304935 -5.878777996 -0.805023720 -0.072072438 0.576657611 0.119198885
173384.963659513 -40.051757888 -66.852899602 -5.992236157 -0.811404319 -0.071545720 0.568463366 0.115557962
173384.996993462 -40.423842151 -67.405113000 -6.077668964 -0.808060032 -0.067824055 0.573054504 0.118521805
173385.030327411 -40.804994196 -67.966006622 -6.161010648 -0.796309756 -0.063158504 0.588162791 0.126357850
173385.063661361 -41.203086165 -68.526128855 -6.239749777 -0.778674206 -0.057988733 0.608997886 0.139374898
173385.096995310 -42.102634719 -69.069186970 -6.233208894 -0.758127947 -0.047555713 0.630161967 0.160861324
173385.130329259 -42.503799182 -69.645871412 -6.312778685 -0.736033372 -0.037624285 0.650580569 0.183259954
173385.163663208 -42.989559517 -70.504261222 -6.406402155 -0.715328387 -0.023308430 0.666566870 0.208448131
173385.196997157 -43.375223188 -71.063326192 -6.483275028 -0.695698648 -0.006288027 0.678486308 0.235839311
173385.230331107 -43.763965451 -71.629218319 -6.560933510 -0.676971872 0.010953856 0.685930501 0.266624165
173385.263665056 -44.152544199 -72.197321818 -6.639031436 -0.660451478 0.029592541 0.687988765 0.299331901
173385.296999005 -44.541565753 -72.768753922 -6.717505562 -0.645531580 0.045765066 0.686645212 0.331229362
173385.330332954 -44.931527923 -73.343737055 -6.795942916 -0.631269434 0.059180573 0.682845957 0.362929689
173385.363666903 -45.323636016 -73.922698070 -6.874885302 -0.616598445 0.070000476 0.679529471 0.391338714
173385.397000853 -45.718636009 -74.505422333 -6.954391389 -0.600566526 0.076823836 0.677793698 0.417149433
173385.430334802 -46.115844209 -75.092109481 -7.035066606 -0.585147791 0.083142649 0.675070808 0.441552678
173385.463668751 -46.515023910 -75.682852044 -7.117174939 -0.571350988 0.090209539 0.670213380 0.465010013
173385.497002700 -46.916648455 -76.277296386 -7.200974654 -0.559316240 0.098428151 0.663836092 0.486619857
173385.530336650 -47.320597631 -76.875179724 -7.286420238 -0.549136833 0.108671110 0.655716447 0.506631296
173385.563670599 -47.726943332 -77.476524314 -7.373421213 -0.540006694 0.120701678 0.645868932 0.526001138
173385.597004548 -48.135843568 -78.081794952 -7.462257003 -0.531602124 0.133559213 0.635613486 0.543651188
173385.630338497 -48.547221115 -78.691278766 -7.552736367 -0.522394973 0.148574570 0.624521967 0.561249856
173385.663672446 -48.962037218 -79.304291258 -7.644945706 -0.512752710 0.164004986 0.614385134 0.576817069
173385.697006396 -49.380312721 -79.920900663 -7.738499054 -0.502208885 0.178230241 0.606519158 0.590046378
173385.730340345 -49.801252003 -80.541337015 -7.833051489 -0.491137854 0.192010636 0.598885024 0.602704117
173385.763674294 -50.224463795 -81.165414805 -7.928611038 -0.481011835 0.205986502 0.589402759 0.615468572
173385.797008243 -50.805634672 -81.851121623 -7.967007608 -0.471996474 0.221243965 0.576199064 0.629495890
173385.830342192 -51.266138939 -82.414844086 -8.036312543 -0.464984127 0.235840114 0.560976667 0.643019737
173385.863676142 -51.695240106 -83.046301756 -8.133474617 -0.457979124 0.249626232 0.545705357 0.655856333
173385.897010091 -52.130232545 -83.685913002 -8.232164495 -0.448493217 0.262991378 0.531588259 0.668657829
173385.930344040 -52.568532595 -84.329898296 -8.331933741 -0.435617292 0.276220800 0.519122167 0.681507022
173385.963677989 -53.010166522 -84.978183829 -8.432835237 -0.418157135 0.288962205 0.508315090 0.695169925
173385.997011939 -53.454989291 -85.630782556 -8.534944985 -0.396061690 0.300778041 0.498788269 0.709843624
173386.030345888 -53.902562008 -86.288054585 -8.638599348 -0.369986743 0.312373399 0.488673435 0.725762319
173386.063679837 -54.352636237 -86.950248100 -8.744279543 -0.341356198 0.325298702 0.476220053 0.742206953
173386.097013786 -54.805411376 -87.617214925 -8.852128884 -0.312256754 0.341433226 0.461012453 0.757222946
173386.130347735 -55.261179424 -88.289182073 -8.962207529 -0.282541866 0.359832209 0.444156510 0.770334907
173386.163681685 -55.720139878 -88.966981434 -9.074424916 -0.251971055 0.379854391 0.425203570 0.781935517
173386.197015634 -56.080740283 -89.775890007 -9.218677864 -0.222505020 0.398617165 0.405113508 0.792135669
173386.230349583 -56.545654879 -90.464474890 -9.333221873 -0.194146181 0.415023190 0.384033484 0.801611686
173386.263683532 -57.013525778 -91.156632566 -9.448602767 -0.167966083 0.429015342 0.363476521 0.809702445
173386.297017481 -57.484691251 -91.853334549 -9.564920856 -0.143177520 0.440452622 0.342653982 0.817367686
173386.330351431 -57.959140329 -92.554377226 -9.681999357 -0.120049969 0.449526006 0.320422098 0.825132749
173386.363685380 -58.436968438 -93.259251683 -9.800257360 -0.097433183 0.457731525 0.297231750 0.832251111
173386.397019329 -58.918276366 -93.967776467 -9.919593724 -0.074870175 0.465013429 0.273182427 0.838765956
173386.430353278 -59.403271004 -94.679508893 -10.039994546 -0.053072019 0.471209161 0.249777891 0.844248952
173386.463687228 -59.892396085 -95.394350232 -10.161697782 -0.031519002 0.477536947 0.227487085 0.848065235
173386.497021177 -60.385619590 -96.112095161 -10.284643275 -0.010095229 0.483988363 0.205370958 0.850573995
173386.530355126 -60.882628885 -96.832364987 -10.408402756 0.010927600 0.489821183 0.183484684 0.852226007
173386.563689075 -60.900350626 -98.089802286 -10.647670038 0.028512453 0.494396217 0.166632420 0.852638879
173386.597023024 -61.399366372 -98.817521192 -10.774048917 0.048722491 0.498575604 0.145423449 0.853170854
173386.630356974 -61.903890953 -99.550344237 -10.902153608 0.068918346 0.502829135 0.123172862 0.852784597
173386.663690923 -62.411635342 -100.285331180 -11.031293076 0.088398930 0.507103255 0.101189186 0.851347559
173386.697024872 -62.922978024 -101.022119193 -11.161447524 0.106914762 0.512306721 0.081206622 0.848243209
173386.730358821 -63.437727249 -101.760380375 -11.292386523 0.123925647 0.518194509 0.064420883 0.843781272
173386.763692770 -63.955418481 -102.499991685 -11.423369718 0.138941745 0.522353422 0.050821587 0.839797154
173386.797026720 -64.476252952 -103.240969602 -11.553940075 0.151593479 0.524140468 0.038837128 0.837130733
173386.830360669 -65.000613624 -103.983277734 -11.684193423 0.161968369 0.524231744 0.027392062 0.835581834
173386.863694618 -65.528399568 -104.726661278 -11.814340233 0.170011846 0.524009584 0.016429714 0.834409967
173386.897028567 -66.058987360 -105.470515876 -11.944680151 0.175712037 0.524419776 0.008096706 0.833092805
173386.930362517 -66.592039923 -106.214635962 -12.075215852 0.179243338 0.525080119 0.003037678 0.831957611
173386.963696466 -67.127314280 -106.958950507 -12.205805325 0.180071167 0.525398875 0.001314085 0.831582029
173386.997030415 -67.664776262 -107.703401652 -12.336338355 0.177859291 0.525253666 0.003157725 0.832144631
173387.030364364 -68.204764846 -108.448101546 -12.466934438 0.172564894 0.525364838 0.007777871 0.833158238
173387.063698313 -68.747326350 -109.193092198 -12.597546915 0.164563863 0.525086248 0.015694464 0.834839416
173387.097032263 -69.292347767 -109.938461960 -12.728123600 0.154122841 0.523987325 0.026709984 0.837239518
173387.130366212 -69.839731015 -110.684387359 -12.858868459 0.141719934 0.522719488 0.040950335 0.839644488
173387.163700161 -70.389402475 -111.431135071 -12.989693517 0.127304425 0.521176005 0.058035021 0.841903256
173387.197034110 -70.941586288 -112.179073855 -13.120720199 0.110948990 0.519489569 0.076841128 0.843751356
173387.230368059 -71.496726928 -112.928342392 -13.252006683 0.092032631 0.517747591 0.097648325 0.844945105
173387.263702009 -72.055256935 -113.679283766 -13.383599509 0.070559970 0.515256990 0.119959183 0.845660286
173387.297035958 -72.617434512 -114.432293177 -13.515692630 0.047467596 0.511619617 0.143113001 0.845878753
173387.330369907 -73.183426553 -115.187604596 -13.648363641 0.023574781 0.506295256 0.167204267 0.845666646
173387.363703856 -73.753490853 -115.945449691 -13.781869724 -0.000521076 0.499612870 0.192389884 0.844614019
173387.397037806 -74.327725792 -116.706165744 -13.916222500 -0.024765626 0.491530756 0.218361482 0.842675764
173387.430371755 -74.906093378 -117.469747441 -14.051198965 -0.050019023 0.481790477 0.245037094 0.839840971
173387.463705704 -75.488761837 -118.235853178 -14.186695275 -0.077750000 0.471365574 0.272401414 0.835204707
173387.497039653 -76.076408022 -119.004724823 -14.322888882 -0.109083951 0.459953611 0.299186589 0.828873182
173387.530373602 -76.669539114 -119.777443428 -14.460505742 -0.141177619 0.447794268 0.323280943 0.821607330
173387.563707552 -77.267478270 -120.553643686 -14.599892997 -0.172331445 0.435728435 0.344822440 0.813351147
173387.597041501 -77.869935378 -121.333257299 -14.741209695 -0.202168049 0.423644973 0.364329178 0.804311673
173387.630375450 -78.476928027 -122.116745573 -14.884739143 -0.229976489 0.412031563 0.382374691 0.794437160
173387.663709399 -79.088281607 -122.903974881 -15.030560407 -0.255495362 0.400709028 0.400058906 0.783649965
173387.697043348 -79.703769763 -123.694953191 -15.178386370 -0.278053947 0.389558043 0.417640214 0.772338776
173387.730377298 -80.323097453 -124.489604014 -15.328115832 -0.297702151 0.379015239 0.434842178 0.760679406
173387.763711247 -80.904791671 -125.355232703 -15.486241116 -0.315113303 0.368838298 0.451726407 0.748735714
173387.797045196 -81.530281244 -126.157056047 -15.639073964 -0.330654353 0.358456936 0.467515159 0.737296345
173387.830379145 -82.159009111 -126.962331854 -15.793292483 -0.346513813 0.348299627 0.482619877 0.725047310
173387.863713095 -82.790579655 -127.770783019 -15.948843760 -0.363567773 0.338082950 0.497452825 0.711378296
173387.897047044 -83.424668664 -128.582844415 -16.105445117 -0.382592254 0.328723743 0.510658545 0.696269860
173387.930380993 -84.061735582 -129.398369610 -16.263302935 -0.405310092 0.319126464 0.523445738 0.678149385
173387.963714942 -84.702188492 -130.218079021 -16.422231852 -0.431847920 0.307993011 0.535931873 0.656829283
173387.997048891 -85.345797309 -131.042167824 -16.581797705 -0.458869408 0.295689131 0.547419246 0.634301958
173388.030382841 -85.983796950 -131.583832278 -16.716620822 -0.483466843 0.282906282 0.557794441 0.612445271
173388.063716790 -86.629709174 -132.409122276 -16.875603799 -0.505596908 0.269333072 0.568840738 0.590128527
173388.097050739 -87.282043268 -133.242390896 -17.035509114 -0.524667734 0.253968707 0.581710782 0.567306118
173388.130384688 -87.936969674 -134.079605167 -17.195485619 -0.540682366 0.236285145 0.596478991 0.544099920
173388.163718637 -88.593908873 -134.921088237 -17.356067318 -0.554993792 0.217067760 0.612136193 0.519762214
173388.197052587 -89.252248334 -135.766901746 -17.517748821 -0.569171110 0.197581339 0.627025123 0.493807003
173388.230386536 -89.911592526 -136.616877844 -17.680687237 -0.584201900 0.178055659 0.639829517 0.466500280
173388.263720485 -90.571763571 -137.470802258 -17.844846345 -0.600411040 0.158925618 0.649663295 0.438391188
173388.297054434 -91.232640381 -138.328607987 -18.009888174 -0.617321311 0.140262037 0.656588811 0.410039136
173388.330388384 -91.894392168 -139.190100500 -18.175240730 -0.633439560 0.121417492 0.661830852 0.382089047
173388.363722333 -92.557603140 -140.055084290 -18.340683440 -0.647735815 0.102364415 0.666658792 0.354296338
173388.397056282 -92.466809319 -141.225573030 -18.685122772 -0.661124006 0.080379478 0.672030229 0.323773933
173388.430390231 -93.133070088 -142.107180333 -18.852675233 -0.671363530 0.063170974 0.675115756 0.299164093
173388.463724180 -93.795898366 -142.984880194 -19.018776582 -0.679793408 0.047641914 0.677096153 0.277762436
173388.497058130 -94.384600120 -143.948760744 -19.199645987 -0.687206670 0.033581261 0.677880928 0.259030384
173388.530392079 -94.848537030 -145.089393544 -19.406324730 -0.693642269 0.021363577 0.678198573 0.241765788
173388.563726028 -96.566005429 -144.311741831 -19.344772457 -0.697454822 0.019516156 0.677660094 0.232277177
173388.597059977 -97.243802787 -145.189613729 -19.511032304 -0.700587855 0.014172083 0.678365609 0.220897965
173388.630393926 -96.919728354 -145.612604095 -19.435084288 -0.702101451 0.009137080 0.680394922 0.209839978
173388.663727876 -97.589519191 -146.482142500 -19.599598328 -0.703362313 0.007058945 0.680728396 0.204549454
173388.697061825 -98.265445039 -147.357761819 -19.765588447 -0.704068597 0.005525056 0.680498422 0.202925557
173388.730395774 -98.943719704 -148.234741968 -19.931928760 -0.703584548 0.004196174 0.680501898 0.204617551
173388.763729723 -99.624310379 -149.113438658 -20.098594787 -0.702597431 0.003549265 0.680219157 0.208916611
173388.797063673 -100.307422513 -149.994073581 -20.265385454 -0.700793327 0.003814332 0.680069595 0.215359022
173388.830397622 -100.992953764 -150.876869120 -20.432332429 -0.698899636 0.005440820 0.679422698 0.223370756
173388.863731571 -101.681288604 -151.762147033 -20.599585928 -0.697697681 0.009207157 0.678082854 0.230947652
173388.897065520 -102.373157683 -152.649821222 -20.766608702 -0.695260889 0.012735927 0.678053240 0.238104799
173388.930399469 -103.068555550 -153.539518971 -20.933346579 -0.691531094 0.014821391 0.679153011 0.245593690
173388.963733419 -103.767552523 -154.431073859 -21.100440917 -0.687270479 0.015079838 0.681054515 0.252183734
173388.997067368 -104.470016534 -155.324360969 -21.268692623 -0.682351062 0.013967186 0.684170694 0.257123332
173389.030401317 -105.175512571 -156.218912136 -21.439172246 -0.676810881 0.012597904 0.688079687 0.261370749
173389.063735266 -105.884116137 -157.114362090 -21.612999094 -0.670251933 0.012055773 0.693069617 0.265087742
173389.097069215 -106.595924022 -158.010769015 -21.791206449 -0.663883099 0.011904346 0.698630064 0.266521201
173389.130403165 -107.310323965 -158.908216766 -21.974418051 -0.659308953 0.013428925 0.703500207 0.264988354
173389.163737114 -108.027150972 -159.806394248 -22.162351682 -0.657570813 0.014928881 0.705827318 0.263031464
173389.197071063 -108.745672056 -160.705131121 -22.354916492 -0.656699122 0.018369957 0.706066160 0.264347092
173389.230405012 -109.465868180 -161.605264340 -22.552348585 -0.657869693 0.024826514 0.704366480 0.265441090
173389.263738962 -110.186959798 -162.507262540 -22.753990049 -0.663909762 0.033560614 0.698015606 0.266217441
173389.297072911 -110.908869574 -163.411326017 -22.959029272 -0.674582884 0.042430628 0.686740385 0.267441989
173389.330406860 -111.632290559 -164.317831744 -23.167125209 -0.686584356 0.050389540 0.674328162 0.267103626
173389.363740809 -112.357597673 -165.227031393 -23.377673102 -0.698354257 0.057858545 0.662239652 0.265315592
173389.397074758 -113.085394775 -166.138576746 -23.589502982 -0.707395745 0.061194410 0.652584480 0.264537332
173389.430408708 -113.816310577 -167.052724067 -23.802086771 -0.711261346 0.060464703 0.648565799 0.264222864
173389.463742657 -114.549393811 -167.969862605 -24.015202365 -0.710734912 0.057736864 0.649207534 0.264673229
173389.497076606 -115.284352078 -168.890113443 -24.230010779 -0.709524062 0.055973837 0.650642023 0.264778196
173389.530410555 -116.020424368 -169.813169798 -24.446658404 -0.712639263 0.054690827 0.646880864 0.265893478
173389.563744504 -116.757685209 -170.739573029 -24.665443637 -0.722570662 0.059188136 0.635202308 0.266282613
173389.597078454 -117.496900394 -171.669388556 -24.885431788 -0.736360761 0.068791835 0.618091836 0.266463874
173389.630412403 -118.239726585 -172.602725030 -25.105205922 -0.747633146 0.081057174 0.603654842 0.264717292
173389.663746352 -118.987145631 -173.539147826 -25.323960543 -0.753940229 0.094858796 0.595156951 0.261465377
173389.697080301 -119.738766120 -174.478351643 -25.541078926 -0.757225587 0.106763255 0.589265053 0.260725364
173389.730414251 -120.494427419 -175.420424630 -25.756485071 -0.760137659 0.116949463 0.582774294 0.262464634
173389.763748200 -121.254227854 -176.365739444 -25.970090238 -0.763167554 0.126961164 0.574987653 0.266167890
173389.797082149 -122.018513550 -177.314260505 -26.181809743 -0.765934569 0.134261479 0.567446443 0.270781508
173389.830416098 -122.787865512 -178.265574890 -26.391402227 -0.767348072 0.137052991 0.562400160 0.275861332
173389.863750047 -123.562200129 -179.219746499 -26.599002153 -0.767720405 0.135798518 0.559628721 0.281033516
173389.897083997 -124.340679243 -180.177512680 -26.805059045 -0.769577152 0.133381618 0.555719836 0.284843492
173389.930417946 -125.122972640 -181.139255722 -27.009317493 -0.773861558 0.132575395 0.548752529 0.287110980
173389.963751895 -125.909323958 -182.105342695 -27.210477411 -0.779961217 0.133407677 0.539080758 0.288539128
173389.997085844 -126.700856677 -183.075982217 -27.406989197 -0.785424528 0.134875987 0.530634368 0.288693515
173390.030419793 -127.498737270 -184.050964973 -27.597510007 -0.788237180 0.133134009 0.526991067 0.288509789
173390.063753743 -128.303091507 -185.030316499 -27.782499342 -0.788286610 0.128941166 0.528433099 0.287640150
173390.097087692 -129.113426926 -186.013934339 -27.963194465 -0.787399300 0.123823346 0.531733472 0.286233533
173390.130421641 -129.929402045 -187.001333991 -28.140562915 -0.786510187 0.118841987 0.534582498 0.285481805
173390.163755590 -130.582091584 -188.376010152 -28.365160098 -0.785195300 0.113634724 0.537566944 0.285617350
173390.197089540 -131.407927473 -189.371567992 -28.536941334 -0.782057890 0.110659630 0.541602697 0.287761051
173390.230423489 -132.240366791 -190.371120794 -28.705566609 -0.776574127 0.108581699 0.548163280 0.290963329
173390.263757438 -133.601631614 -190.033007918 -28.666693394 -0.768065034 0.112283890 0.556254613 0.296730917
173390.297091387 -134.449431659 -191.033814004 -28.827655265 -0.758651736 0.111807806 0.566597431 0.301519335
173390.330425336 -135.473857274 -191.027615238 -28.791008892 -0.746691335 0.110783569 0.579855345 0.306507472
173390.363759286 -133.482217462 -193.321555305 -28.985139203 -0.734931455 0.097179162 0.599265040 0.302181036
173390.397093235 -134.314278236 -194.326263778 -29.137766050 -0.721629923 0.089311161 0.615396147 0.304238975
173390.430427184 -135.155602459 -195.343208369 -29.292766362 -0.707558687 0.079772092 0.633017103 0.303786875
173390.463761133 -135.772194038 -196.596274517 -29.501792174 -0.695235446 0.069613463 0.648376008 0.302341187
173390.497095082 -136.612993529 -197.622802900 -29.662531290 -0.687386941 0.061993627 0.656837538 0.303678171
173390.530429032 -135.811452862 -201.398461317 -30.388606705 -0.684623943 0.049519758 0.663337275 0.298029378
173390.563762981 -136.655108850 -202.463110908 -30.562181281 -0.678733625 0.045121612 0.669868797 0.297591164
173390.597096930 -137.371286804 -203.838589319 -30.830636574 -0.670413377 0.039409729 0.678259638 0.298256000
173390.630430879 -138.203656796 -204.896924091 -31.009392923 -0.661005813 0.033829269 0.686197858 0.301760492
173390.663764829 -138.698457513 -206.010528617 -31.229430080 -0.650260788 0.023900102 0.695051614 0.305766164
173390.697098778 -138.638192149 -207.958449634 -31.639413908 -0.640991984 0.010771465 0.703521051 0.306710584
173390.730432727 -139.448788007 -208.996855610 -31.820935675 -0.633127311 0.002623299 0.709791306 0.308770510
173390.763766676 -140.280688468 -210.071264061 -32.023040906 -0.627122028 -0.005054249 0.714536474 0.310048455
173390.797100625 -141.077296568 -211.079008378 -32.219250038 -0.623063510 -0.010700840 0.717613083 0.310980415
173390.830434575 -141.986028003 -212.058263168 -32.410481019 -0.621232712 -0.012927065 0.718326132 0.312906337
173390.863768524 -142.561522088 -213.271022124 -32.657332657 -0.622289316 -0.012368114 0.717038478 0.313781546
173390.897102473 -143.406011667 -214.349703184 -32.878948337 -0.626851374 -0.008177741 0.713010949 0.314015709
173390.930436422 -144.257018969 -215.432883305 -33.104239999 -0.632950357 -0.000966063 0.707964729 0.313303135
173390.963770371 -145.113874264 -216.517620472 -33.331633986 -0.637345014 0.006579473 0.704557668 0.312004065
173390.997104321 -145.977163160 -217.603442228 -33.560596687 -0.638473915 0.012792627 0.703703563 0.311430096
173391.030438270 -146.846000990 -218.690515460 -33.791038720 -0.638330904 0.018031093 0.702702455 0.313716108
173391.063772219 -147.719431296 -219.779671371 -34.022455158 -0.639711763 0.022339412 0.699029478 0.318790841
173391.097106168 -148.597935293 -220.871484049 -34.254550984 -0.641723837 0.025313962 0.694541812 0.324285971
173391.130440118 -149.481294674 -221.967009805 -34.487044681 -0.644281592 0.027301977 0.691280552 0.326016918
173391.163774067 -150.369199217 -223.066565214 -34.719608601 -0.647672858 0.028952589 0.689762627 0.322349398
173391.197108016 -151.260452848 -224.170330850 -34.951218697 -0.648837591 0.029076917 0.690354923 0.318707378
173391.230441965 -152.154212570 -225.278432676 -35.181323192 -0.649721516 0.026017028 0.690417413 0.317031326
173391.263775914 -153.050215063 -226.390917152 -35.410620660 -0.651250320 0.023303687 0.689021334 0.317142807
173391.297109864 -153.948030302 -227.508163541 -35.639400897 -0.654819238 0.022292233 0.685086481 0.318388655
173391.330443813 -154.848308902 -228.630628813 -35.867419816 -0.661524943 0.024423285 0.678473087 0.318531824
173391.363777762 -155.752666755 -229.757703352 -36.094076912 -0.669082909 0.029212063 0.671155405 0.317844518
173391.397111711 -156.662138441 -230.888732289 -36.318769261 -0.675616712 0.034557421 0.664301922 0.317884884
173391.430445660 -157.576698544 -232.023464230 -36.540542307 -0.680806501 0.039407404 0.657386518 0.320612742
173391.463779610 -158.496191004 -233.161634820 -36.759807561 -0.685414978 0.044822929 0.648800094 0.327499085
173391.497113559 -159.420933535 -234.303209502 -36.978399677 -0.689886987 0.052032800 0.640867135 0.332622682
173391.530447508 -160.350454145 -235.447860943 -37.196934853 -0.693599549 0.059675561 0.633327609 0.338015728
173391.563781457 -161.284682001 -236.595613154 -37.416090659 -0.697627953 0.065332463 0.626341997 0.341676180
173391.597115407 -162.223942102 -237.746248350 -37.636649797 -0.701158214 0.068590022 0.622540027 0.340758686
173391.630449356 -165.694411582 -236.207098033 -37.341259433 -0.700478878 0.077047363 0.618108046 0.348332439
173391.663783305 -165.456708084 -238.655361634 -37.782792394 -0.702600268 0.068107351 0.616418505 0.348916148
173391.697117254 -166.398439003 -239.791572267 -38.007052872 -0.717721952 0.053257107 0.587926226 0.369298840
173391.730451203 -167.345734512 -240.938231001 -38.241051505 -0.740999083 0.050996340 0.547068697 0.386051258
173391.763785153 -168.295466589 -242.086056099 -38.480347772 -0.761683672 0.050648002 0.510358889 0.395988090
173391.797119102 -169.250659472 -243.234696113 -38.723336123 -0.770600922 0.042102336 0.492108038 0.402779457
173391.830453051 -170.212283678 -244.384606335 -38.970688751 -0.770233525 0.026982738 0.494777764 0.401506180
173391.863787000 -171.176658778 -245.537857075 -39.222994415 -0.764118994 0.006882305 0.505324929 0.400900878
173391.897120949 -172.140743850 -246.695281457 -39.482683208 -0.759617693 -0.004558718 0.516645328 0.395016180
173391.930454899 -173.103266253 -247.856809309 -39.749511131 -0.759753336 -0.002554400 0.521958583 0.387721009
173391.963788848 -174.064849248 -249.021980233 -40.021301719 -0.763674723 0.009400486 0.520013567 0.382489788
173391.997122797 -175.027188273 -250.190412149 -40.295576768 -0.765353772 0.020398987 0.516652545 0.383259224
173392.030456746 -175.991844596 -251.362047968 -40.571481240 -0.761946375 0.023884409 0.517523443 0.388634460
173392.063790696 -176.959348887 -252.537087260 -40.849940544 -0.754529521 0.021767190 0.524539973 0.393788279
173392.097124645 -177.929510906 -253.715935021 -41.132021515 -0.746359875 0.015776165 0.533787433 0.397201492
173392.130458594 -178.902049493 -254.898067365 -41.418264549 -0.739248841 0.010859548 0.541722376 0.399912600
173392.163792543 -179.877291603 -256.082891011 -41.709407463 -0.735412723 0.008913326 0.546189765 0.400955634
173392.197126492 -180.855221930 -257.269965479 -42.004587416 -0.735419475 0.012032774 0.543799092 0.404098943
173392.230460442 -181.837290326 -258.458883033 -42.302886533 -0.739578751 0.019286475 0.536311934 0.406227538
173392.263794391 -182.824545623 -259.650502156 -42.603687845 -0.745317128 0.033361677 0.528454305 0.405123962
173392.297128340 -183.817370034 -260.845817441 -42.904442784 -0.750571154 0.050127658 0.521223330 0.403058805
173392.330462289 -184.816325077 -262.045815550 -43.202911855 -0.753824242 0.065661625 0.515667601 0.401901092
173392.363796238 -185.822045041 -263.251150883 -43.497860657 -0.755548975 0.079689083 0.513120594 0.399377831
173392.397130188 -186.834644873 -264.461594343 -43.788026938 -0.755382544 0.090332975 0.512138730 0.398686702
173392.430464137 -187.853919433 -265.677159903 -44.073888608 -0.755396123 0.098260517 0.510457853 0.398941535
173392.463798086 -189.550263154 -266.298556590 -44.255390102 -0.756552479 0.108862046 0.507847166 0.397326889
173392.497132035 -190.589115751 -267.520975603 -44.535007523 -0.757440719 0.113876928 0.510203765 0.391162014
173392.530465985 -191.634845041 -268.746472208 -44.812323988 -0.755539046 0.113507574 0.520411472 0.381377347
173392.563799934 -192.686924894 -269.976650044 -45.088633536 -0.751387952 0.108135409 0.533547592 0.372893881
173392.597133883 -193.744085311 -271.211709626 -45.365310471 -0.745973488 0.097956897 0.546860574 0.367248573
173392.630467832 -194.805724311 -272.451548637 -45.644211999 -0.740456497 0.083865893 0.560438202 0.361385818
173392.663801781 -196.403878401 -273.126232523 -45.816861828 -0.736611395 0.071373156 0.573471425 0.351340362
173392.697135731 -197.473848723 -274.370271057 -46.103346393 -0.736901054 0.059449550 0.586486674 0.330871529
173392.730469680 -197.541327295 -276.100620194 -46.387583229 -0.740917741 0.047046024 0.598498340 0.301043701
173392.763803629 -198.621499014 -277.368032321 -46.684151361 -0.747321823 0.038362107 0.606537792 0.268608168
173392.797137578 -199.700234041 -278.634253530 -46.981897774 -0.755712832 0.028614278 0.611770296 0.231983714
173392.830471527 -200.373263186 -280.410632896 -47.384551022 -0.765384686 0.017319498 0.614455552 0.190606118
173392.863805477 -201.458820412 -281.691786049 -47.686931718 -0.776171384 0.006473007 0.612586808 0.149176019
173392.897139426 -202.668721836 -283.144130559 -48.026436206 -0.787149041 -0.003422053 0.607614206 0.105781158
173392.930473375 -204.124922573 -284.028070662 -48.252988460 -0.795747257 -0.013502868 0.601764320 0.066960278
173392.963807324 -205.220896366 -285.314787287 -48.554328743 -0.801309445 -0.028310977 0.596559819 0.034900486
173392.997141274 -202.541670796 -290.079876689 -49.420430153 0.804806081 0.054026062 -0.591072134 0.001445526
173393.030475223 -203.625113024 -291.393891612 -49.724413521 0.806416337 0.069299339 -0.586699467 0.025962060
173393.063809172 -205.105955770 -291.128170042 -49.572795294 0.806361288 0.082293882 -0.583854723 0.046074427
173393.097143121 -206.198368783 -292.441599765 -49.876200678 0.805839377 0.099360200 -0.579629571 0.069137618
173393.130477070 -207.294138683 -293.759821650 -50.181303727 0.805614605 0.117850393 -0.572966130 0.093841390
173393.163811020 -208.392068492 -295.081775156 -50.488024467 0.805613165 0.137139841 -0.563477077 0.121134951
173393.197144969 -209.110164211 -296.738403429 -50.858251486 0.805839830 0.158492721 -0.550294555 0.150592588
173393.230478918 -210.214130364 -298.072624696 -51.168688471 0.805252935 0.178909151 -0.536034374 0.179517061
173393.263812867 -211.318144288 -299.406209422 -51.479467483 0.803990252 0.198611600 -0.520656130 0.207533854
173393.297146816 -212.425367100 -300.742638800 -51.790981744 0.801471507 0.218112717 -0.504664861 0.235337299
173393.330480766 -213.536084268 -302.081763034 -52.103455214 0.798837281 0.234642571 -0.488545055 0.261008796
173393.363814715 -214.650894994 -303.423238685 -52.416576889 0.795427237 0.249940289 -0.473929474 0.283224676
173393.397148664 -215.769976772 -304.767076535 -52.730394868 0.792359947 0.262760925 -0.460365717 0.301969894
173393.430482613 -216.893784788 -306.113304899 -53.045019624 0.788825568 0.273523429 -0.449965291 0.316970652
173393.463816563 -218.022620012 -307.461688829 -53.360636594 0.785418758 0.282491584 -0.442609491 0.327738795
173393.497150512 -219.156658597 -308.812124721 -53.677396903 0.782445828 0.290054787 -0.438270889 0.334014035
173393.530484461 -220.295954125 -310.164583452 -53.995164325 0.780156016 0.295905878 -0.437198682 0.335639113
173393.563818410 -221.440964840 -311.518732269 -54.313491321 0.778901726 0.299825450 -0.440360423 0.330907085
173393.597152359 -222.592027257 -312.874382609 -54.632037208 0.778173625 0.301462792 -0.448856621 0.319521092
173393.630486309 -223.749273505 -314.231241563 -54.950632032 0.777228078 0.300807193 -0.462618896 0.302349639
173393.663820258 -224.912947732 -315.588281780 -55.269073625 0.775879535 0.299495873 -0.481216669 0.277026510
173393.697154207 -226.082184103 -316.944895936 -55.587109212 0.774556486 0.297703543 -0.503361840 0.240959974
173393.730488156 -227.255300602 -318.301604086 -55.905043283 0.773527425 0.292079829 -0.525753372 0.199820141
173393.763822105 -228.431493117 -319.658291396 -56.223270481 0.773062631 0.282062281 -0.546384280 0.155818020
173393.797156055 -229.610142094 -321.014999134 -56.542149839 0.772841470 0.268470529 -0.564414449 0.109890705
173393.830490004 -230.790754145 -322.372050742 -56.861510855 0.772557879 0.252981210 -0.578862195 0.063823112
173393.863823953 -230.150780851 -324.876388314 -57.313208195 0.771006837 0.237822784 -0.590321772 0.022560746
173393.897157902 -231.325357594 -326.243091738 -57.634417957 -0.770203509 -0.215144058 0.600105744 0.019305053
173393.930491852 -232.502636604 -327.614342709 -57.956050663 -0.767706012 -0.192158941 0.608456928 0.059013457
173393.963825801 -233.814041951 -328.792154386 -58.236590453 -0.762269235 -0.169169461 0.617346609 0.095971198
173393.997159750 -234.998417282 -330.175000222 -58.560525283 -0.754779762 -0.146083758 0.626509948 0.128266644
173394.030493699 -236.184065671 -331.562272655 -58.885868591 -0.745548957 -0.124646654 0.635317222 0.158088556
173394.063827648 -237.372518589 -332.956331380 -59.213803863 -0.736677674 -0.104103076 0.641686549 0.186297953
173394.097161598 -238.563812243 -334.357523734 -59.544874545 -0.730223610 -0.085089786 0.643766136 0.212363768
173394.130495547 -239.758635827 -335.765978445 -59.879587736 -0.725897023 -0.068371825 0.643068570 0.234225575
173394.163829496 -240.958301097 -337.181392811 -60.218000987 -0.723458653 -0.057167389 0.640259334 0.251808363
173394.197163445 -242.164194560 -338.603320563 -60.559506456 -0.721488292 -0.055440931 0.636828836 0.266139028
173394.230497394 -243.374583984 -340.031070120 -60.903638457 -0.718228208 -0.055240827 0.634355203 0.280517679
173394.263831344 -244.586961398 -341.464074930 -61.251306869 -0.712441694 -0.046213869 0.634629787 0.295865077
173394.297165293 -245.801956785 -342.902012534 -61.603854489 -0.704342430 -0.027025304 0.639846267 0.306215820
173394.330499242 -247.019877009 -344.344589156 -61.960371814 -0.693450741 -0.002890857 0.648911855 0.313099213
173394.363833191 -248.240651436 -345.792190945 -62.319831443 -0.682730632 0.021639946 0.656994910 0.319011418
173394.397167141 -249.466635779 -347.245550697 -62.682451306 -0.671093629 0.046130227 0.665989003 0.322434476
173394.430501090 -250.698029232 -348.703774356 -63.045310916 -0.665943149 0.058660895 0.666142931 0.330654226
173394.463835039 -251.933323565 -350.167119312 -63.408453829 -0.667921916 0.062868938 0.658223897 0.341568606
173394.497168988 -253.171284466 -351.634958620 -63.773578177 -0.670066948 0.068839665 0.650323657 0.351212936
173394.530502937 -254.412798901 -353.107688073 -64.141725963 -0.667353232 0.085405339 0.648107476 0.356794466
173394.563836887 -255.661398146 -354.584732206 -64.510731815 -0.665838633 0.097074107 0.646796761 0.359011815
173394.597170836 -256.918059910 -356.065623372 -64.879854816 -0.666808645 0.098914664 0.646660970 0.356947770
173394.630504785 -258.179975319 -357.550750438 -65.249150629 -0.666535986 0.099729420 0.645856856 0.358681953
173394.663838734 -259.446965364 -359.040134529 -65.618059419 -0.664845505 0.097618447 0.644928247 0.364031111
173394.697172683 -260.719499459 -360.533438768 -65.986976113 -0.661165597 0.092298360 0.647432717 0.367657372
173394.730506633 -261.997321396 -362.030742487 -66.356817373 -0.656473775 0.087067478 0.653055523 0.367396136
173394.763840582 -263.280586976 -363.531850292 -66.727654959 -0.650453863 0.080360347 0.660999605 0.365419636
173394.797174531 -264.569033971 -365.036943457 -67.098902302 -0.641911381 0.072288488 0.670338950 0.365198365
173394.830508480 -265.862917837 -366.545634199 -67.471421115 -0.631663380 0.065262172 0.679425676 0.367590771
173394.863842430 -267.161034149 -368.056930511 -67.845831386 -0.620549920 0.059898414 0.685744578 0.375611968
173394.897176379 -268.462295786 -369.571517754 -68.222895969 -0.612821035 0.053245712 0.687564183 0.385837746
173394.930510328 -269.766938512 -371.090207295 -68.603474467 -0.608980472 0.044630241 0.687851877 0.392441998
173394.963844277 -271.075274446 -372.612208324 -68.986543628 -0.602411672 0.034466845 0.690273784 0.399292270
173394.997178226 -272.387036207 -374.137138218 -69.371469144 -0.590296742 0.017999553 0.696373846 0.407785776
173395.030512176 -273.701331644 -375.665665965 -69.759793362 -0.579702172 -0.003238649 0.701675921 0.414229170
173395.063846125 -275.017947179 -377.198319601 -70.152648184 -0.576467860 -0.020442898 0.701013503 0.419341105
173395.097180074 -276.336976911 -378.735923484 -70.550592316 -0.584024981 -0.022462421 0.693885573 0.420634131
173395.130514023 -277.659547571 -380.279179223 -70.952365095 -0.597061180 -0.018158493 0.685372714 0.416476241
173395.163847972 -278.986972307 -381.828586514 -71.357738020 -0.610372830 -0.014218829 0.678933405 0.407789485
173395.197181922 -280.319700692 -383.384077639 -71.766387556 -0.620708721 -0.011071825 0.676532939 0.396107663
173395.230515871 -281.657742836 -384.945906067 -72.178258596 -0.629001954 -0.012321054 0.674537411 0.386269356
173395.263849820 -283.000780555 -386.512988168 -72.592705528 -0.638972815 -0.010100528 0.670181669 0.377449667
173395.297183769 -284.349545220 -388.083177446 -73.007870566 -0.643822590 -0.006533866 0.666705001 0.375438707
173395.330517719 -285.703898151 -389.658260275 -73.424786917 -0.647133732 -0.006719816 0.663559803 0.375314753
173395.363851668 -287.063723582 -391.239761099 -73.844129737 -0.652247069 -0.009060230 0.659190705 0.374111330
173395.397185617 -288.428990272 -392.827462160 -74.265289073 -0.655501562 -0.012683841 0.656851027 0.372429256
173395.430519566 -289.799681917 -394.420676915 -74.688038071 -0.653416269 -0.018368806 0.660035000 0.370220968
173395.463853515 -291.174976450 -396.018980710 -75.112652849 -0.646929350 -0.024631999 0.666433985 0.369785646
173395.497187465 -292.553777368 -397.622189372 -75.539585809 -0.639212777 -0.031758552 0.672699231 0.371314104
173395.530521414 -293.935092182 -399.230027419 -75.969409940 -0.633765009 -0.037440848 0.676051487 0.374024709
173395.563855363 -295.318813321 -400.842208042 -76.402018880 -0.633409945 -0.039813384 0.675459039 0.375448828
173395.597189312 -296.705712064 -402.458601396 -76.836596290 -0.635727174 -0.039895603 0.672989722 0.375957624
173395.630523261 -298.095974562 -404.078431418 -77.272498924 -0.638365518 -0.040849697 0.670137590 0.376478922
173395.663857211 -299.489670637 -405.701721765 -77.709228799 -0.640117232 -0.042759202 0.667932324 0.377210804
173395.697191160 -300.887182552 -407.328564286 -78.146804723 -0.641696647 -0.043311505 0.667452099 0.375309502
173395.730525109 -302.288218976 -408.958440723 -78.584558999 -0.642500713 -0.044189802 0.667505898 0.373732487
173395.763859058 -303.692629062 -410.591529600 -79.022613856 -0.643472600 -0.044477547 0.667562358 0.371921038
173395.797193008 -305.100414214 -412.227251805 -79.460812260 -0.645241046 -0.041663276 0.667383306 0.369496531
173395.830526957 -306.511613300 -413.865268124 -79.898863006 -0.647630912 -0.036527119 0.666951249 0.366627881
173395.863860906 -307.926127241 -415.505549952 -80.337015437 -0.651530925 -0.029019332 0.665516519 0.362978093
173395.897194855 -309.343991161 -417.147782281 -80.774967878 -0.656514371 -0.019233239 0.662887569 0.359442671
173395.930528804 -310.765544717 -418.791985095 -81.212492807 -0.660741052 -0.008964086 0.660372261 0.356720318
173395.963862754 -312.190892928 -420.438064150 -81.649668391 -0.663163774 0.000824389 0.659117045 0.354651731
173395.997196703 -313.620090575 -422.085981653 -82.086620276 -0.664032465 0.009160837 0.659184396 0.352778820
173396.030530652 -315.053207814 -423.735921809 -82.523693115 -0.664025487 0.016640904 0.660176017 0.350657753
173396.063864601 -316.490188068 -425.387983724 -82.960978492 -0.663753430 0.023485680 0.661190329 0.348865526
173396.097198550 -317.931006614 -427.042457461 -83.398596704 -0.662910757 0.028764287 0.662310655 0.347946174
173396.130532500 -319.375516640 -428.699469870 -83.836794752 -0.661874471 0.032191818 0.663384929 0.347572018
173396.163866449 -320.823478566 -430.359148546 -84.275769121 -0.660995135 0.034714053 0.663890377 0.348037259
173396.197200398 -322.274774716 -432.021770750 -84.715725275 -0.661317251 0.037222143 0.662798066 0.349245944
173396.230534347 -323.729319379 -433.687724407 -85.156712312 -0.662116579 0.040120179 0.660224306 0.352272442
173396.263868297 -325.187353726 -435.357286504 -85.598754614 -0.662601967 0.042017620 0.657110615 0.356929674
173396.297202246 -326.649217024 -437.030685081 -86.041786004 -0.662084109 0.042860900 0.654258933 0.362977719
173396.330536195 -328.114989509 -438.708173855 -86.485952691 -0.660402504 0.043172130 0.652058936 0.369897072
173396.363870144 -329.584665249 -440.389867755 -86.931437717 -0.658678799 0.042956705 0.649476270 0.377461965
173396.397204093 -331.058375341 -442.075960573 -87.378514783 -0.657138843 0.043107819 0.646439189 0.385261770
173396.430538043 -332.536299702 -443.766742642 -87.827356777 -0.655069812 0.043731765 0.643772647 0.393100309
173396.463871992 -334.018846344 -445.462421136 -88.277953022 -0.652107138 0.043851274 0.641525826 0.401594275
173396.497205941 -335.505941591 -447.163323577 -88.730103615 -0.647617177 0.042773430 0.639398182 0.412228566
173396.530539890 -336.997896950 -448.870012909 -89.184098220 -0.642413747 0.039946338 0.637027990 0.424151161
173396.563873840 -338.495037659 -450.582856285 -89.640524594 -0.637657198 0.036583983 0.633698933 0.436440799
173396.597207789 -339.997272087 -452.302120258 -90.099694828 -0.634495889 0.033097362 0.628792182 0.448263231
173396.630541738 -341.504452433 -454.027918256 -90.562025998 -0.633066860 0.030681884 0.622321970 0.459347731
173396.663875687 -343.017151974 -455.760339221 -91.028430671 -0.633002642 0.029859798 0.615728073 0.468289427
173396.697209636 -344.535629175 -457.499388391 -91.498271109 -0.632478293 0.028235395 0.610204572 0.476260802
173396.730543586 -346.060463835 -459.245033793 -91.971126540 -0.629615673 0.025029302 0.608571331 0.482284742
173396.763877535 -347.591689461 -460.997238657 -92.447147380 -0.623482781 0.021528968 0.612239887 0.485765422
173396.797211484 -349.128832955 -462.755162592 -92.926481353 -0.618529535 0.018912706 0.617244288 0.485873453
173396.830545433 -350.671695031 -464.518348137 -93.409191754 -0.611541997 0.017524037 0.624310237 0.485742753
173396.863879382 -352.220212131 -466.286276514 -93.895426992 -0.600263503 0.015086648 0.633037003 0.488590087
173396.897213332 -353.774127516 -468.058775404 -94.385340021 -0.588171955 0.012205130 0.641121633 0.492816230
