# timestamp tx ty tz qx qy qz qw
173373.396779135 0.001598205 0.002954514 0.000991630 0.528151747 -0.518450737 -0.439630007 0.508910623
173373.430113085 0.001548378 0.002653443 0.000620163 0.527561948 -0.517066637 -0.442426158 0.508507206
173373.463447034 0.001593497 0.002108978 -0.000645438 0.519512794 -0.511200533 -0.452708900 0.513648833
173373.496780983 0.001565835 0.001867457 -0.001642673 0.506695464 -0.502503568 -0.466910581 0.522249347
173373.530114932 0.001206323 0.001494517 -0.002854998 0.490042733 -0.488454604 -0.489131724 0.531055907
173373.563448882 0.000015201 0.001103023 -0.003661100 0.462994508 -0.469790433 -0.518656429 0.543993147
173373.596782831 -0.003648227 0.001261637 -0.003079076 0.424357768 -0.442323927 -0.545204643 0.571858309
173373.630116780 -0.013013778 0.002368022 -0.000552710 0.363871757 -0.401516479 -0.572811584 0.615035569
173373.663450729 -0.029281599 0.005207933 0.005808982 0.285116910 -0.346161906 -0.589561999 0.671786374
173373.696784678 -0.022750113 0.150466609 0.019210164 0.187102033 -0.296523961 -0.591565423 0.726028043
173373.730118628 -0.038204448 0.171628684 0.037258494 0.130670963 -0.251485202 -0.602830992 0.745838513
173373.763452577 -0.050897270 0.199507858 0.060458568 0.102619232 -0.229728241 -0.628045388 0.736378448
173373.796786526 -0.057942673 0.231060476 0.084545230 0.109752323 -0.240929937 -0.666898421 0.696529748
173373.830120475 0.095447851 0.220226482 0.115743138 0.136841487 -0.261495115 -0.713723387 0.635211492
173373.863454424 0.108874869 0.244820443 0.136907893 0.179310104 -0.302751445 -0.742910244 0.569450453
173373.896788374 0.133808424 0.277683780 0.164872364 0.230128272 -0.354376873 -0.759380691 0.494771641
173373.930122323 0.133772212 0.312237390 0.202093434 0.277219606 -0.402920706 -0.752816188 0.440536016
173373.963456272 0.130837740 0.317778513 0.244828168 0.311988340 -0.437574008 -0.730704724 0.421025973
173373.996790221 0.138827469 0.338322937 0.281643226 0.326097040 -0.466335472 -0.694301629 0.440610027
173374.030124171 0.137965028 0.366630314 0.317551773 0.322601998 -0.489876961 -0.650884268 0.481973219
173374.063458120 0.131291364 0.384311656 0.348846771 0.304190721 -0.500805690 -0.606777304 0.537106106
173374.096792069 0.103807429 0.382770332 0.383067563 0.278444615 -0.511499812 -0.561661263 0.587684578
173374.130126018 0.065893546 0.381200716 0.410525490 0.261920988 -0.514554533 -0.529516178 0.621485033
173374.163459967 0.039617087 0.402288696 0.421309120 0.262867996 -0.518870860 -0.515555787 0.629186521
173374.196793917 0.013085625 0.423223245 0.427370276 0.285620916 -0.518778345 -0.524696156 0.611542039
173374.230127866 -0.011568438 0.452794623 0.431531012 0.315858938 -0.515569743 -0.545856281 0.580053352
173374.263461815 -0.035140295 0.476412133 0.420066413 0.338971843 -0.503543411 -0.571050586 0.552669296
173374.296795764 -0.062174456 0.504569458 0.413773958 0.353081714 -0.482332005 -0.590774096 0.541917989
173374.330129713 -0.212999378 0.459670270 0.414478874 0.368339804 -0.467973055 -0.611765369 0.520643968
173374.363463663 -0.338622956 0.370849946 0.387666267 0.365489186 -0.423692515 -0.622005787 0.547732698
173374.396797612 -0.390466659 0.377784244 0.368248345 0.374877727 -0.395080450 -0.634449972 0.548499190
173374.430131561 -0.431569919 0.379041665 0.337510674 0.390611616 -0.372990696 -0.652948086 0.530998402
173374.463465510 -0.474685156 0.388983417 0.317587344 0.404000747 -0.347023098 -0.683318929 0.499433286
173374.496799460 -0.507326513 0.402708256 0.291898548 0.403771871 -0.326822760 -0.721065315 0.458497515
173374.530133409 -0.528874608 0.420046620 0.265100149 0.384438731 -0.309823735 -0.749413658 0.441129556
173374.563467358 -0.555298491 0.434769887 0.255355372 0.362688381 -0.294969853 -0.748902848 0.469674831
173374.596801307 -0.570155353 0.444670364 0.245238519 0.364966014 -0.280137662 -0.726761217 0.510040030
173374.630135256 -0.585692716 0.453220324 0.234966929 0.376658088 -0.273816009 -0.714001393 0.522834092
173374.663469206 -0.591188881 0.473605721 0.229492545 0.392714718 -0.275633998 -0.718446475 0.503622589
173374.696803155 -0.600629532 0.481926897 0.224427477 0.413175098 -0.277453174 -0.721026846 0.482106173
173374.730137104 -0.616784737 0.474167579 0.221582776 0.434113073 -0.280599627 -0.719591812 0.463678027
173374.763471053 -0.632900350 0.464310217 0.226491272 0.450436408 -0.287881712 -0.724237518 0.435558469
173374.796805002 -0.646076773 0.457377017 0.227783889 0.470419734 -0.294850593 -0.716950773 0.421604070
173374.830138952 -0.649003422 0.453228300 0.227113353 0.499586400 -0.301637571 -0.688426374 0.430694013
173374.863472901 -0.650162154 0.451559825 0.224513664 0.526730071 -0.305406533 -0.670371687 0.424127437
173374.896806850 -0.645561506 0.454301619 0.220489986 0.547058931 -0.311627441 -0.652458261 0.421797441
173374.930140799 -0.641472350 0.453825816 0.217898386 0.564268807 -0.315496287 -0.637027527 0.419831796
173374.963474749 -0.634187625 0.450949820 0.217546871 0.581724664 -0.319974018 -0.625655988 0.409594467
173374.996808698 -0.624292743 0.447734895 0.219124227 0.600285123 -0.328618427 -0.617635012 0.387549600
173375.030142647 -0.612891063 0.444227815 0.223298895 0.617750362 -0.345478854 -0.610744001 0.354993825
173375.063476596 -0.601798247 0.437030890 0.229299532 0.631477380 -0.364391259 -0.603953454 0.322017941
173375.096810545 -0.590367386 0.429381123 0.234989260 0.642591959 -0.387267731 -0.591093530 0.296154889
173375.130144495 -0.579463390 0.421792251 0.241758511 0.650617274 -0.410890180 -0.577534829 0.272616845
173375.163478444 -0.567944088 0.413963886 0.249274559 0.656224229 -0.434639873 -0.562997926 0.251974756
173375.196812393 -0.556939295 0.407924871 0.255811369 0.660931955 -0.455595199 -0.546466125 0.238698010
173375.230146342 -0.546005216 0.405224391 0.261117305 0.664034400 -0.457990372 -0.541329476 0.237203568
173375.263480291 -0.533012543 0.405679360 0.264097485 0.670601565 -0.449394943 -0.537363234 0.244087034
173375.296814241 -0.518785826 0.407217698 0.267811229 0.679188894 -0.443470749 -0.526843756 0.253912972
173375.330148190 -0.503565185 0.408529210 0.270171580 0.685923239 -0.444953468 -0.509702660 0.267822553
173375.363482139 -0.488620728 0.409791606 0.271103020 0.685325459 -0.452743446 -0.494438956 0.284398499
173375.396816088 -0.473631619 0.409811206 0.273054026 0.678336965 -0.469826190 -0.477405464 0.302003868
173375.430150038 -0.457992345 0.409674619 0.274280081 0.666107735 -0.491418019 -0.460163613 0.321026893
173375.463483987 -0.442861459 0.408994426 0.277088412 0.648748699 -0.522231136 -0.439033538 0.337119146
173375.496817936 -0.429497319 0.409364969 0.282414057 0.630805671 -0.551397588 -0.417177860 0.352147041
173375.530151885 -0.419483991 0.411095397 0.289797473 0.619558818 -0.564921103 -0.406716955 0.362756580
173375.563485834 -0.412130754 0.414036428 0.299455113 0.611825771 -0.566439623 -0.409236397 0.370595400
173375.596819784 -0.407307467 0.418833074 0.309633383 0.601609716 -0.560823787 -0.418653193 0.385060949
173375.630153733 -0.405576081 0.422491857 0.321971350 0.589252807 -0.552839064 -0.431824745 0.400845966
173375.663487682 -0.406017837 0.426455728 0.338001729 0.580834528 -0.542401551 -0.447154453 0.410468884
173375.696821631 -0.409489364 0.429929587 0.357071324 0.576757186 -0.531585251 -0.460647944 0.415417550
173375.730155580 -0.413701967 0.432122059 0.378926696 0.575140007 -0.526301980 -0.467287417 0.416968425
173375.763489530 -0.418567751 0.432772114 0.403342085 0.577040618 -0.526725121 -0.467077037 0.414033590
173375.796823479 -0.423676847 0.431670261 0.428786852 0.581916992 -0.530712181 -0.463426259 0.406144429
173375.830157428 -0.429386405 0.428893899 0.453972996 0.589849211 -0.537960030 -0.454771632 0.394790676
173375.863491377 -0.435689924 0.425768522 0.477816724 0.599983256 -0.545046437 -0.443624134 0.382285367
173375.896825327 -0.441269195 0.422770468 0.500146678 0.610408370 -0.549582668 -0.432744971 0.371607729
173375.930159276 -0.448296220 0.418722723 0.519425371 0.620488037 -0.551504450 -0.423503666 0.362604582
173375.963493225 -0.456752355 0.413573045 0.536552454 0.628330679 -0.554009233 -0.414897601 0.355153921
173375.996827174 -0.465069130 0.408020876 0.552700267 0.634347376 -0.561560719 -0.402192227 0.347123001
173376.030161123 -0.474215845 0.400597091 0.567564553 0.639122666 -0.572734887 -0.386849714 0.337408159
173376.063495073 -0.483187113 0.391873287 0.580267205 0.641999811 -0.583365065 -0.372730009 0.329535709
173376.096829022 -0.491235239 0.382845406 0.589833112 0.643436060 -0.589559142 -0.363989783 0.325455824
173376.130162971 -0.498371263 0.373334651 0.597541585 0.643950532 -0.593577810 -0.360684792 0.320779639
173376.163496920 -0.503326123 0.363306631 0.605280267 0.644752342 -0.599582681 -0.355328990 0.313904978
173376.196830869 -0.507384854 0.354461871 0.612811973 0.645798394 -0.606102281 -0.347684190 0.307733915
173376.230164819 -0.509983393 0.347117047 0.619864874 0.649992457 -0.608777576 -0.339398955 0.302833317
173376.263498768 -0.510938718 0.342595855 0.624779966 0.656815346 -0.603735036 -0.332955376 0.305349514
173376.296832717 -0.510304412 0.341740351 0.626877725 0.662622377 -0.591711743 -0.330528553 0.318684287
173376.330166666 -0.508202323 0.343131979 0.627336962 0.665938887 -0.578079745 -0.330406931 0.336423046
173376.363500616 -0.505401412 0.346233244 0.627192166 0.666394901 -0.567798679 -0.329545763 0.353443188
173376.396834565 -0.501309424 0.350726185 0.627643052 0.665889018 -0.561856158 -0.327140642 0.365907739
173376.430168514 -0.494156533 0.356414251 0.627710804 0.663317942 -0.559235206 -0.324823391 0.376503727
173376.463502463 -0.486375717 0.362947668 0.626962384 0.656876539 -0.559338328 -0.323169136 0.388864445
173376.496836412 -0.476223304 0.369780136 0.626920749 0.649806160 -0.562810482 -0.322968793 0.395837686
173376.530170362 -0.463436501 0.376694118 0.627935679 0.642420614 -0.569312926 -0.321947395 0.399410092
173376.563504311 -0.447634474 0.383583431 0.628833249 0.634210084 -0.575126833 -0.321491258 0.404536855
173376.596838260 -0.430016470 0.390761520 0.628417147 0.624661694 -0.578175113 -0.326440866 0.411032441
173376.630172209 -0.409442644 0.396400655 0.627769538 0.616005758 -0.576709053 -0.336632715 0.417877959
173376.663506158 -0.386282911 0.403708760 0.628175496 0.612467226 -0.573597873 -0.344271460 0.421125326
173376.696840108 -0.361188352 0.411263434 0.629920232 0.610881917 -0.573218826 -0.346916486 0.421772940
173376.730174057 -0.335380766 0.418069354 0.632165498 0.607294278 -0.578406178 -0.346803411 0.419961125
173376.763508006 -0.309532919 0.424852663 0.634524617 0.603202866 -0.586549559 -0.344192458 0.416698295
173376.796841955 -0.283634245 0.430940512 0.636183724 0.598951562 -0.595369693 -0.341340828 0.412648026
173376.830175905 -0.259180539 0.436776128 0.636564515 0.596530906 -0.599921887 -0.341574672 0.409354798
173376.863509854 -0.235774172 0.440750087 0.635855729 0.594206548 -0.603152647 -0.343473482 0.406388275
173376.896843803 -0.215075558 0.443536372 0.634761146 0.589902420 -0.609157286 -0.344631108 0.402705766
173376.930177752 -0.198160088 0.444950988 0.632778206 0.583487785 -0.617097249 -0.346566563 0.398277049
173376.963511701 -0.185069886 0.445585605 0.629113669 0.575278068 -0.623647735 -0.352966236 0.394377335
173376.996845651 -0.175885261 0.446135180 0.623896751 0.566406611 -0.627465627 -0.364286867 0.390852295
173377.030179600 -0.169678444 0.447460242 0.618546484 0.558216500 -0.630613592 -0.376094787 0.386359352
173377.063513549 -0.167648713 0.449883192 0.613161791 0.551647163 -0.633060682 -0.386047526 0.381951421
173377.096847498 -0.169411192 0.452305084 0.608383465 0.546590641 -0.633932656 -0.394821715 0.378792650
173377.130181447 -0.174563267 0.456028226 0.604099333 0.542614884 -0.633592605 -0.402712642 0.376765213
173377.163515397 -0.184343122 0.461071742 0.600092865 0.541720392 -0.630019175 -0.409057417 0.377209339
173377.196849346 -0.198304020 0.467441769 0.596439432 0.541985224 -0.625623513 -0.412353525 0.380541465
173377.230183295 -0.217308817 0.474702703 0.590780496 0.541132017 -0.620913086 -0.414544396 0.387034912
173377.263517244 -0.241039617 0.482016479 0.582814137 0.538104787 -0.615706046 -0.420577651 0.393018757
173377.296851194 -0.267286642 0.489243926 0.573376530 0.535076857 -0.611868958 -0.429741757 0.393231684
173377.330185143 -0.292985610 0.496094955 0.563661036 0.534926879 -0.610227330 -0.437320138 0.387591199
173377.363519092 -0.316439002 0.502028339 0.554185201 0.533935954 -0.611124572 -0.442614991 0.381485418
173377.396853041 -0.338096414 0.507083053 0.545142582 0.529831770 -0.612182089 -0.450062778 0.376769003
173377.430186990 -0.357897188 0.511466931 0.536956017 0.524394655 -0.613410651 -0.456912426 0.374123850
173377.463520940 -0.374939433 0.515559095 0.530513877 0.520909774 -0.614025656 -0.459870930 0.374358423
173377.496854889 -0.389973317 0.519286604 0.525357237 0.518955960 -0.614397173 -0.459924138 0.376391568
173377.530188838 -0.402910191 0.523491685 0.520980336 0.519123396 -0.612835613 -0.460117912 0.378463893
173377.563522787 -0.413054904 0.528141074 0.517704201 0.521995795 -0.610391459 -0.459185856 0.379593211
173377.596856736 -0.420109386 0.533532520 0.515642991 0.527047459 -0.608719529 -0.456140195 0.378969172
173377.630190686 -0.423848710 0.539353167 0.514508190 0.532529843 -0.607942837 -0.453046843 0.376252616
173377.663524635 -0.424605789 0.546017891 0.514268894 0.537880613 -0.607573030 -0.450726404 0.372001570
173377.696858584 -0.424053100 0.552315112 0.514508807 0.544889457 -0.605382544 -0.448370997 0.368199543
173377.730192533 -0.421540224 0.558420006 0.515170052 0.554665113 -0.600814205 -0.444550005 0.365710536
173377.763526483 -0.417498477 0.563720735 0.516597069 0.564764354 -0.596087473 -0.438016159 0.365872647
173377.796860432 -0.412414005 0.567652124 0.518317003 0.571396311 -0.593418608 -0.430185183 0.369190087
173377.830194381 -0.406558913 0.569867170 0.519875190 0.573319457 -0.592209816 -0.424276831 0.374942001
173377.863528330 -0.399576439 0.569896245 0.521588118 0.571925935 -0.592708587 -0.420231266 0.380792514
173377.896862279 -0.391522591 0.568516971 0.523668687 0.569856320 -0.594152218 -0.417437697 0.384698173
173377.930196229 -0.382287886 0.565108613 0.526690917 0.567981693 -0.597652639 -0.414124064 0.385628550
173377.963530178 -0.371326659 0.558683261 0.531003241 0.564469118 -0.604599477 -0.409283610 0.385124673
173377.996864127 -0.361603381 0.549735391 0.536078326 0.560146315 -0.613599682 -0.404165481 0.382598744
173378.030198076 -0.352232952 0.537801710 0.541621797 0.554294286 -0.623218190 -0.401261543 0.378610760
173378.063532025 -0.344173299 0.522770855 0.547183336 0.546499540 -0.633549430 -0.400125060 0.373969663
173378.096865975 -0.337139682 0.505542779 0.552799148 0.536856453 -0.644117131 -0.402252922 0.367547081
173378.130199924 -0.332137954 0.485395029 0.558896866 0.524387447 -0.657106297 -0.406406155 0.357859130
173378.163533873 -0.329715290 0.462503386 0.565190701 0.508418062 -0.673271646 -0.409956034 0.346630085
173378.196867822 -0.331508845 0.437179877 0.570872642 0.488156597 -0.690633577 -0.415789570 0.334435993
173378.230201772 -0.337180871 0.410523773 0.575798107 0.464425557 -0.709961535 -0.421333424 0.320533410
173378.263535721 -0.346895264 0.382785077 0.579424670 0.438895785 -0.729468154 -0.426872623 0.305002404
173378.296869670 -0.360512837 0.354558513 0.581085423 0.413304024 -0.746547918 -0.434452602 0.288265377
173378.330203619 -0.378076936 0.327162256 0.580225872 0.387020199 -0.760626604 -0.445330483 0.270819675
173378.363537568 -0.399460771 0.300583192 0.576999494 0.359395111 -0.771623566 -0.460087939 0.252490227
173378.396871518 -0.424211340 0.275679858 0.572101875 0.329615558 -0.781467845 -0.476255903 0.232038590
173378.430205467 -0.451709474 0.253142458 0.565427104 0.299617815 -0.789883140 -0.492652310 0.208824069
173378.463539416 -0.480835735 0.233228001 0.557582322 0.270489693 -0.796697155 -0.508105331 0.184222532
173378.496873365 -0.510656653 0.215913330 0.548906774 0.242349573 -0.801769520 -0.521980297 0.161148660
173378.530207314 -0.540372468 0.201883346 0.539569962 0.214180557 -0.805498555 -0.534096501 0.141561628
173378.563541264 -0.568315735 0.190927449 0.530062058 0.187683528 -0.807390422 -0.544881397 0.126490568
173378.596875213 -0.593326838 0.182420360 0.521339424 0.163021174 -0.808323102 -0.553442785 0.117213233
173378.630209162 -0.614522544 0.177055883 0.512108464 0.141052662 -0.808607937 -0.559425392 0.115328146
173378.663543111 -0.630742397 0.174290419 0.502823772 0.124690934 -0.806029451 -0.566240845 0.118911735
173378.696877061 -0.639686954 0.173048777 0.494028444 0.117043294 -0.798653134 -0.576757660 0.125716504
173378.730211010 -0.642029382 0.173691323 0.483848625 0.118747822 -0.787206275 -0.589683356 0.135936655
173378.763544959 -0.638264938 0.175193553 0.473828830 0.122906752 -0.775565419 -0.600179426 0.152239506
173378.796878908 -0.629760269 0.177441741 0.464473229 0.125412802 -0.768376768 -0.602025852 0.177295360
173378.830212857 -0.615753807 0.180521002 0.455801364 0.129004403 -0.766899444 -0.592194480 0.211018494
173378.863546807 -0.597484429 0.185519324 0.446665655 0.135643488 -0.766769817 -0.575154995 0.250722204
173378.896880756 -0.574933488 0.193811622 0.436411656 0.150096487 -0.762911379 -0.556777415 0.292294684
173378.930214705 -0.550441864 0.206850356 0.423187971 0.173156289 -0.753141491 -0.540607854 0.332472468
173378.963548654 -0.525183734 0.223436832 0.409808534 0.202560014 -0.738955832 -0.525799808 0.369389065
173378.996882603 -0.500794972 0.243375828 0.396672720 0.234127243 -0.722711567 -0.512143604 0.400726033
173379.030216553 -0.477914757 0.265670726 0.385334985 0.267195221 -0.707388692 -0.496509570 0.426246642
173379.063550502 -0.456931688 0.290670860 0.375431265 0.303454923 -0.690979902 -0.478956411 0.448400091
173379.096884451 -0.439909321 0.317428493 0.367481350 0.341686510 -0.670837677 -0.462586372 0.468231767
173379.130218400 -0.426491987 0.344767236 0.362232289 0.380043010 -0.648533388 -0.447629175 0.484355115
173379.163552350 -0.416126887 0.371317745 0.360031506 0.416131139 -0.628528331 -0.430780941 0.496200356
173379.196886299 -0.408456282 0.396462735 0.360489669 0.449971522 -0.610619969 -0.412549535 0.504451944
173379.230220248 -0.402723122 0.419680827 0.363422247 0.482470727 -0.594630967 -0.392878796 0.509197667
173379.263554197 -0.398746950 0.440432368 0.366839405 0.510884341 -0.578123369 -0.376280559 0.513014133
173379.296888146 -0.394933065 0.457572554 0.371279740 0.533032339 -0.563944193 -0.365210302 0.514261517
173379.330222096 -0.392331211 0.472569529 0.376969842 0.548674817 -0.553558823 -0.354143126 0.516828037
173379.363556045 -0.390659163 0.485452348 0.383174430 0.560026652 -0.547343560 -0.343202495 0.518649423
173379.396889994 -0.389590195 0.496801419 0.389245283 0.570163429 -0.544084936 -0.329734319 0.519769685
173379.430223943 -0.388863416 0.506557927 0.394621389 0.581545327 -0.539926036 -0.315614806 0.520261667
173379.463557892 -0.387787716 0.514508505 0.398887878 0.593334860 -0.532689451 -0.301685916 0.522667486
173379.496891842 -0.387101823 0.519399545 0.401282748 0.601289549 -0.524198497 -0.292752650 0.527221681
173379.530225791 -0.386178044 0.520661258 0.402223954 0.605583285 -0.517034425 -0.287822822 0.532073596
173379.563559740 -0.384318729 0.518077043 0.402925522 0.608111166 -0.515885695 -0.283591896 0.532577127
173379.596893689 -0.382079290 0.511624726 0.403517266 0.609245771 -0.520613403 -0.280633125 0.528229424
173379.630227639 -0.379182569 0.500918740 0.403587433 0.607809533 -0.529659069 -0.280482979 0.520920476
173379.663561588 -0.375893487 0.486992049 0.402985883 0.604127172 -0.541111021 -0.284302463 0.511274224
173379.696895537 -0.371719375 0.469935141 0.401887677 0.599251184 -0.552101131 -0.290763624 0.501536514
173379.730229486 -0.367481107 0.450707026 0.401010099 0.592964834 -0.564455850 -0.297905277 0.490952894
173379.763563435 -0.364903197 0.431057200 0.400547999 0.584926175 -0.577427787 -0.304858290 0.481144410
173379.796897385 -0.364022154 0.410381619 0.399721069 0.573040096 -0.590339678 -0.315814681 0.472636436
173379.830231334 -0.363945715 0.389171701 0.399021992 0.559781864 -0.602608912 -0.327547740 0.464993809
173379.863565283 -0.364690235 0.368386747 0.398578614 0.546882492 -0.614190131 -0.337587247 0.457957284
173379.896899232 -0.366337990 0.349098583 0.397971914 0.535136697 -0.624656282 -0.346758407 0.450768069
173379.930233181 -0.368194677 0.332049395 0.396993916 0.526272586 -0.632762590 -0.355233273 0.443235820
173379.963567131 -0.370262816 0.317671479 0.395695150 0.519672935 -0.638865909 -0.362297875 0.436498158
173379.996901080 -0.372881445 0.306256269 0.394326943 0.514204694 -0.643247189 -0.367213920 0.432412446
173380.030235029 -0.375828312 0.297597485 0.392648728 0.508437804 -0.645910888 -0.371904955 0.431250309
173380.063568978 -0.379300217 0.291185985 0.390444406 0.501706315 -0.647383543 -0.377240013 0.432290752
173380.096902928 -0.383368969 0.287133018 0.387846277 0.495399321 -0.648210838 -0.382107781 0.434045926
173380.130236877 -0.386826124 0.285184929 0.385217464 0.490654493 -0.648607103 -0.386727228 0.434751706
173380.163570826 -0.389319696 0.285251110 0.382615224 0.488308696 -0.647692443 -0.391563682 0.434427208
173380.196904775 -0.391138369 0.286489940 0.379920501 0.488421312 -0.645450797 -0.396024460 0.433592571
173380.230238724 -0.392875756 0.289756327 0.377492445 0.490166237 -0.641778766 -0.399949226 0.433471674
173380.263572674 -0.392876168 0.294541499 0.375777702 0.493343802 -0.636714429 -0.403426324 0.434112692
173380.296906623 -0.392411968 0.300460636 0.374355232 0.498192898 -0.630455271 -0.406345062 0.434986987
173380.330240572 -0.391127708 0.308067051 0.374115550 0.504057471 -0.624266287 -0.407854105 0.435743844
173380.363574521 -0.389791464 0.316715641 0.375004391 0.510089592 -0.619295672 -0.407980379 0.435698852
173380.396908470 -0.388523077 0.326720059 0.376831760 0.514996374 -0.615418026 -0.408374153 0.435051652
173380.430242420 -0.387261538 0.337688773 0.379679261 0.518683673 -0.612180994 -0.409600342 0.434084368
173380.463576369 -0.385526189 0.349251565 0.383372059 0.522228757 -0.609021966 -0.410340425 0.433578259
173380.496910318 -0.383396650 0.361405906 0.387845106 0.526511689 -0.606177354 -0.409805223 0.432890444
173380.530244267 -0.381315969 0.374225606 0.392644020 0.531539726 -0.603717196 -0.408778414 0.431151105
173380.563578217 -0.379358233 0.387245150 0.397147033 0.536454885 -0.601354561 -0.409332433 0.427826843
173380.596912166 -0.377963921 0.400250478 0.401145646 0.541230788 -0.599713263 -0.410581181 0.422890447
173380.630246115 -0.376798422 0.413613101 0.404517060 0.546242339 -0.598643675 -0.411648993 0.416881474
173380.663580064 -0.375720483 0.426496717 0.407423477 0.551456228 -0.597326083 -0.412283661 0.411241731
173380.696914013 -0.374780130 0.438783606 0.409470159 0.556764633 -0.594564358 -0.413508104 0.406838318
173380.730247963 -0.374205776 0.450670579 0.410948687 0.561645979 -0.591434279 -0.414477988 0.403692067
173380.763581912 -0.373716476 0.461593312 0.412405120 0.565731426 -0.589097453 -0.413566152 0.402337150
173380.796915861 -0.373537292 0.471563632 0.413393397 0.566832100 -0.587762607 -0.412134194 0.404205263
173380.830249810 -0.373782101 0.480372610 0.413413844 0.565069811 -0.586655757 -0.412291236 0.408101786
173380.863583759 -0.373797718 0.487660290 0.412739586 0.561898533 -0.585724737 -0.413054170 0.413016735
173380.896917709 -0.373580843 0.492837207 0.411469091 0.557945842 -0.585127881 -0.413385067 0.418849121
173380.930251658 -0.372138010 0.495549301 0.409511384 0.553194625 -0.584417475 -0.414195432 0.425292918
173380.963585607 -0.370493281 0.495361053 0.406666532 0.547228858 -0.583756297 -0.416581594 0.431542510
173380.996919556 -0.367543992 0.491844535 0.403358865 0.540343548 -0.583184293 -0.419784153 0.437842660
173381.030253506 -0.363656997 0.485076976 0.399960147 0.533073274 -0.584154670 -0.422818162 0.442516676
173381.063587455 -0.358572758 0.475068769 0.396680884 0.526062370 -0.585599757 -0.425451848 0.446454961
173381.096921404 -0.353016328 0.462929470 0.393523730 0.519841320 -0.585911230 -0.428439531 0.450458211
173381.130255353 -0.347145728 0.449433966 0.391309968 0.515062132 -0.585917901 -0.429967250 0.454466035
173381.163589302 -0.341879422 0.435206039 0.390509715 0.511714638 -0.586718615 -0.428983304 0.458129589
173381.196923252 -0.337495093 0.420638796 0.391386780 0.507696632 -0.590396356 -0.426038730 0.460616189
173381.230257201 -0.334610278 0.406736126 0.393052439 0.501565675 -0.595801972 -0.423912499 0.462331133
173381.263591150 -0.333222713 0.393980230 0.395248368 0.495087994 -0.600833900 -0.423044539 0.463594456
173381.296925099 -0.332746189 0.382629186 0.398288115 0.489813078 -0.606538863 -0.420848738 0.463767287
173381.330259049 -0.333250042 0.373102741 0.401296638 0.486047336 -0.610928411 -0.418722376 0.463892266
173381.363592998 -0.334640536 0.365369334 0.404073330 0.484251490 -0.613915458 -0.417793179 0.462663121
173381.396926947 -0.336398640 0.359339935 0.406681487 0.483685013 -0.616078302 -0.416708905 0.461356720
173381.430260896 -0.338726878 0.354770872 0.408804673 0.483950780 -0.616907647 -0.415681791 0.460896134
173381.463594845 -0.341767812 0.351517047 0.410393628 0.484506426 -0.616971361 -0.415282679 0.460586755
173381.496928795 -0.345160131 0.349005483 0.411139571 0.485168265 -0.615518338 -0.416430622 0.460797642
173381.530262744 -0.348424755 0.347329507 0.411357199 0.486563775 -0.613635491 -0.417748084 0.460644891
173381.563596693 -0.351425307 0.346210558 0.411448639 0.491305813 -0.610923885 -0.417647971 0.459304668
173381.596930642 -0.354055942 0.345590604 0.411603693 0.499069374 -0.608154747 -0.416004993 0.456089255
173381.630264591 -0.356736131 0.345203510 0.411411377 0.507381155 -0.605134694 -0.414904756 0.451918586
173381.663598541 -0.359572758 0.344877416 0.410986269 0.515509993 -0.602250844 -0.414665921 0.446761169
173381.696932490 -0.362885063 0.345316398 0.410498185 0.523673011 -0.599611604 -0.413449891 0.441918193
173381.730266439 -0.365984552 0.345528195 0.409449449 0.531593277 -0.595209758 -0.412884532 0.438930855
173381.763600388 -0.369579182 0.345993086 0.407840109 0.538738037 -0.589836347 -0.413134598 0.437234737
173381.796934338 -0.373489854 0.347410870 0.405921703 0.544861721 -0.584623539 -0.413348333 0.436444930
173381.830268287 -0.377548118 0.348706979 0.403986451 0.549740675 -0.580766907 -0.412529273 0.436250603
173381.863602236 -0.381597420 0.350107802 0.402052751 0.553710159 -0.578321015 -0.410591633 0.436307661
173381.896936185 -0.385612277 0.351308616 0.399861630 0.556755339 -0.576170895 -0.409030682 0.436743053
173381.930270134 -0.389166401 0.352580790 0.397518271 0.559105732 -0.573811749 -0.407791800 0.438003087
173381.963604084 -0.392068184 0.353630759 0.395281484 0.561538133 -0.571127824 -0.405849588 0.440197735
173381.996938033 -0.394308888 0.354651972 0.393161133 0.563875244 -0.567712935 -0.403957540 0.443356560
173382.030271982 -0.396125769 0.355423376 0.391243129 0.565777631 -0.563541486 -0.402583292 0.447485597
173382.063605931 -0.397274741 0.356102879 0.389915986 0.567508241 -0.559203971 -0.400305469 0.452748105
173382.096939880 -0.397899249 0.356978965 0.389282808 0.568558033 -0.555897570 -0.396995396 0.458382277
173382.130273830 -0.398058995 0.358035997 0.389098346 0.569726940 -0.552842324 -0.392779031 0.464221081
173382.163607779 -0.397940178 0.359246700 0.389081416 0.571023571 -0.549810555 -0.388797971 0.469549329
173382.196941728 -0.397866475 0.360638627 0.389050033 0.572390816 -0.546730094 -0.385121968 0.474485014
173382.230275677 -0.397383315 0.362202494 0.389173596 0.573651670 -0.544164375 -0.381322066 0.478959681
173382.263609627 -0.397126019 0.363677450 0.389109215 0.574167745 -0.542127679 -0.378320664 0.483013929
173382.296943576 -0.397017523 0.365026859 0.388754695 0.573685410 -0.540193090 -0.376777191 0.486944991
173382.330277525 -0.397026741 0.366350694 0.388168486 0.572468894 -0.538394597 -0.376211885 0.490790424
173382.363611474 -0.397160173 0.367572683 0.387382193 0.570825891 -0.536449144 -0.376398009 0.494676314
173382.396945423 -0.397347351 0.368816141 0.386525960 0.569529933 -0.534133310 -0.377178143 0.498070188
173382.430279373 -0.397786501 0.370172801 0.385657501 0.568562480 -0.531667890 -0.379011236 0.500416271
173382.463613322 -0.398300386 0.371420338 0.384968562 0.567293606 -0.529870130 -0.381718841 0.501703435
173382.496947271 -0.399201731 0.372235153 0.384364325 0.564399892 -0.530527106 -0.385804010 0.501147700
173382.530281220 -0.400006891 0.372310746 0.383599054 0.559963272 -0.533622506 -0.392137976 0.497911601
173382.563615169 -0.400325792 0.371338089 0.382624897 0.555435157 -0.538363028 -0.401846886 0.490077664
173382.596949119 -0.399466483 0.369350307 0.382324495 0.553861117 -0.544921113 -0.411137207 0.476723233
173382.630283068 -0.397153759 0.366379660 0.383609271 0.556026176 -0.554162900 -0.417445081 0.457687640
173382.663617017 -0.394231275 0.362235965 0.386842307 0.559247954 -0.565609018 -0.421631723 0.435378978
173382.696950966 -0.391767958 0.357771407 0.392224465 0.560870612 -0.578432036 -0.425150927 0.412416326
173382.730284916 -0.390192407 0.352919495 0.400037677 0.559627297 -0.592095898 -0.427396048 0.391883087
173382.763618865 -0.390108590 0.348712097 0.411024422 0.555047923 -0.609228671 -0.425201192 0.374120535
173382.796952814 -0.391944307 0.345612584 0.424464570 0.546649011 -0.629725384 -0.419255814 0.358950361
173382.830286763 -0.394705701 0.345437994 0.440019266 0.535223890 -0.652315165 -0.409116631 0.347338302
173382.863620712 -0.393493982 0.349791444 0.457647096 0.532469177 -0.668893449 -0.391935492 0.339771541
173382.896954662 -0.392100434 0.356411864 0.474305434 0.534902772 -0.680505519 -0.378226697 0.328231365
173382.930288611 -0.393121665 0.363708968 0.490480608 0.536361591 -0.692099780 -0.368549889 0.312226067
173382.963622560 -0.398349237 0.370953687 0.508739068 0.533784766 -0.711852397 -0.352587233 0.289865884
173382.996956509 -0.406430132 0.378132912 0.527710019 0.529744504 -0.734930916 -0.330920728 0.264081012
173383.030290458 -0.413125413 0.386566171 0.546520740 0.527902641 -0.751451448 -0.310597577 0.245293023
173383.063624408 -0.418164689 0.396183979 0.565350524 0.529714756 -0.761951541 -0.292458274 0.230868544
173383.096958357 -0.422450687 0.405962998 0.582797632 0.533789141 -0.768392469 -0.276789283 0.219157157
173383.130292306 -0.425894694 0.415420221 0.598396561 0.535231334 -0.773721347 -0.264183201 0.212343899
173383.163626255 -0.427969227 0.424063017 0.611488100 0.535660232 -0.776753437 -0.253425821 0.213301588
173383.196960205 -0.428564856 0.432435616 0.620078755 0.535377780 -0.774888535 -0.251883087 0.222425947
173383.230294154 -0.426145790 0.439652207 0.623942382 0.534324536 -0.767730309 -0.260825454 0.238867213
173383.263628103 -0.421781737 0.445779165 0.623591713 0.531708708 -0.758227375 -0.274857224 0.258516159
173383.296962052 -0.417691356 0.450717572 0.619259465 0.525727894 -0.748684151 -0.292645889 0.278281525
173383.330296001 -0.413121341 0.454953950 0.611723237 0.518342546 -0.738429127 -0.311148310 0.298714175
173383.363629951 -0.407365589 0.458738388 0.601714281 0.512978543 -0.726826719 -0.326791009 0.319035376
173383.396963900 -0.402551780 0.461971139 0.588430513 0.506036768 -0.714815912 -0.343994446 0.338574692
173383.430297849 -0.398983987 0.463852636 0.571376388 0.495412146 -0.701530547 -0.369165362 0.355160010
173383.463631798 -0.397028108 0.464668774 0.550882386 0.480215909 -0.683888082 -0.405048754 0.370978813
173383.496965747 -0.397081878 0.464890773 0.526765607 0.458398566 -0.658670754 -0.452157508 0.389329141
173383.530299697 -0.400586589 0.464415627 0.500099797 0.427286656 -0.627974209 -0.506953684 0.407519901
173383.563633646 -0.407027776 0.463588286 0.472574078 0.389129269 -0.592915414 -0.559828917 0.428510570
173383.596967595 -0.415560261 0.461918087 0.446550742 0.346675717 -0.559637603 -0.601363144 0.452751665
173383.630301544 -0.425232818 0.459661013 0.424160424 0.308182530 -0.532367883 -0.628020574 0.476653044
173383.663635494 -0.433289501 0.456116371 0.406228942 0.280235156 -0.514599567 -0.639036200 0.498285338
173383.696969443 -0.440567834 0.450811353 0.391868402 0.258978507 -0.503769333 -0.642120441 0.516553899
173383.730303392 -0.448851564 0.442902234 0.380225688 0.237698908 -0.496462276 -0.644111216 0.531173399
173383.763637341 -0.457500842 0.433194185 0.371119198 0.217363617 -0.491521047 -0.646321104 0.541691009
173383.796971290 -0.466903974 0.422561108 0.364785987 0.201058600 -0.485594751 -0.658381806 0.538801053
173383.830305240 -0.473949224 0.412115112 0.363503908 0.197552072 -0.487965830 -0.663274492 0.531911154
173383.863639189 -0.477076243 0.400545285 0.366163995 0.206146632 -0.501708092 -0.661518863 0.517866152
173383.896973138 -0.475844063 0.387912020 0.372512801 0.223237606 -0.525722781 -0.653926012 0.496146450
173383.930307087 -0.471763789 0.374884336 0.383004793 0.244748664 -0.554501233 -0.642419170 0.468960643
173383.963641036 -0.467894210 0.361761882 0.397113264 0.268806774 -0.581584501 -0.632036450 0.435926958
173383.996974986 -0.464233579 0.350176368 0.415356604 0.296918357 -0.603902577 -0.619471985 0.404222249
173384.030308935 -0.461016373 0.340178813 0.437954674 0.327821595 -0.622832441 -0.604368550 0.373298015
173384.063642884 -0.458028264 0.331457196 0.464973134 0.360286834 -0.642250954 -0.583571001 0.342274739
173384.096976833 -0.456288766 0.325095957 0.495319240 0.394537892 -0.661723996 -0.554958977 0.313818002
173384.130310783 -0.454926500 0.321202976 0.527821114 0.429254862 -0.681464287 -0.515447882 0.292677586
173384.163644732 -0.454122742 0.320013577 0.560716101 0.463833462 -0.699051893 -0.470101774 0.274206660
173384.196978681 -0.454682101 0.321629793 0.592800221 0.494856300 -0.715146496 -0.422325116 0.255586048
173384.230312630 -0.456209728 0.326425396 0.622677241 0.522202446 -0.729037346 -0.374075522 0.236382440
173384.263646579 -0.458228135 0.333707584 0.649188867 0.546639944 -0.739163416 -0.329577374 0.214944110
173384.296980529 -0.459792791 0.342948492 0.671966729 0.568610792 -0.744713230 -0.289954676 0.194962196
173384.330314478 -0.460563093 0.354209863 0.690893966 0.588137382 -0.747196004 -0.251072767 0.180983474
173384.363648427 -0.460141467 0.367079062 0.705346117 0.603782995 -0.748203842 -0.213157499 0.173784307
173384.396982376 -0.458380193 0.380614854 0.715173557 0.618433210 -0.743765494 -0.186571552 0.171884586
173384.430316325 -0.455561847 0.393319465 0.722532391 0.633000441 -0.735224746 -0.172576406 0.170212804
173384.463650275 -0.451792874 0.406182728 0.728017705 0.645584809 -0.726184529 -0.161022304 0.173055199
173384.496984224 -0.447790027 0.418677633 0.731291334 0.655232029 -0.718120442 -0.152206873 0.178345415
173384.530318173 -0.443616962 0.430642736 0.731138724 0.665190106 -0.706985543 -0.151920367 0.186047753
173384.563652122 -0.438813374 0.443036370 0.729292449 0.673735889 -0.695850358 -0.154493244 0.194946323
173384.596986072 -0.432657918 0.455559894 0.724273447 0.681012097 -0.683710988 -0.164119733 0.204515334
173384.630320021 -0.425189908 0.467464765 0.715118559 0.683471052 -0.670460402 -0.183941594 0.222521144
173384.663653970 -0.416320892 0.478601857 0.701103555 0.679689382 -0.654769604 -0.212981714 0.252859444
173384.696987919 -0.407581705 0.488925942 0.682855684 0.669969376 -0.635937523 -0.250040101 0.290180030
173384.730321868 -0.399654153 0.498379511 0.660962452 0.653811233 -0.614312451 -0.290887053 0.332469258
173384.763655818 -0.393232908 0.507052092 0.636029080 0.632292569 -0.587830247 -0.330428382 0.381416823
173384.796989767 -0.387967194 0.516096858 0.610038207 0.610925196 -0.553399140 -0.367011053 0.431071553
173384.830323716 -0.384837158 0.525497295 0.584534219 0.590320451 -0.515282115 -0.398687177 0.476502509
173384.863657665 -0.384154225 0.536773508 0.561837094 0.569490154 -0.477794435 -0.422789055 0.518307686
173384.896991614 -0.382438947 0.545839302 0.542574742 0.552812949 -0.445661199 -0.438274986 0.551088900
173384.930325564 -0.380690174 0.554177019 0.527174910 0.541738865 -0.418298746 -0.447850816 0.575304101
173384.963659513 -0.378693434 0.561209802 0.516916811 0.534028386 -0.400229465 -0.454690963 0.589818775
173384.996993462 -0.375660841 0.566512837 0.511687772 0.531398663 -0.395124934 -0.458878780 0.592386709
173385.030327411 -0.371732822 0.569733432 0.510459488 0.534297636 -0.401735454 -0.460112212 0.584321327
173385.063661361 -0.368582741 0.572772424 0.513102755 0.540599284 -0.418158037 -0.458202864 0.568283736
173385.096995310 -0.363687435 0.570773895 0.517458980 0.546762490 -0.441216872 -0.454960384 0.547164966
173385.130329259 -0.357207748 0.564143037 0.523008612 0.549792626 -0.467932282 -0.452805244 0.523196769
173385.163663208 -0.352795252 0.553740840 0.528094273 0.548835583 -0.495540147 -0.453582104 0.497476373
173385.196997157 -0.350037197 0.540605264 0.532720162 0.543488989 -0.521958074 -0.458756536 0.470873580
173385.230331107 -0.348724580 0.525296396 0.535881894 0.532558286 -0.548758597 -0.466806752 0.444226440
173385.263665056 -0.349613189 0.507616445 0.538717778 0.516287738 -0.575110362 -0.476002917 0.419662085
173385.296999005 -0.351943256 0.488355426 0.541169124 0.495313996 -0.599220733 -0.487817734 0.397029491
173385.330332954 -0.357324049 0.468046824 0.543807757 0.472811861 -0.621450026 -0.497284176 0.378096889
173385.363666903 -0.363997536 0.447572352 0.547059406 0.449409521 -0.642555532 -0.504838627 0.360959044
173385.397000853 -0.371234212 0.427799664 0.550870154 0.428623036 -0.661794855 -0.509244179 0.344935109
173385.430334802 -0.378742695 0.408646395 0.555209946 0.410247499 -0.680731702 -0.509686690 0.329424981
173385.463668751 -0.386892843 0.390412041 0.559189049 0.391581478 -0.697758051 -0.510349577 0.315184008
173385.497002700 -0.395411804 0.373040087 0.562452873 0.372101809 -0.712593742 -0.512461946 0.301882686
173385.530336650 -0.403844247 0.356399244 0.564984923 0.352904212 -0.724652642 -0.516195285 0.289619739
173385.563670599 -0.412513732 0.340327024 0.566679415 0.333048138 -0.734232181 -0.522341370 0.277743650
173385.597004548 -0.421069786 0.324989411 0.567579046 0.312835850 -0.741887896 -0.529995556 0.266159334
173385.630338497 -0.430045512 0.310965218 0.567755818 0.292974255 -0.748127953 -0.538437109 0.254078986
173385.663672446 -0.438935435 0.297960085 0.567438265 0.272553295 -0.753346579 -0.548028089 0.240517872
173385.697006396 -0.446440826 0.285405281 0.566796887 0.254442081 -0.757547238 -0.556974117 0.226188510
173385.730340345 -0.453867609 0.274131468 0.565906028 0.239120198 -0.761538340 -0.564087709 0.211390502
173385.763674294 -0.461509636 0.263481857 0.564926056 0.223653433 -0.765239546 -0.570771035 0.196489199
173385.797008243 -0.469491542 0.253150526 0.563711210 0.206705531 -0.767700897 -0.578341094 0.182838002
173385.830342192 -0.478507644 0.243546089 0.562602364 0.187860783 -0.768542206 -0.587190557 0.171051024
173385.863676142 -0.488107536 0.234619968 0.561551718 0.167118938 -0.768403263 -0.596426458 0.160944605
173385.897010091 -0.497816261 0.226528591 0.560743505 0.146389623 -0.768101444 -0.604983156 0.150285166
173385.930344040 -0.507185175 0.219252672 0.560231573 0.126332967 -0.768724143 -0.611721143 0.137478785
173385.963677989 -0.516221691 0.213576129 0.559770692 0.106800831 -0.770654247 -0.616372413 0.121534617
173385.997011939 -0.525180546 0.208924630 0.559547973 0.087311558 -0.774538982 -0.618126212 0.101911942
173386.030345888 -0.534366531 0.206193909 0.559309708 0.067131506 -0.780198788 -0.616884903 0.078969799
173386.063679837 -0.543776853 0.205408762 0.558333928 0.044814516 -0.786506221 -0.613642224 0.053318330
173386.097013786 -0.553857951 0.206913007 0.556789186 0.019765061 -0.791268806 -0.610621066 0.025395540
173386.130347735 -0.564740483 0.209388797 0.554759593 0.006614847 0.792564528 0.609737857 0.004178300
173386.163681685 -0.575868485 0.214489811 0.551975742 0.033285262 0.791239134 0.609575593 0.035359856
173386.197015634 -0.587302262 0.222639170 0.548901864 0.061465438 0.787258139 0.609842287 0.067372163
173386.230349583 -0.599487821 0.231523393 0.546274693 0.090183542 0.781738589 0.609251130 0.097799628
173386.263683532 -0.611494302 0.241851670 0.544199445 0.117519296 0.775905432 0.607063787 0.125034131
173386.297017481 -0.623368026 0.252925774 0.542385526 0.143327446 0.769589302 0.604013183 0.149524661
173386.330351431 -0.635377210 0.265824086 0.541080203 0.169187312 0.763316260 0.599486635 0.171288397
173386.363685380 -0.647748570 0.279529303 0.540244176 0.195698632 0.756549987 0.594206835 0.190400627
173386.397019329 -0.660195463 0.294009980 0.539508095 0.222577712 0.748843220 0.588307079 0.208776858
173386.430353278 -0.672047882 0.309354310 0.538734583 0.249533148 0.740511559 0.581545360 0.226231813
173386.463687228 -0.683228657 0.325218501 0.537958835 0.274907539 0.731869472 0.574291501 0.242862497
173386.497021177 -0.693049878 0.341735156 0.536826732 0.298692580 0.722272568 0.567138502 0.259728705
173386.530355126 -0.702194442 0.358556951 0.535961871 0.321580297 0.711942817 0.559704330 0.276504251
173386.563689075 -0.710151314 0.375104067 0.534864190 0.343832264 0.701034685 0.552023725 0.292574011
173386.597023024 -0.717757351 0.390989561 0.533973375 0.365123233 0.689985577 0.543947418 0.307776110
173386.630356974 -0.724074828 0.407146769 0.532751888 0.386265112 0.678654705 0.534951544 0.322573868
173386.663690923 -0.729332314 0.423493936 0.530943406 0.407493857 0.666052373 0.525949874 0.337193896
173386.697024872 -0.734181195 0.439253888 0.528947601 0.427460577 0.652867292 0.517328701 0.351301535
173386.730358821 -0.737524593 0.454335845 0.526245170 0.444457078 0.639292548 0.509886881 0.365757179
173386.763692770 -0.740392038 0.468139171 0.523763850 0.457818496 0.626750766 0.503481800 0.379594230
173386.797026720 -0.743302289 0.480831256 0.521876785 0.468810138 0.616700910 0.496864488 0.391181189
173386.830360669 -0.745759974 0.492031351 0.520965079 0.478902578 0.608927602 0.489990124 0.399711364
173386.863694618 -0.747383333 0.501768979 0.520914872 0.488823696 0.602296453 0.483449365 0.405668693
173386.897028567 -0.748060614 0.509615042 0.521247793 0.497713164 0.596251524 0.478319044 0.409849507
173386.930362517 -0.748472563 0.515249557 0.521534016 0.503748429 0.591563108 0.475039574 0.413071438
173386.963696466 -0.748219101 0.517969182 0.521517023 0.506875606 0.588852850 0.473290503 0.415121116
173386.997030415 -0.748023010 0.518032833 0.521566982 0.507162906 0.588757017 0.473033964 0.415198543
173387.030364364 -0.747531216 0.515224125 0.521570663 0.504606087 0.591179892 0.474491579 0.413203067
173387.063698313 -0.746531862 0.509700217 0.521575363 0.499411453 0.595376643 0.478049236 0.409369981
173387.097032263 -0.745087155 0.501452780 0.521662543 0.491459642 0.602044791 0.482774698 0.403655893
173387.130366212 -0.743322406 0.490522180 0.521850120 0.480821018 0.610952449 0.488541566 0.396074983
173387.163700161 -0.741552536 0.477136911 0.522041607 0.467109409 0.621526234 0.495333485 0.387503135
173387.197034110 -0.739805682 0.461944431 0.522190667 0.450869675 0.633409606 0.502984553 0.377512049
173387.230368059 -0.737971698 0.445083734 0.522452983 0.432526876 0.645750715 0.511748481 0.366114746
173387.263702009 -0.735583483 0.427024816 0.522831632 0.411758036 0.658605796 0.521685592 0.352899234
173387.297035958 -0.732501006 0.408243692 0.523545174 0.389134395 0.671876818 0.532264699 0.337417033
173387.330369907 -0.728596079 0.389241908 0.524645519 0.365316389 0.685331985 0.542513406 0.320223688
173387.363703856 -0.723676336 0.370181974 0.525830381 0.340273021 0.699179723 0.551620763 0.301788866
173387.397037806 -0.717628759 0.351605766 0.527171427 0.313729847 0.713080086 0.559630711 0.282672676
173387.430371755 -0.710568930 0.333732745 0.528867221 0.286102133 0.726868818 0.566415748 0.262641375
173387.463705704 -0.702526182 0.316320697 0.530996397 0.256970896 0.740450180 0.572416749 0.240911922
173387.497039653 -0.693169912 0.299090736 0.533749839 0.225786357 0.752691774 0.579280745 0.216585855
173387.530373602 -0.681763517 0.282926235 0.536669575 0.193930912 0.763243320 0.586687892 0.188806124
173387.563707552 -0.668557135 0.269073199 0.540203290 0.164036568 0.771491356 0.593503127 0.160147215
173387.597041501 -0.653702009 0.256793013 0.543352320 0.135659635 0.777576796 0.599605370 0.132076451
173387.630375450 -0.637473528 0.246325561 0.545695867 0.108790408 0.782009298 0.604666874 0.104900316
173387.663709399 -0.619914664 0.237967157 0.547260652 0.082847068 0.784933357 0.608847032 0.079506472
173387.697043348 -0.601214422 0.231576095 0.548122211 0.057036888 0.787065304 0.611648187 0.056227176
173387.730377298 -0.581783068 0.226934944 0.548243705 0.031602146 0.788760628 0.612861744 0.035474762
173387.763711247 -0.561531934 0.223913096 0.547705781 0.006838615 0.789807828 0.613070887 0.017346913
173387.797045196 -0.540950312 0.221953180 0.546844429 -0.017029162 0.790536925 0.612176461 0.001165326
173387.830379145 -0.520383293 0.221257127 0.545716760 0.039736521 -0.791062090 -0.610277904 0.014235789
173387.863713095 -0.499724902 0.221184345 0.544057744 0.062821863 -0.790329785 -0.608706792 0.030137772
173387.897047044 -0.479290930 0.222079011 0.541930228 0.086315885 -0.788104513 -0.607635824 0.047112098
173387.930380993 -0.459116858 0.223759437 0.539593196 0.109884740 -0.783443886 -0.608134472 0.065677124
173387.963714942 -0.438952216 0.226540438 0.537158802 0.135678569 -0.775954708 -0.609724621 0.087872084
173387.997048891 -0.419014046 0.231284631 0.534923975 0.163300788 -0.765931496 -0.611378328 0.113570846
173388.030382841 -0.399590843 0.237540240 0.533231972 0.190376792 -0.755035677 -0.611655686 0.139839642
173388.063716790 -0.380529980 0.244933785 0.532237898 0.216153752 -0.744312031 -0.610062682 0.164622840
173388.097050739 -0.361839695 0.253356664 0.531844091 0.242505337 -0.733623190 -0.606513493 0.187428811
173388.130384688 -0.343465477 0.262523187 0.532322024 0.270026677 -0.724071685 -0.599520712 0.208280350
173388.163718637 -0.325718602 0.272560747 0.533531600 0.298738364 -0.715493978 -0.589050726 0.227690576
173388.197052587 -0.309928302 0.283801692 0.534566418 0.328453018 -0.706300415 -0.576620972 0.246508810
173388.230386536 -0.295631897 0.296117842 0.535298926 0.358108398 -0.695171865 -0.563805899 0.265739274
173388.263720485 -0.284065737 0.309579807 0.535510046 0.386645236 -0.681766534 -0.551249154 0.286049340
173388.297054434 -0.274854661 0.323708794 0.534969447 0.413306018 -0.665949579 -0.539489172 0.307637329
173388.330388384 -0.267860014 0.338256667 0.534031127 0.437690842 -0.648589223 -0.528186502 0.329814743
173388.363722333 -0.263250348 0.353039275 0.533306752 0.460587925 -0.630840309 -0.516127127 0.351442820
173388.397056282 -0.260473526 0.368112477 0.532969439 0.482756514 -0.613150262 -0.502891170 0.371609170
173388.430390231 -0.259670078 0.383248331 0.533083533 0.503112536 -0.596061725 -0.489464290 0.389888323
173388.463724180 -0.260430371 0.398296375 0.533838940 0.520939506 -0.580309134 -0.476604814 0.405846266
173388.497058130 -0.262161462 0.412884330 0.535067836 0.535789921 -0.566229963 -0.464767561 0.419885585
173388.530392079 -0.265163939 0.426696208 0.536571675 0.547877206 -0.553507449 -0.454526234 0.432279972
173388.563726028 -0.268855580 0.439601428 0.538028264 0.558375609 -0.541701364 -0.446215441 0.442343862
173388.597059977 -0.272625884 0.451449568 0.539336610 0.567551355 -0.531308992 -0.439842133 0.449594386
173388.630393926 -0.275834361 0.461865163 0.540064595 0.574997107 -0.523259927 -0.435373491 0.453902301
173388.663727876 -0.278435148 0.470849151 0.540232780 0.580682737 -0.517471243 -0.432205723 0.456321470
173388.697061825 -0.280808239 0.478361594 0.539748542 0.584102420 -0.513644112 -0.430422498 0.457963495
173388.730395774 -0.283425248 0.484246285 0.539076449 0.585016955 -0.512654284 -0.429310215 0.458948239
173388.763729723 -0.286224918 0.488955234 0.538285680 0.584274553 -0.514412786 -0.428319368 0.458852102
173388.797063673 -0.289010741 0.492955434 0.537537428 0.581848660 -0.517901409 -0.428226663 0.458096270
173388.830397622 -0.291971911 0.496007024 0.537170557 0.578263904 -0.523094645 -0.428877911 0.456121241
173388.863731571 -0.295559267 0.498373754 0.536996467 0.573475585 -0.528597134 -0.431142806 0.453681280
173388.897065520 -0.298873121 0.501104075 0.537298293 0.568825800 -0.533013305 -0.435064725 0.450613704
173388.930399469 -0.301474500 0.503715068 0.538812868 0.565180024 -0.538278776 -0.437621396 0.446447100
173388.963733419 -0.303487846 0.505773739 0.541161512 0.562097962 -0.544501733 -0.438405497 0.442000412
173388.997067368 -0.304699963 0.507448874 0.543802036 0.560390544 -0.550544493 -0.437118512 0.437939044
173389.030401317 -0.305074999 0.508618438 0.545697895 0.560259686 -0.556186187 -0.434326050 0.433735971
173389.063735266 -0.304568390 0.509171239 0.545664386 0.560935747 -0.561795064 -0.431111580 0.428812546
173389.097069215 -0.302652791 0.509302022 0.542744252 0.562861442 -0.567209095 -0.427823915 0.422406839
173389.130403165 -0.299393382 0.509471307 0.535945813 0.566423686 -0.570628867 -0.424932773 0.415907492
173389.163737114 -0.295163990 0.509579486 0.524740033 0.570832976 -0.570654997 -0.423836719 0.410931897
173389.197071063 -0.290100200 0.509150426 0.509254315 0.573521285 -0.569639558 -0.424169835 0.408245098
173389.230405012 -0.284954817 0.508103903 0.489266170 0.572811475 -0.569986363 -0.427447070 0.405328955
173389.263738962 -0.279799969 0.506918200 0.464851865 0.571334721 -0.567555488 -0.434281421 0.403555513
173389.297072911 -0.275509210 0.505310154 0.436746906 0.566289635 -0.562184195 -0.445475573 0.405975978
173389.330406860 -0.272606552 0.503421699 0.405476723 0.558491973 -0.554580763 -0.458469516 0.412713698
173389.363740809 -0.270377776 0.501621157 0.371823718 0.551350183 -0.545281406 -0.470938671 0.420592359
173389.397074758 -0.268635586 0.500010722 0.336633028 0.545033232 -0.535744014 -0.482082644 0.428384701
173389.430408708 -0.267127741 0.498088352 0.300836387 0.540257517 -0.529648275 -0.487972194 0.435290315
173389.463742657 -0.265743017 0.496175198 0.265168127 0.539190308 -0.527963803 -0.488080636 0.438526313
173389.497076606 -0.265366037 0.494221376 0.229372712 0.540432157 -0.529054985 -0.485431085 0.438623492
173389.530410555 -0.266050976 0.492321936 0.192280195 0.541322889 -0.529701410 -0.483760455 0.438590661
173389.563744504 -0.268485855 0.490066491 0.153670103 0.537779721 -0.527508522 -0.485818372 0.443292499
173389.597078454 -0.272560004 0.488279462 0.113443257 0.529406402 -0.519012370 -0.496295821 0.451713936
173389.630412403 -0.277614018 0.486763272 0.073113266 0.518109109 -0.507239232 -0.511626059 0.460988165
173389.663746352 -0.282579501 0.485866134 0.034250550 0.510581021 -0.495485906 -0.526927886 0.464916918
173389.697080301 -0.286716807 0.484955827 -0.002304983 0.507347796 -0.485829751 -0.540287384 0.463311137
173389.730414251 -0.290407201 0.483705047 -0.036251752 0.503497531 -0.480007047 -0.551088795 0.460852049
173389.763748200 -0.293935972 0.481794439 -0.067600282 0.497542896 -0.475726723 -0.561627424 0.459031358
173389.797082149 -0.297028043 0.479951526 -0.096032918 0.489742083 -0.473039026 -0.571678446 0.457788736
173389.830416098 -0.299390482 0.478053237 -0.121450258 0.482400938 -0.471438587 -0.579267568 0.457694307
173389.863750047 -0.299790710 0.475657862 -0.143523549 0.476748389 -0.472688539 -0.582385589 0.458370532
173389.897083997 -0.299899275 0.473112890 -0.162768764 0.472642202 -0.475552131 -0.582099230 0.460021746
173389.930417946 -0.300049371 0.470690859 -0.179381519 0.468189984 -0.476152295 -0.582203559 0.463806153
173389.963751895 -0.300694028 0.468591548 -0.192849141 0.462315537 -0.473534151 -0.584670379 0.469244393
173389.997085844 -0.301427219 0.466914694 -0.201665288 0.455276263 -0.468731016 -0.588991005 0.475504317
173390.030419793 -0.302521498 0.465546185 -0.204150134 0.450529634 -0.464163479 -0.592369557 0.480284937
173390.063753743 -0.301089498 0.465189996 -0.199052011 0.449467058 -0.462867600 -0.591504844 0.483585533
173390.097087692 -0.300685302 0.464298301 -0.187876100 0.452514324 -0.463753307 -0.587488639 0.484789393
173390.130421641 -0.299595616 0.464412091 -0.171343257 0.456381354 -0.465230457 -0.582594172 0.485654932
173390.163755590 -0.297597757 0.464155395 -0.150129852 0.459390296 -0.466944189 -0.578118036 0.486521549
173390.197089540 -0.294292597 0.463559799 -0.124158213 0.461615249 -0.469928732 -0.574291313 0.486073901
173390.230423489 -0.290075418 0.462780011 -0.093679145 0.464032799 -0.474628161 -0.570794107 0.483317451
173390.263757438 -0.284424850 0.461635758 -0.058213988 0.467473220 -0.481395790 -0.567164188 0.477547554
173390.297091387 -0.278226088 0.460126373 -0.018244244 0.471657557 -0.489413668 -0.564378744 0.468497645
173390.330425336 -0.271762755 0.458029197 0.025760261 0.476687242 -0.499185212 -0.559740189 0.458556778
173390.363759286 -0.265450517 0.455554984 0.073560459 0.484687549 -0.510565015 -0.551679934 0.447270160
173390.397093235 -0.260061290 0.452728675 0.123537180 0.494510242 -0.522699083 -0.540932669 0.435473462
173390.430427184 -0.256372478 0.449729968 0.174604450 0.505196583 -0.534431255 -0.527591174 0.425214298
173390.463761133 -0.254010747 0.446989779 0.224958017 0.518132190 -0.544938420 -0.512501789 0.414636068
173390.497095082 -0.254398007 0.444219330 0.273078798 0.527988729 -0.553794393 -0.499078661 0.406767947
173390.530429032 -0.257808665 0.441371250 0.318272736 0.532397682 -0.560178796 -0.490350560 0.402875605
173390.563762981 -0.263725554 0.438380711 0.360164980 0.535466405 -0.563803130 -0.485073060 0.400132337
173390.597096930 -0.271674507 0.436044255 0.399267225 0.540761461 -0.567911937 -0.478088828 0.395580771
173390.630430879 -0.281612185 0.433454268 0.435260210 0.545420301 -0.574725054 -0.469910606 0.389091030
173390.663764829 -0.293949676 0.430768956 0.467918480 0.548591701 -0.583505834 -0.460624299 0.382613829
173390.697098778 -0.307880161 0.427641815 0.496291100 0.551423999 -0.594097560 -0.448147928 0.377018696
173390.730432727 -0.322508293 0.425349070 0.519231133 0.554176570 -0.602905588 -0.436233100 0.372952898
173390.763766676 -0.337930637 0.423922245 0.536968384 0.557283751 -0.609228848 -0.426153689 0.369686441
173390.797100625 -0.351495372 0.422605888 0.549821060 0.559881635 -0.613919011 -0.417331930 0.368062580
173390.830434575 -0.363518556 0.421948045 0.557859112 0.561450098 -0.616966682 -0.411457695 0.367189959
173390.863768524 -0.373585357 0.421630721 0.561821655 0.561200292 -0.618662210 -0.409535810 0.366867445
173390.897102473 -0.381770485 0.421736633 0.562280492 0.559725109 -0.617891650 -0.412083490 0.367566197
173390.930436422 -0.388008851 0.422126064 0.560084612 0.557653316 -0.613906171 -0.418630592 0.369987054
173390.963770371 -0.392068768 0.422861119 0.556425674 0.555856258 -0.608411126 -0.427452581 0.371677298
173390.997104321 -0.393085168 0.423014481 0.552384413 0.555402860 -0.603680782 -0.435079655 0.371218090
173391.030438270 -0.390426883 0.422972618 0.548315855 0.555579133 -0.601584746 -0.440066959 0.368468033
173391.063772219 -0.385495370 0.422091597 0.544551976 0.553280845 -0.601757179 -0.444794281 0.365959904
173391.097106168 -0.379154029 0.420756715 0.541086573 0.547941976 -0.602692879 -0.450005540 0.366081819
173391.130440118 -0.371359559 0.419553637 0.538266679 0.542698952 -0.603667099 -0.454247408 0.367046556
173391.163774067 -0.362961317 0.418979590 0.536633963 0.541139718 -0.601681999 -0.457216096 0.368917362
173391.197108016 -0.354121889 0.419117008 0.536770520 0.543800595 -0.596831658 -0.459191081 0.370427370
173391.230441965 -0.346542629 0.419090092 0.539107335 0.546791308 -0.594447871 -0.458280496 0.370985148
173391.263775914 -0.340739005 0.418728202 0.543622828 0.548340342 -0.593442757 -0.455804380 0.373350948
173391.297109864 -0.337073477 0.418283740 0.549656782 0.547655361 -0.593177338 -0.454658039 0.376165282
173391.330443813 -0.335843885 0.418165822 0.557134805 0.544820363 -0.591322047 -0.456664585 0.380744619
173391.363777762 -0.336649068 0.418683264 0.566775236 0.541305093 -0.586441896 -0.462401498 0.386341240
173391.397111711 -0.338043669 0.419238642 0.579382510 0.537824622 -0.580375124 -0.470052910 0.391100568
173391.430445660 -0.338719763 0.419966021 0.595532112 0.534052330 -0.575339351 -0.477439764 0.394745502
173391.463779610 -0.339232916 0.419917694 0.615977678 0.527530943 -0.573258120 -0.484673208 0.397716121
173391.497113559 -0.338969295 0.419190154 0.639808594 0.518299595 -0.572575915 -0.493159541 0.400394828
173391.530447508 -0.337877538 0.418416047 0.665768064 0.510793451 -0.570505130 -0.502399913 0.401507502
173391.563781457 -0.335690882 0.417415653 0.692949309 0.502890095 -0.568977434 -0.511449704 0.402225599
173391.597115407 -0.332450767 0.416367457 0.720759193 0.497560557 -0.566188164 -0.518198975 0.404146355
173391.630449356 -0.327643453 0.415626038 0.748604420 0.496693001 -0.562536232 -0.521764675 0.405722409
173391.663783305 -0.323028196 0.414412648 0.776160168 0.495565784 -0.562893113 -0.521563739 0.406862585
173391.697117254 -0.318401305 0.412114619 0.802308990 0.490687727 -0.565406338 -0.518450188 0.413219833
173391.730451203 -0.318323389 0.404656140 0.820346123 0.455086457 -0.569099924 -0.521163293 0.444308919
173391.763785153 -0.319972706 0.397259244 0.830876923 0.419293737 -0.559813379 -0.534789132 0.474133237
173391.797119102 -0.320042860 0.389324411 0.837183627 0.392672786 -0.549546219 -0.544344432 0.497489875
173391.830453051 -0.316800409 0.381082220 0.841169665 0.381044475 -0.548672922 -0.540916306 0.511050568
173391.863787000 -0.310329543 0.373821345 0.842751325 0.386798582 -0.553797497 -0.526043332 0.516694882
173391.897120949 -0.304299406 0.368000962 0.840195188 0.396487460 -0.563186132 -0.506745711 0.518486122
173391.930454899 -0.300725969 0.364106171 0.830686221 0.408475235 -0.564733648 -0.496743945 0.517174383
173391.963788848 -0.300978743 0.361108737 0.814494041 0.415784842 -0.559450992 -0.499493727 0.514435194
173391.997122797 -0.304963390 0.358054530 0.793965330 0.416813036 -0.550940379 -0.511096553 0.511382348
173392.030456746 -0.310693092 0.354313080 0.771839809 0.413758434 -0.548656920 -0.519903297 0.507424973
173392.063790696 -0.317305944 0.350496572 0.748827835 0.412012572 -0.553906400 -0.520914813 0.502076785
173392.097124645 -0.324402353 0.346919905 0.723834877 0.414913592 -0.562497053 -0.515794118 0.495378849
173392.130458594 -0.331957540 0.344193806 0.696342533 0.419510709 -0.571528405 -0.507719361 0.489476351
173392.163792543 -0.340277062 0.342411263 0.665196432 0.423690151 -0.578112088 -0.501593509 0.484434743
173392.197126492 -0.348475120 0.341079110 0.630101076 0.425565589 -0.580942365 -0.499592432 0.481463705
173392.230460442 -0.356432479 0.339648159 0.591883593 0.421351825 -0.580443470 -0.504185078 0.480983809
173392.263794391 -0.362658083 0.337955762 0.552008858 0.415526453 -0.575201946 -0.513795575 0.482176933
173392.297128340 -0.367604891 0.336745494 0.511648174 0.411499984 -0.565841925 -0.528616795 0.480681769
173392.330462289 -0.371333239 0.336013333 0.473769399 0.407920147 -0.556150419 -0.544263056 0.477572602
173392.363796238 -0.374503085 0.335670183 0.440710209 0.405203002 -0.548517626 -0.557801157 0.473071677
173392.397130188 -0.376828638 0.335764784 0.413795626 0.405278745 -0.541839130 -0.569115330 0.467190793
173392.430464137 -0.378561580 0.335522461 0.393834876 0.404628440 -0.538543182 -0.576931097 0.461949754
173392.463798086 -0.379729138 0.335288149 0.379966133 0.403587259 -0.535249717 -0.583660130 0.458220381
173392.497132035 -0.379566989 0.335831498 0.371445084 0.404890378 -0.529186674 -0.590545962 0.455280917
173392.530465985 -0.376806955 0.337037587 0.368350157 0.412197003 -0.524219047 -0.592362981 0.452099679
173392.563799934 -0.372121747 0.338749821 0.369721855 0.426603821 -0.521810136 -0.587850498 0.447387030
173392.597133883 -0.366588583 0.341157863 0.374086735 0.441113680 -0.523413126 -0.578853671 0.443154429
173392.630467832 -0.361038377 0.345041820 0.379757549 0.454453184 -0.528369842 -0.565924026 0.440485654
173392.663801781 -0.355620887 0.350863463 0.384807364 0.468568939 -0.533406737 -0.550137490 0.439623866
173392.697135731 -0.350459526 0.359617062 0.387950024 0.486784086 -0.532419876 -0.534539378 0.440270352
173392.730469680 -0.345869318 0.371644224 0.388608485 0.509717333 -0.522908204 -0.520247160 0.442829700
173392.763803629 -0.341900904 0.386602232 0.387217033 0.534968639 -0.506172977 -0.507354922 0.447424246
173392.797137578 -0.338502786 0.403705675 0.384442360 0.560290534 -0.483961346 -0.495328367 0.454429029
173392.830471527 -0.335759420 0.422348585 0.381054613 0.586155778 -0.456970082 -0.482259442 0.463708506
173392.863805477 -0.334126459 0.442251248 0.377356411 0.611418582 -0.425731912 -0.468375743 0.474914539
173392.897139426 -0.333736127 0.462751393 0.373631940 0.633904070 -0.391470805 -0.454280577 0.488411093
173392.930473375 -0.334178634 0.483211483 0.370480981 0.654903763 -0.354574130 -0.440219012 0.501582964
173392.963807324 -0.335132410 0.503051503 0.368714040 0.672252559 -0.322042136 -0.424316467 0.514121479
173392.997141274 -0.336352507 0.521139102 0.368598957 0.685816680 -0.296958033 -0.406250956 0.525767600
173393.030475223 -0.337806063 0.538297173 0.369745937 0.697459186 -0.275395075 -0.388066823 0.535828682
173393.063809172 -0.340052516 0.554913457 0.371599943 0.707422053 -0.256856401 -0.369975192 0.544699170
173393.097143121 -0.342865850 0.570880881 0.373602522 0.716545580 -0.240657943 -0.351044797 0.552642504
173393.130477070 -0.346894607 0.586565479 0.375444829 0.725492295 -0.222758469 -0.330379291 0.561149819
173393.163811020 -0.353274728 0.601547057 0.376432472 0.733370760 -0.202559829 -0.308185826 0.571102741
173393.197144969 -0.361152549 0.616053555 0.376735806 0.740207123 -0.178929788 -0.284559091 0.582326086
173393.230478918 -0.369672511 0.629905703 0.376359177 0.744980341 -0.153095826 -0.260153921 0.594883095
173393.263812867 -0.379401328 0.642902047 0.375490544 0.748514320 -0.126752046 -0.235189633 0.606915207
173393.297146816 -0.389822254 0.654957188 0.374151535 0.750646855 -0.100316508 -0.210407367 0.618218924
173393.330480766 -0.400375992 0.665876956 0.373039244 0.751660711 -0.073870215 -0.185732743 0.628532190
173393.363814715 -0.411227898 0.675631674 0.372058364 0.751427453 -0.048744734 -0.164019254 0.637242825
173393.397148664 -0.422245680 0.683384812 0.371325001 0.750501097 -0.027148398 -0.143715473 0.644481909
173393.430482613 -0.432197220 0.690125021 0.370758916 0.748766651 -0.008235277 -0.126913597 0.650517964
173393.463816563 -0.440834808 0.696265620 0.370934529 0.747585045 0.006169686 -0.112633158 0.654516851
173393.497150512 -0.447576112 0.701956463 0.371053215 0.746668994 0.015945618 -0.101169641 0.657263915
173393.530484461 -0.453033079 0.706266813 0.371441727 0.746111227 0.020819288 -0.092345681 0.659057562
173393.563818410 -0.456715902 0.709476774 0.372323496 0.745975195 0.020537426 -0.086882312 0.659962640
173393.597152359 -0.457768816 0.711708838 0.373823241 0.746349962 0.012870759 -0.085576466 0.659903589
173393.630486309 -0.456749528 0.712091393 0.376583509 0.747992414 -0.002000869 -0.088242735 0.657811953
173393.663820258 -0.451865355 0.711014929 0.379952009 0.750701699 -0.024093097 -0.094409313 0.653416684
173393.697154207 -0.443106975 0.706897509 0.384128476 0.752674368 -0.055935249 -0.103261281 0.647834586
173393.730488156 -0.431850146 0.698466594 0.389058848 0.751974142 -0.097194436 -0.115893904 0.641604812
173393.763822105 -0.419859540 0.686324643 0.394062775 0.748869353 -0.140641797 -0.133104595 0.633796295
173393.797156055 -0.407691667 0.670643581 0.398535917 0.742712805 -0.184239631 -0.154720500 0.624896003
173393.830490004 -0.394999050 0.650934936 0.401609298 0.733280758 -0.226863051 -0.179358789 0.615355922
173393.863823953 -0.382406420 0.628019290 0.403682741 0.720896704 -0.267080954 -0.205221478 0.605689567
173393.897157902 -0.370782887 0.602353720 0.404610534 0.707022534 -0.303584887 -0.233364947 0.594555426
173393.930491852 -0.360444125 0.574351372 0.404834481 0.692495675 -0.336049515 -0.263274084 0.581555862
173393.963825801 -0.352255786 0.544754070 0.405452783 0.677704765 -0.366478028 -0.291218544 0.567099520
173393.997159750 -0.345998414 0.515347274 0.406423134 0.664468651 -0.394431014 -0.316835162 0.550019152
173394.030493699 -0.341860440 0.487274511 0.407578882 0.653016516 -0.419250663 -0.340377629 0.530981526
173394.063827648 -0.339804210 0.461139477 0.408922237 0.641813676 -0.442486947 -0.361163469 0.511704461
173394.097161598 -0.339243218 0.437680639 0.409963068 0.629287773 -0.462997248 -0.381254806 0.494242067
173394.130495547 -0.341034529 0.417058019 0.410540710 0.615296890 -0.479725497 -0.400164851 0.480771542
173394.163829496 -0.344308681 0.400166382 0.410256353 0.602307593 -0.492022825 -0.416933765 0.470431013
173394.197163445 -0.347421575 0.387057153 0.409780076 0.590684598 -0.501586019 -0.427638701 0.465433468
173394.230497394 -0.348819244 0.377686512 0.409500781 0.580467714 -0.511144464 -0.430478056 0.465271118
173394.263831344 -0.351612882 0.369834224 0.409267724 0.570931452 -0.521598414 -0.433759018 0.462412680
173394.297165293 -0.356088617 0.363430286 0.406575566 0.562621835 -0.531540303 -0.443610662 0.451808762
173394.330499242 -0.361822298 0.358935592 0.401056481 0.560072931 -0.536938208 -0.459090938 0.432725298
173394.363833191 -0.367944086 0.355668900 0.393671370 0.560287259 -0.540930479 -0.475398819 0.409228992
173394.397167141 -0.375020889 0.353744682 0.385184128 0.560195563 -0.543459474 -0.492234510 0.385406174
173394.430501090 -0.381011312 0.354185817 0.376737155 0.561422774 -0.544763153 -0.506688429 0.362359508
173394.463835039 -0.386659376 0.355203100 0.370474753 0.553942541 -0.548783389 -0.515416804 0.355429278
173394.497168988 -0.393737216 0.355579760 0.365422283 0.542554032 -0.551788113 -0.522416255 0.358114865
173394.530502937 -0.401955915 0.355512910 0.359402711 0.532806115 -0.553299944 -0.531372171 0.357240022
173394.563836887 -0.410062718 0.357416479 0.352707967 0.527425016 -0.551923868 -0.545064419 0.346565544
173394.597170836 -0.415061736 0.360056273 0.348428248 0.526201274 -0.549144595 -0.552449309 0.341104375
173394.630504785 -0.417213095 0.362771994 0.346675957 0.527528478 -0.547276514 -0.553130613 0.340952559
173394.663838734 -0.418929851 0.365257443 0.346472480 0.525676244 -0.548340785 -0.554194417 0.340375408
173394.697172683 -0.420192640 0.367032262 0.348623616 0.522904707 -0.553387547 -0.551968118 0.340094231
173394.730506633 -0.420448944 0.368394666 0.352439036 0.523766254 -0.558748743 -0.546493193 0.338842064
173394.763840582 -0.419641006 0.369735763 0.357246559 0.529014672 -0.562561815 -0.539629960 0.335361280
173394.797174531 -0.418083277 0.370749310 0.363175842 0.535851376 -0.567222691 -0.530563780 0.331094845
173394.830508480 -0.415350583 0.371554583 0.370669722 0.542256650 -0.574552974 -0.519815871 0.325020099
173394.863842430 -0.411950232 0.371848802 0.378295287 0.545838739 -0.583864097 -0.510476933 0.317137332
173394.897176379 -0.406895703 0.371219546 0.385511057 0.543770859 -0.595788265 -0.503333771 0.309846271
173394.930510328 -0.401999863 0.370339211 0.391084997 0.539078079 -0.606295065 -0.496879867 0.308077127
173394.963844277 -0.397289631 0.370152794 0.395029197 0.536233752 -0.614303795 -0.489394509 0.309155664
173394.997178226 -0.392298081 0.369332215 0.397961567 0.534502902 -0.624526424 -0.479107080 0.307782064
173395.030512176 -0.387345057 0.367299117 0.400115807 0.533564736 -0.640853178 -0.459910185 0.305120466
173395.063846125 -0.383547141 0.365240395 0.399725873 0.533674695 -0.653803228 -0.440171781 0.306563960
173395.097180074 -0.380537768 0.364368155 0.396115193 0.530510129 -0.660314248 -0.428725638 0.314226709
173395.130514023 -0.378766585 0.365243608 0.389676614 0.527408160 -0.655591943 -0.433140585 0.323154870
173395.163847972 -0.377797662 0.368343381 0.382127493 0.526902953 -0.645039764 -0.441361482 0.333911700
173395.197181922 -0.376899150 0.374116377 0.374159608 0.531192048 -0.632026244 -0.447959781 0.343088720
173395.230515871 -0.375607306 0.382764640 0.366204350 0.538362580 -0.620066376 -0.451151354 0.349493745
173395.263849820 -0.374497709 0.393988971 0.358157011 0.544256290 -0.610331387 -0.451456421 0.357026314
173395.297183769 -0.372688730 0.406251768 0.350392559 0.547455398 -0.599866886 -0.456159281 0.363828279
173395.330517719 -0.369069557 0.417727205 0.343914672 0.546813330 -0.596228211 -0.459807423 0.366175146
173395.363851668 -0.365000593 0.430818971 0.338135897 0.545856551 -0.593770098 -0.460902549 0.370197969
173395.397185617 -0.360868107 0.446232694 0.333282047 0.545007945 -0.590841943 -0.460540341 0.376529856
173395.430519566 -0.356494803 0.463503661 0.329772795 0.546288409 -0.589263942 -0.457850459 0.380407595
173395.463853515 -0.351936946 0.481998138 0.327375445 0.550626616 -0.591266435 -0.451062618 0.379152802
173395.497187465 -0.347613267 0.501247804 0.325218696 0.555049758 -0.596384177 -0.442730526 0.374480121
173395.530521414 -0.344300962 0.520953348 0.322475547 0.557631930 -0.603106205 -0.434059447 0.370002613
173395.563855363 -0.342511081 0.540925049 0.318181532 0.558147173 -0.607845608 -0.428447904 0.368005222
173395.597189312 -0.341965568 0.560851331 0.312523385 0.557194924 -0.608399414 -0.427718370 0.369379163
173395.630523261 -0.342193686 0.580314602 0.306470118 0.556219434 -0.606966497 -0.428780715 0.371966008
173395.663857211 -0.343211711 0.598455246 0.300046525 0.554834242 -0.606155381 -0.428892777 0.375214078
173395.697191160 -0.344363357 0.615263819 0.294132225 0.554240123 -0.605509401 -0.428284614 0.377820778
173395.730525109 -0.345542373 0.630655639 0.288598773 0.556004037 -0.603372590 -0.428070707 0.378888504
173395.763859058 -0.347220565 0.643980766 0.283743155 0.557559289 -0.602186159 -0.427119099 0.379563887
173395.797193008 -0.349403918 0.655348569 0.279271427 0.559405990 -0.600022410 -0.427290142 0.380080493
173395.830526957 -0.351754398 0.664056738 0.275243955 0.561188643 -0.596544557 -0.430273752 0.379560794
173395.863860906 -0.354190970 0.669913032 0.271607189 0.563206501 -0.591645383 -0.435086801 0.378752760
173395.897194855 -0.356783686 0.672981242 0.268226564 0.564763169 -0.584889536 -0.442551650 0.378278773
173395.930528804 -0.359362677 0.672778295 0.265347999 0.565507177 -0.577182894 -0.452062419 0.377758003
173395.963862754 -0.361670734 0.669458026 0.263206346 0.565808857 -0.570481658 -0.461398956 0.376194124
173395.997196703 -0.363463672 0.662915307 0.261819175 0.566470828 -0.565149939 -0.469596242 0.373089423
173396.030530652 -0.364827847 0.653256147 0.260946634 0.567789201 -0.561085990 -0.475935333 0.369165943
173396.063864601 -0.365735619 0.640888395 0.260444678 0.569684941 -0.557365643 -0.481399790 0.364769586
173396.097198550 -0.366244219 0.625571703 0.260528326 0.571236150 -0.554379109 -0.486180956 0.360528976
173396.130532500 -0.366555397 0.607744118 0.260902276 0.572482776 -0.552591967 -0.489553812 0.356710883
173396.163866449 -0.367048734 0.587417358 0.261473565 0.573409527 -0.551740810 -0.491595988 0.353718783
173396.197200398 -0.367670647 0.564907672 0.261852510 0.573485881 -0.551399743 -0.493430063 0.351566553
173396.230534347 -0.368569441 0.540427791 0.262107766 0.572061382 -0.550812868 -0.496172970 0.350946355
173396.263868297 -0.370146562 0.514313395 0.262223851 0.568694381 -0.551136324 -0.499704504 0.350900075
173396.297202246 -0.372413584 0.486826376 0.262414923 0.564248065 -0.552914726 -0.502476401 0.351321638
173396.330536195 -0.374998221 0.458206383 0.263077232 0.559257502 -0.556324697 -0.504382712 0.351186499
173396.363870144 -0.378165959 0.428737228 0.264048305 0.554039611 -0.560845697 -0.505631808 0.350469239
173396.397204093 -0.381984054 0.398725773 0.265169161 0.548180635 -0.565739258 -0.506758495 0.350189821
173396.430538043 -0.386432228 0.368324477 0.266467752 0.542020605 -0.570492810 -0.508297966 0.349835383
173396.463871992 -0.391301689 0.337978145 0.267950928 0.536027379 -0.575339497 -0.509928210 0.348758272
173396.497205941 -0.396342846 0.308005630 0.269943197 0.529563809 -0.581569990 -0.510758818 0.347079167
173396.530539890 -0.401682608 0.278539679 0.272869131 0.521758910 -0.590114697 -0.510471235 0.344893319
173396.563873840 -0.407652832 0.250156376 0.276540835 0.513110518 -0.599823692 -0.508966358 0.343340038
173396.597207789 -0.413922374 0.223754919 0.280826749 0.503687427 -0.609314018 -0.507433070 0.342851399
173396.630541738 -0.421201978 0.199480621 0.285369403 0.493693217 -0.617382803 -0.506526049 0.344291800
173396.663875687 -0.428472589 0.177796486 0.290053515 0.483580471 -0.623517276 -0.507152063 0.346659660
173396.697209636 -0.435746741 0.159073503 0.294418399 0.474600789 -0.627570816 -0.508790553 0.349343864
173396.730543586 -0.443089666 0.143086226 0.299071833 0.467326525 -0.631923531 -0.508831120 0.351239891
173396.763877535 -0.449774482 0.130015397 0.304880587 0.463865362 -0.637377084 -0.505953168 0.350129650
173396.797211484 -0.455787461 0.119647306 0.311346284 0.464946769 -0.642828119 -0.501254304 0.345457137
173396.830545433 -0.461352091 0.111440786 0.317793739 0.468654863 -0.645859668 -0.497290850 0.340484536
173396.863879382 -0.466192275 0.104862912 0.324038012 0.472827157 -0.650449992 -0.492875949 0.332298942
173396.897213332 -0.470292156 0.099504775 0.329593810 0.475562680 -0.658912715 -0.486250377 0.321301637
