# timestamp tx ty tz qx qy qz qw
173373.396779135 0.001598205 0.002954514 0.000991630 0.528151747 -0.518450737 -0.439630007 0.508910623
173373.430113085 0.001548378 0.002653443 0.000620163 0.527561948 -0.517066637 -0.442426158 0.508507206
173373.463447034 0.001593497 0.002108978 -0.000645438 0.519512794 -0.511200533 -0.452708900 0.513648833
173373.496780983 0.001565835 0.001867457 -0.001642673 0.506695464 -0.502503568 -0.466910581 0.522249347
173373.530114932 0.001206323 0.001494517 -0.002854998 0.490042733 -0.488454604 -0.489131724 0.531055907
173373.563448882 0.000015201 0.001103023 -0.003661100 0.462994508 -0.469790433 -0.518656429 0.543993147
173373.596782831 -0.003648227 0.001261637 -0.003079076 0.424357768 -0.442323927 -0.545204643 0.571858309
173373.630116780 -0.013013778 0.002368022 -0.000552710 0.363871757 -0.401516479 -0.572811584 0.615035569
173373.663450729 -0.029281599 0.005207933 0.005808982 0.285116910 -0.346161906 -0.589561999 0.671786374
173373.696784678 -0.049026873 0.011281280 0.019074929 0.205233473 -0.286575034 -0.597739741 0.720042481
173373.730118628 -0.067758447 0.021944916 0.038909100 0.146400578 -0.238904135 -0.609538356 0.741589292
173373.763452577 -0.082508685 0.037264069 0.062842480 0.120691703 -0.218701875 -0.635649305 0.730447098
173373.796786526 -0.091619960 0.055557383 0.087651760 0.129404154 -0.230900762 -0.675459066 0.688254643
173373.830120475 -0.094426250 0.074611191 0.111903884 0.167064063 -0.267047473 -0.718141335 0.620522578
173373.863454424 -0.160976769 0.018275049 0.139339649 0.228218130 -0.313137021 -0.750828233 0.534900603
173373.896788374 -0.113006819 0.031267298 0.158296008 0.252955533 -0.338644540 -0.760937983 0.492246645
173373.930122323 -0.144971314 0.045545228 0.193375872 0.299858187 -0.383476741 -0.758699590 0.432903672
173373.963456272 -0.091793725 0.044250813 0.231574327 0.332359089 -0.420040922 -0.740269073 0.406330849
173373.996790221 -0.100049710 0.050097492 0.265600526 0.348588250 -0.448976971 -0.708804385 0.417734671
173374.030124171 -0.103429542 0.063657403 0.304289664 0.349195240 -0.473327395 -0.662925473 0.463199394
173374.063458120 -0.099150309 0.087641310 0.334417708 0.328157328 -0.488466751 -0.614994393 0.524876078
173374.096792069 -0.109724301 0.111239114 0.353031003 0.295745766 -0.499480344 -0.570653105 0.580869058
173374.130126018 -0.134384632 0.136594435 0.384327555 0.270293849 -0.501066757 -0.538711528 0.621017898
173374.163459967 -0.157208415 0.143921064 0.390748257 0.269020745 -0.503027184 -0.519119106 0.636480043
173374.196793917 -0.167026789 0.177138933 0.401935109 0.278985408 -0.506115387 -0.532871816 0.618111629
173374.230127866 -0.186505342 0.194871109 0.394288315 0.318462831 -0.507160414 -0.543976990 0.587757411
173374.263461815 -0.211524622 0.224233554 0.386428197 0.344370511 -0.498158678 -0.567948275 0.557388230
173374.296795764 -0.242707706 0.256371835 0.363357529 0.355373741 -0.480985855 -0.589500517 0.543002073
173374.330129713 -0.269924354 0.284299140 0.355604052 0.359989250 -0.459928363 -0.602151011 0.544323250
173374.363463663 -0.299985722 0.310351638 0.337178705 0.359699688 -0.434101787 -0.616802092 0.549296780
173374.396797612 -0.330441397 0.335890611 0.320210155 0.362843670 -0.408484016 -0.637945358 0.542688677
173374.430131561 -0.362212053 0.357177936 0.301059319 0.376823778 -0.384178896 -0.664185717 0.518910156
173374.463465510 -0.395875520 0.380745412 0.281024817 0.386688556 -0.361241043 -0.698569449 0.481640524
173374.496799460 -0.431226705 0.398155871 0.259161816 0.388350115 -0.338870844 -0.735526557 0.439717435
173374.530133409 -0.462500604 0.412536251 0.239347226 0.371897754 -0.316814800 -0.761178888 0.426529183
173374.563467358 -0.484736427 0.427274664 0.228416731 0.349673345 -0.302782488 -0.760447534 0.455818894
173374.596801307 -0.498272939 0.441688341 0.217991281 0.351666449 -0.287949739 -0.740462751 0.495106626
173374.630135256 -0.508134665 0.449301085 0.206396949 0.363158780 -0.282905080 -0.728783349 0.506907532
173374.663469206 -0.518884874 0.457214902 0.196328476 0.382408122 -0.284369654 -0.728080442 0.492744150
173374.696803155 -0.528095454 0.461482958 0.188736678 0.403584810 -0.286571047 -0.728958359 0.472880584
173374.730137104 -0.538200609 0.462910312 0.181559665 0.422504357 -0.292473815 -0.729696402 0.451101203
173374.763471053 -0.552425231 0.456949946 0.174442062 0.438426698 -0.302432661 -0.733650790 0.421987008
173374.796805002 -0.562077431 0.448731521 0.170631555 0.458136323 -0.311632100 -0.725121426 0.408895415
173374.830138952 -0.565662377 0.445130228 0.167993573 0.487415091 -0.318291000 -0.697354797 0.418107228
173374.863472901 -0.567916433 0.443277959 0.163754226 0.514762032 -0.322287518 -0.679347457 0.411871144
173374.896806850 -0.568769244 0.440576554 0.161884052 0.536787292 -0.326611842 -0.660176255 0.411523292
173374.930140799 -0.567827053 0.433744751 0.160597284 0.555131685 -0.329056564 -0.643531793 0.411603475
173374.963474749 -0.564304273 0.429003409 0.160473978 0.573572164 -0.333288157 -0.630868070 0.402417017
173374.996808698 -0.557822784 0.424056320 0.163415974 0.592958667 -0.341477381 -0.621662158 0.381220905
173375.030142647 -0.550410253 0.417366849 0.168032983 0.611246721 -0.357196423 -0.613499283 0.349866820
173375.063476596 -0.542721402 0.408556323 0.174178388 0.625357040 -0.375430222 -0.605676773 0.318019447
173375.096810545 -0.532304849 0.399723502 0.181255408 0.636572756 -0.397598371 -0.592245167 0.293148977
173375.130144495 -0.521676976 0.392564741 0.189146261 0.643689932 -0.421308779 -0.578789072 0.270491026
173375.163478444 -0.509858260 0.385637434 0.196930880 0.648800130 -0.445096553 -0.564216938 0.250213303
173375.196812393 -0.499032054 0.380189714 0.204628076 0.653157421 -0.465771220 -0.548009634 0.236913477
173375.230146342 -0.487358313 0.378231507 0.209166095 0.656050102 -0.467863177 -0.543111883 0.236075824
173375.263480291 -0.474764951 0.378525091 0.211761561 0.662919749 -0.458862086 -0.539245310 0.243305340
173375.296814241 -0.461360195 0.379388519 0.214217308 0.671717923 -0.452524529 -0.528674524 0.254007539
173375.330148190 -0.446690326 0.380459509 0.216791981 0.678611796 -0.453387834 -0.511774169 0.268351825
173375.363482139 -0.432325935 0.380483845 0.218670637 0.678134235 -0.460552050 -0.496794062 0.284993735
173375.396816088 -0.417348486 0.381798166 0.220815907 0.670863155 -0.477357265 -0.480016269 0.302749154
173375.430150038 -0.401352770 0.381766684 0.224370000 0.658826098 -0.498419896 -0.462690922 0.321625389
173375.463483987 -0.385504427 0.381697026 0.227349364 0.641068216 -0.529082201 -0.441536069 0.337860130
173375.496817936 -0.371492067 0.382109203 0.233842982 0.623256212 -0.557555101 -0.419559014 0.353064068
173375.530151885 -0.360848171 0.385191656 0.241559622 0.612263296 -0.570610579 -0.408874861 0.363811174
173375.563485834 -0.353312585 0.388646764 0.251134072 0.604658433 -0.572000903 -0.411350776 0.371475013
173375.596819784 -0.348310672 0.392976328 0.261490388 0.594568566 -0.566040050 -0.420938396 0.385872710
173375.630153733 -0.346263673 0.397350248 0.273170698 0.582212950 -0.557902487 -0.434258564 0.401487727
173375.663487682 -0.347097811 0.401862824 0.288566962 0.573854875 -0.547787897 -0.449541401 0.410525920
173375.696821631 -0.350697082 0.406176138 0.306888779 0.569746796 -0.537180176 -0.463097782 0.415170437
173375.730155580 -0.355171971 0.408706159 0.328283777 0.568179481 -0.532077065 -0.469635668 0.416543412
173375.763489530 -0.358805631 0.410537528 0.352038812 0.570017083 -0.532510157 -0.469448287 0.413680751
173375.796823479 -0.363362757 0.410709642 0.376973704 0.574780121 -0.536759145 -0.465754032 0.405697687
173375.830157428 -0.368457509 0.409635507 0.402190532 0.582631871 -0.544222452 -0.456959483 0.394398349
173375.863491377 -0.373219188 0.407777370 0.426682810 0.592649739 -0.551509568 -0.445759049 0.381971667
173375.896825327 -0.378814094 0.404968223 0.449353438 0.603312559 -0.555958834 -0.434533996 0.371623381
173375.930159276 -0.386892614 0.401806387 0.468862300 0.613462919 -0.558008198 -0.425193450 0.362630152
173375.963493225 -0.395573387 0.398226699 0.486164194 0.621298254 -0.560667092 -0.416360014 0.355366331
173375.996827174 -0.403401929 0.391851163 0.503165329 0.627460773 -0.568088083 -0.403443844 0.347565783
173376.030161123 -0.412333602 0.386073632 0.518520119 0.631904085 -0.579635604 -0.388054191 0.337836853
173376.063495073 -0.421158683 0.378199985 0.531819080 0.634609218 -0.590385741 -0.373857155 0.330070665
173376.096829022 -0.429939125 0.369318668 0.541900443 0.636052602 -0.596529163 -0.365059887 0.326069509
173376.130162971 -0.437292287 0.360106173 0.550468290 0.636526510 -0.600562322 -0.361803016 0.321337014
173376.163496920 -0.442677640 0.350363546 0.559045179 0.637358449 -0.606567671 -0.356284786 0.314501224
173376.196830869 -0.447326877 0.341906519 0.567234466 0.638405637 -0.613056600 -0.348557381 0.308395201
173376.230164819 -0.451091162 0.335680471 0.574388952 0.642615342 -0.615736644 -0.340190131 0.303619140
173376.263498768 -0.452834330 0.331822250 0.579751201 0.649456604 -0.610735713 -0.333796423 0.306248193
173376.296832717 -0.451457401 0.330608111 0.581891871 0.655132150 -0.598770543 -0.331973774 0.319482575
173376.330166666 -0.450189189 0.332005470 0.582590004 0.658474693 -0.585205625 -0.332093541 0.337134002
173376.363500616 -0.447381876 0.335221539 0.582390032 0.658969861 -0.574850126 -0.331454311 0.354180878
173376.396834565 -0.443459569 0.339664174 0.582265164 0.658500414 -0.568783314 -0.329246157 0.366687488
173376.430168514 -0.437604885 0.345462696 0.581854607 0.655902501 -0.566147941 -0.327032547 0.377250754
173376.463502463 -0.429002554 0.352899854 0.580279165 0.649309002 -0.566165480 -0.325593028 0.389671206
173376.496836412 -0.418784372 0.359986688 0.579625672 0.642141291 -0.569597928 -0.325525847 0.396542160
173376.530170362 -0.405866349 0.366939929 0.580332218 0.634686296 -0.575988070 -0.324528701 0.400115197
173376.563504311 -0.390955818 0.374005491 0.580842562 0.626445824 -0.581682166 -0.324083868 0.405192712
173376.596838260 -0.373376412 0.380321042 0.580624889 0.616863162 -0.584600325 -0.329159412 0.411553620
173376.630172209 -0.353769178 0.386427850 0.579897083 0.608215790 -0.583108752 -0.339420318 0.418152585
173376.663506158 -0.331507708 0.393124845 0.580368714 0.604807036 -0.579941068 -0.347076792 0.421206016
173376.696840108 -0.306994541 0.400369084 0.582116124 0.603257797 -0.579582194 -0.349695927 0.421754987
173376.730174057 -0.281841999 0.407244571 0.584452676 0.599678436 -0.584729252 -0.349515364 0.419900566
173376.763508006 -0.255679349 0.413376667 0.586684273 0.595563689 -0.592781075 -0.346885565 0.416635205
173376.796841955 -0.229851680 0.419194582 0.588330612 0.591342655 -0.601451725 -0.343932304 0.412650285
173376.830175905 -0.205085052 0.424363599 0.588772935 0.588985215 -0.605850225 -0.344135189 0.409405536
173376.863509854 -0.182175772 0.428460368 0.588104192 0.586690812 -0.609052331 -0.345891837 0.406457852
173376.896843803 -0.162125100 0.430228838 0.587075931 0.582442229 -0.614957068 -0.346995130 0.402719796
173376.930177752 -0.145322038 0.430389918 0.585170341 0.576041250 -0.622777400 -0.348868733 0.398265485
173376.963511701 -0.131696291 0.430040829 0.581452928 0.567805264 -0.629213852 -0.355213054 0.394348573
173376.996845651 -0.121576633 0.430903970 0.576556117 0.558949350 -0.632880403 -0.366434389 0.390850174
173377.030179600 -0.114991839 0.431371198 0.571373015 0.550857521 -0.635886122 -0.378054613 0.386367107
173377.063513549 -0.112114746 0.432281058 0.566662666 0.544448522 -0.638098437 -0.387985039 0.381934290
173377.096847498 -0.113166062 0.433738539 0.562496532 0.539518700 -0.638797701 -0.396735666 0.378758341
173377.130181447 -0.118486583 0.436249640 0.558892563 0.535792154 -0.638234334 -0.404541863 0.376735431
173377.163515397 -0.127812037 0.441278051 0.555590596 0.535037440 -0.634534119 -0.410878641 0.377200387
173377.196849346 -0.141938814 0.447112753 0.552342683 0.535536826 -0.629958754 -0.414079446 0.380644832
173377.230183295 -0.161592272 0.454111387 0.547047984 0.534856923 -0.625106810 -0.416217911 0.387210793
173377.263517244 -0.185283679 0.461357508 0.539377920 0.531914019 -0.619797851 -0.422261153 0.393209384
173377.296851194 -0.211619589 0.468740162 0.530385018 0.529014959 -0.615871305 -0.431374955 0.393397201
173377.330185143 -0.237693351 0.475725128 0.520935180 0.528985360 -0.614190663 -0.438818417 0.387792104
173377.363519092 -0.262177519 0.481332665 0.512083096 0.528147860 -0.615012653 -0.444028254 0.381651914
173377.396853041 -0.285047330 0.485958083 0.503316450 0.524156799 -0.616009579 -0.451367310 0.376907681
173377.430186990 -0.305076337 0.490780506 0.494838631 0.518673224 -0.617251559 -0.458105295 0.374323575
173377.463520940 -0.322983538 0.494690044 0.488644420 0.515328163 -0.617745136 -0.460961713 0.374622650
173377.496854889 -0.338890355 0.498354853 0.483670264 0.513470276 -0.618023879 -0.460961756 0.376708136
173377.530188838 -0.352642751 0.502486623 0.479503537 0.513757208 -0.616369186 -0.461107388 0.378843680
173377.563522787 -0.363422038 0.507806422 0.476312594 0.516691158 -0.613900275 -0.460155077 0.380018427
173377.596856736 -0.371326457 0.513260289 0.474311349 0.521828620 -0.612209382 -0.457065009 0.379455059
173377.630190686 -0.375912499 0.519027488 0.473348795 0.527421424 -0.611380629 -0.453918588 0.376826596
173377.663524635 -0.377247832 0.524726942 0.473394327 0.532909027 -0.610935616 -0.451551160 0.372648885
173377.696858584 -0.376329017 0.530900411 0.474060598 0.539986733 -0.608679891 -0.449254785 0.368908196
173377.730192533 -0.373793383 0.536845450 0.475196310 0.549863234 -0.604063158 -0.445474754 0.366483790
173377.763526483 -0.369970230 0.541966930 0.477032768 0.560044942 -0.599301482 -0.438985054 0.366714492
173377.796860432 -0.364771891 0.545630361 0.479186174 0.566701405 -0.596583641 -0.431240948 0.370092855
173377.830194381 -0.358917553 0.547333750 0.481404491 0.568700340 -0.595252223 -0.425415235 0.375867785
173377.863528330 -0.351666589 0.547288917 0.483648624 0.567323346 -0.595658907 -0.421452063 0.381723519
173377.896862279 -0.343244991 0.545257027 0.486198734 0.565296147 -0.596998612 -0.418720695 0.385624044
173377.930196229 -0.333858492 0.541712239 0.489461709 0.563434205 -0.600448362 -0.415407614 0.386574930
173377.963530178 -0.323949676 0.535593329 0.493727694 0.559948911 -0.607351925 -0.410487514 0.386109903
173377.996864127 -0.314065064 0.526587458 0.498830226 0.555601487 -0.616299772 -0.405371673 0.383608374
173378.030198076 -0.304697068 0.514703047 0.504396708 0.549724444 -0.625864382 -0.402431091 0.379665679
173378.063532025 -0.296115794 0.499817768 0.510274204 0.541877866 -0.636149597 -0.401300637 0.375019822
173378.096865975 -0.288970087 0.482308945 0.516261753 0.532252579 -0.646623865 -0.403366510 0.368619354
173378.130199924 -0.283948393 0.461957586 0.522523140 0.519771552 -0.659551234 -0.407389572 0.358975542
173378.163533873 -0.281770928 0.438853778 0.529019670 0.503786968 -0.675637745 -0.410760412 0.347833598
173378.196867822 -0.284127719 0.413358824 0.535098202 0.483556386 -0.692902742 -0.416430909 0.335625251
173378.230201772 -0.290398557 0.386617352 0.540618202 0.459905618 -0.712102561 -0.421763851 0.321732838
173378.263535721 -0.300735322 0.358691562 0.544745360 0.434483989 -0.731466522 -0.427081026 0.306238776
173378.296869670 -0.315126442 0.330785806 0.546738700 0.408910373 -0.748486809 -0.434492848 0.289440441
173378.330203619 -0.333084260 0.303181567 0.546309166 0.382694968 -0.762457837 -0.445250197 0.271946448
173378.363537568 -0.354932301 0.276740979 0.543441168 0.355111532 -0.773399698 -0.459856308 0.253536749
173378.396871518 -0.380367658 0.252052389 0.538707690 0.325403508 -0.783204398 -0.475818052 0.233024911
173378.430205467 -0.408183465 0.230011787 0.532256740 0.295397323 -0.791615744 -0.492046746 0.209702015
173378.463539416 -0.437321276 0.210791528 0.524765608 0.266244945 -0.798419673 -0.507358564 0.185005252
173378.496873365 -0.467502373 0.194403910 0.516374441 0.238073202 -0.803492323 -0.521092763 0.161813379
173378.530207314 -0.497251332 0.181017695 0.507591226 0.209866197 -0.807190127 -0.533106883 0.142117306
173378.563541264 -0.525586464 0.170771961 0.498502923 0.183365123 -0.809064478 -0.543757579 0.126962974
173378.596875213 -0.551029336 0.163056522 0.490220552 0.158706889 -0.809949835 -0.552233809 0.117606160
173378.630209162 -0.572394204 0.157680646 0.482709329 0.136793183 -0.810087181 -0.558295869 0.115551315
173378.663543111 -0.588195740 0.154470769 0.475403124 0.120541432 -0.807266608 -0.565363514 0.118972615
173378.696877061 -0.597524451 0.153619351 0.467078994 0.112953124 -0.799823253 -0.575962240 0.125665646
173378.730211010 -0.600146148 0.154287663 0.458235148 0.114743268 -0.788305354 -0.589053514 0.135737279
173378.763544959 -0.596867205 0.155697824 0.449633107 0.118989259 -0.776599462 -0.599718804 0.151895319
173378.796878908 -0.588211874 0.157833550 0.441745608 0.121592711 -0.769278461 -0.601786864 0.176857094
173378.830212857 -0.572942702 0.160591510 0.434947493 0.125320255 -0.767544671 -0.592308417 0.210572436
173378.863546807 -0.553624408 0.165316852 0.427507615 0.132103778 -0.767179214 -0.575643870 0.250237449
173378.896880756 -0.531108071 0.173334630 0.418776017 0.146789368 -0.763194385 -0.557545662 0.291770538
173378.930214705 -0.506798745 0.185471362 0.408264073 0.170233439 -0.753313118 -0.541724794 0.331774276
173378.963548654 -0.481472162 0.201706290 0.396107721 0.199844836 -0.739123897 -0.527148688 0.368608421
173378.996882603 -0.456789721 0.221286861 0.383880001 0.231575973 -0.722914621 -0.513638055 0.399928702
173379.030216553 -0.433653457 0.243308772 0.373232360 0.264738204 -0.707676040 -0.498170846 0.425363507
173379.063550502 -0.412448509 0.268079364 0.363656760 0.301071090 -0.691367047 -0.480776229 0.447461756
173379.096884451 -0.394993075 0.294509574 0.356120082 0.339386504 -0.671320140 -0.464565465 0.467252608
173379.130218400 -0.381005233 0.321650338 0.351153992 0.377812196 -0.649128668 -0.449733934 0.483352154
173379.163552350 -0.370080030 0.348006979 0.349190016 0.413971502 -0.629241724 -0.432940198 0.495222407
173379.196886299 -0.362266600 0.373068917 0.349849499 0.447895896 -0.611456702 -0.414751554 0.503479013
173379.230220248 -0.356479949 0.396586929 0.352712923 0.480433947 -0.595601175 -0.395094911 0.508274014
173379.263554197 -0.352622880 0.417684474 0.356264040 0.508890819 -0.579205026 -0.378561824 0.512096298
173379.296888146 -0.349878726 0.435353898 0.360859150 0.531111197 -0.565170422 -0.367448864 0.513307532
173379.330222096 -0.347612930 0.451045453 0.366587996 0.546767285 -0.554913862 -0.356404630 0.515840946
173379.363556045 -0.346001918 0.464562241 0.372594349 0.558138205 -0.548767519 -0.345473804 0.517671522
173379.396889994 -0.345100620 0.476321802 0.378598489 0.568304669 -0.545561939 -0.331994886 0.518817280
173379.430223943 -0.343929369 0.486819902 0.383901000 0.579664994 -0.541447817 -0.317917422 0.519375846
173379.463557892 -0.342654294 0.495363119 0.388226049 0.591452061 -0.534266840 -0.304025605 0.521835065
173379.496891842 -0.341829994 0.501484931 0.390490016 0.599420012 -0.525807073 -0.295144603 0.526414509
173379.530225791 -0.340854510 0.503760129 0.391357883 0.603729144 -0.518672920 -0.290206583 0.531290563
173379.563559740 -0.338539961 0.501916607 0.392014746 0.606257236 -0.517518056 -0.285959754 0.531840431
173379.596893689 -0.335505391 0.495728949 0.392478353 0.607342477 -0.522262964 -0.283022842 0.527517377
173379.630227639 -0.331985796 0.484696488 0.392376543 0.605898380 -0.531270032 -0.282866984 0.520216854
173379.663561588 -0.327117846 0.469677632 0.391613846 0.602202188 -0.542610330 -0.286703178 0.510615161
173379.696895537 -0.322927168 0.451479630 0.390324951 0.597353763 -0.553528147 -0.293133754 0.500846957
173379.730229486 -0.319850609 0.432331055 0.389358931 0.591057562 -0.565909807 -0.300206977 0.490176315
173379.763563435 -0.317929320 0.412337927 0.388762556 0.582984073 -0.578856201 -0.307127137 0.480341535
173379.796897385 -0.317208887 0.391263668 0.387822659 0.571073412 -0.591693475 -0.318050022 0.471824304
173379.830231334 -0.317862275 0.369766595 0.386982848 0.557788996 -0.603931655 -0.329749301 0.464115708
173379.863565283 -0.319277193 0.348699812 0.386423573 0.544868805 -0.615476672 -0.339760739 0.457021981
173379.896899232 -0.321557402 0.329038896 0.385719120 0.533122232 -0.625895317 -0.348902925 0.449780487
173379.930233181 -0.324146762 0.311529466 0.384690372 0.524269126 -0.633960800 -0.357352102 0.442193468
173379.963567131 -0.326563117 0.296949771 0.383337975 0.517654231 -0.640038003 -0.364390740 0.435436379
173379.996901080 -0.329509606 0.285426472 0.382029895 0.512190437 -0.644389011 -0.369277420 0.431344347
173380.030235029 -0.333000311 0.276656159 0.380433186 0.506424789 -0.647034127 -0.373958089 0.430158249
173380.063568978 -0.336972964 0.270248849 0.378479896 0.499704427 -0.648485094 -0.379270464 0.431180339
173380.096902928 -0.340731981 0.266182074 0.376362837 0.493406469 -0.649271085 -0.384101880 0.432969815
173380.130236877 -0.344390571 0.264222427 0.374132361 0.488689848 -0.649642761 -0.388698095 0.433659205
173380.163570826 -0.347331252 0.264360236 0.371897307 0.486401646 -0.648705822 -0.393492508 0.433310330
173380.196904775 -0.349527898 0.266114939 0.369814992 0.486546145 -0.646484823 -0.397906871 0.432435365
173380.230238724 -0.350648451 0.269557175 0.368084594 0.488355060 -0.642754125 -0.401766872 0.432388542
173380.263572674 -0.350960953 0.273866362 0.366536439 0.491614937 -0.637649204 -0.405203724 0.433045250
173380.296906623 -0.350636073 0.280587704 0.365635575 0.496469173 -0.631448858 -0.408097454 0.433874600
173380.330240572 -0.349493804 0.288489777 0.365706107 0.502366791 -0.625290757 -0.409569828 0.434616649
173380.363574521 -0.347982657 0.297546084 0.366968441 0.508405832 -0.620357326 -0.409670446 0.434569239
173380.396908470 -0.346465275 0.307610101 0.369096689 0.513313399 -0.616480530 -0.410058342 0.433950765
173380.430242420 -0.344719159 0.318488948 0.372243772 0.517033853 -0.613201898 -0.411256252 0.433044711
173380.463576369 -0.342674879 0.330148447 0.376263998 0.520615855 -0.610018920 -0.411953404 0.432585763
173380.496910318 -0.340319789 0.342530148 0.381058309 0.524939264 -0.607159753 -0.411370787 0.431937354
173380.530244267 -0.337844945 0.355482149 0.386187586 0.530012140 -0.604667483 -0.410300598 0.430253164
173380.563578217 -0.335583669 0.368620211 0.390949325 0.534955286 -0.602283310 -0.410827360 0.426964327
173380.596912166 -0.333667351 0.381782587 0.395177840 0.539761356 -0.600609717 -0.412028878 0.422087492
173380.630246115 -0.331913892 0.395087809 0.398851891 0.544807759 -0.599494287 -0.413045280 0.416154662
173380.663580064 -0.330100662 0.407871264 0.402041758 0.550038407 -0.598132149 -0.413662017 0.410584241
173380.696914013 -0.328912964 0.420692329 0.404208147 0.555292000 -0.595428293 -0.414907296 0.406162379
173380.730247963 -0.327898015 0.432403882 0.405897773 0.560222297 -0.592239847 -0.415830466 0.403097960
173380.763581912 -0.327026707 0.443406780 0.407504336 0.564306087 -0.589895738 -0.414900285 0.401795236
173380.796915861 -0.326647447 0.453511219 0.408608090 0.565402207 -0.588539918 -0.413463827 0.403718680
173380.830249810 -0.326647504 0.462784971 0.408702232 0.563584363 -0.587458677 -0.413654398 0.407621157
173380.863583759 -0.326460609 0.470313915 0.408142614 0.560395498 -0.586524420 -0.414428450 0.412547028
173380.896917709 -0.325901067 0.475806993 0.406933990 0.556386934 -0.585950886 -0.414810320 0.418362925
173380.930251658 -0.325187378 0.479157443 0.404775443 0.551587400 -0.585322216 -0.415661780 0.424705225
173380.963585607 -0.324019578 0.479869550 0.401735205 0.545548944 -0.584752167 -0.418086299 0.430865523
173380.996919556 -0.321176573 0.476753002 0.398443567 0.538622803 -0.584202945 -0.421321924 0.437127248
173381.030253506 -0.317222281 0.470288934 0.395079835 0.531316556 -0.585185470 -0.424376001 0.441775613
173381.063587455 -0.312151485 0.460606043 0.391737810 0.524249854 -0.586653428 -0.427066204 0.445661648
173381.096921404 -0.306802812 0.448448364 0.388460864 0.518032644 -0.586953611 -0.430076438 0.449624171
173381.130255353 -0.301590837 0.434763776 0.386034883 0.513304693 -0.586950404 -0.431582722 0.453589980
173381.163589302 -0.296505441 0.420456085 0.385142266 0.509972308 -0.587748184 -0.430593641 0.457241111
173381.196923252 -0.292204808 0.405879684 0.385888697 0.505943481 -0.591426572 -0.427651569 0.459728114
173381.230257201 -0.289414119 0.391976774 0.387483241 0.499783391 -0.596827822 -0.425556575 0.461426824
173381.263591150 -0.288205705 0.378997608 0.389551962 0.493336884 -0.601812952 -0.424673996 0.462700644
173381.296925099 -0.287734907 0.367506904 0.392523414 0.488064216 -0.607495383 -0.422472477 0.462881937
173381.330259049 -0.288438701 0.357822426 0.395444692 0.484312244 -0.611865472 -0.420364487 0.462985953
173381.363592998 -0.289827022 0.349947316 0.398180930 0.482530169 -0.614834358 -0.419432244 0.461757448
173381.396926947 -0.291812432 0.343861661 0.400728023 0.481974429 -0.616992476 -0.418341443 0.460446927
173381.430260896 -0.294271250 0.339168353 0.402818068 0.482254548 -0.617813334 -0.417312689 0.459986255
173381.463594845 -0.297155573 0.335565651 0.404371884 0.482845782 -0.617833362 -0.416912176 0.459702214
173381.496928795 -0.300294897 0.332804063 0.405095307 0.483512552 -0.616356444 -0.418080259 0.459923083
173381.530262744 -0.303696658 0.330833542 0.405327469 0.484972577 -0.614441036 -0.419358589 0.459784936
173381.563596693 -0.306620853 0.329562379 0.405472732 0.489750823 -0.611731228 -0.419243536 0.458436357
173381.596930642 -0.309166639 0.328711472 0.405668740 0.497551492 -0.608958762 -0.417578371 0.455236250
173381.630264591 -0.312387902 0.328716945 0.405465897 0.505843883 -0.606022362 -0.416475645 0.451006542
173381.663598541 -0.315278023 0.328326094 0.405056634 0.513990344 -0.603158291 -0.416209307 0.445851786
173381.696932490 -0.318197371 0.327776901 0.404600953 0.522226295 -0.600426094 -0.414963688 0.441104681
173381.730266439 -0.321353669 0.327759752 0.403603632 0.530189313 -0.596000412 -0.414365796 0.438159547
173381.763600388 -0.324964650 0.328524675 0.402083779 0.537324043 -0.590659632 -0.414604089 0.436471673
173381.796934338 -0.328977662 0.329915313 0.400230540 0.543446772 -0.585463720 -0.414818852 0.435686996
173381.830268287 -0.333245141 0.331091467 0.398344067 0.548370447 -0.581601271 -0.413947411 0.435519637
173381.863602236 -0.337595109 0.332464750 0.396436323 0.552379418 -0.579147895 -0.411968393 0.435599286
173381.896936185 -0.341827366 0.333791711 0.394275768 0.555444912 -0.576999941 -0.410378968 0.436051741
173381.930270134 -0.345723215 0.334926356 0.391945152 0.557852136 -0.574607852 -0.409093233 0.437343729
173381.963604084 -0.348888795 0.335908064 0.389764896 0.560339396 -0.571889804 -0.407097403 0.439583346
173381.996938033 -0.351449316 0.336843617 0.387687259 0.562726678 -0.568441235 -0.405170497 0.442775470
173382.030271982 -0.353418161 0.337615532 0.385818332 0.564675665 -0.564235360 -0.403757970 0.446944462
173382.063605931 -0.354997415 0.338220111 0.384530241 0.566465335 -0.559871189 -0.401427437 0.452235878
173382.096939880 -0.355914739 0.339093883 0.383943682 0.567547539 -0.556555630 -0.398090857 0.457885674
173382.130273830 -0.356125401 0.340292494 0.383846341 0.568741572 -0.553487219 -0.393852857 0.463750849
173382.163607779 -0.356225888 0.341497103 0.383867102 0.570069709 -0.550444247 -0.389857366 0.469087297
173382.196941728 -0.356141802 0.342430368 0.383930612 0.571503626 -0.547295400 -0.386147867 0.474068745
173382.230275677 -0.355918950 0.343689248 0.384079650 0.572826682 -0.544686841 -0.382307436 0.478567510
173382.263609627 -0.355727747 0.344984502 0.384058853 0.573382655 -0.542611080 -0.379281390 0.482650157
173382.296943576 -0.355762983 0.346164337 0.383727459 0.572945017 -0.540634602 -0.377703654 0.486608861
173382.330277525 -0.356101565 0.347234794 0.383183619 0.571790529 -0.538787657 -0.377092132 0.490474235
173382.363611474 -0.356397723 0.348350950 0.382447378 0.570184748 -0.536811059 -0.377248153 0.494375435
173382.396945423 -0.356659666 0.349456452 0.381617281 0.568932965 -0.534454782 -0.377994895 0.497788336
173382.430279373 -0.357082305 0.350705545 0.380768799 0.567998448 -0.531954233 -0.379803617 0.500151647
173382.463613322 -0.357662353 0.351782475 0.380063354 0.566764743 -0.530124533 -0.382474673 0.501456708
173382.496947271 -0.358684598 0.352459519 0.379493389 0.563899166 -0.530760368 -0.386524767 0.500908942
173382.530281220 -0.359696649 0.352404010 0.378775677 0.559494589 -0.533827301 -0.392830451 0.497673040
173382.563615169 -0.360244791 0.351235495 0.377827722 0.555020787 -0.538533778 -0.402493851 0.489828538
173382.596949119 -0.359589525 0.348970182 0.377572328 0.553527990 -0.545046016 -0.411707826 0.476474839
173382.630283068 -0.357492835 0.345703748 0.378889338 0.555773814 -0.554239784 -0.417927715 0.457460550
173382.663617017 -0.354627208 0.341250509 0.382091589 0.559040461 -0.565636241 -0.422056044 0.435198921
173382.696950966 -0.351963660 0.336117195 0.387380277 0.560710062 -0.578359733 -0.425533775 0.412341183
173382.730284916 -0.350295853 0.331009365 0.395184461 0.559495764 -0.591971093 -0.427725738 0.391899742
173382.763618865 -0.350077578 0.326480299 0.406038716 0.554937449 -0.609074024 -0.425484479 0.374214135
173382.796952814 -0.351997449 0.323031868 0.419274054 0.546573731 -0.629528190 -0.419492401 0.359134432
173382.830286763 -0.354536497 0.322615029 0.434821822 0.535254187 -0.652030584 -0.409270591 0.347644441
173382.863620712 -0.353307840 0.326247858 0.452298552 0.532675662 -0.668476923 -0.392039016 0.340147985
173382.896954662 -0.351926434 0.331996373 0.468795326 0.535287531 -0.679932643 -0.378321902 0.328681302
173382.930288611 -0.353004223 0.338713499 0.485012703 0.536860694 -0.691472283 -0.368600002 0.312699082
173382.963622560 -0.357670308 0.345069240 0.503267224 0.534381955 -0.711180549 -0.352610309 0.290386163
173382.996956509 -0.364731872 0.351724656 0.522339296 0.530450650 -0.734182227 -0.330967444 0.264686826
173383.030290458 -0.371018989 0.359611141 0.541369108 0.528703413 -0.750634042 -0.310684298 0.245960370
173383.063624408 -0.375836533 0.368813852 0.560331136 0.530637022 -0.761065743 -0.292558938 0.231543846
173383.096958357 -0.380094081 0.378042396 0.577973237 0.534785799 -0.767466114 -0.276901623 0.219830398
173383.130292306 -0.383103856 0.386826095 0.593815222 0.536275132 -0.772759063 -0.264328429 0.213032616
173383.163626255 -0.384934369 0.394845953 0.607115465 0.536743310 -0.775755278 -0.253598876 0.214004621
173383.196960205 -0.384410655 0.402451827 0.615970426 0.536426375 -0.773850890 -0.252189327 0.223163815
173383.230294154 -0.381303628 0.409153872 0.620005269 0.535328641 -0.766672386 -0.261182581 0.239625455
173383.263628103 -0.376544687 0.414995532 0.619682233 0.532637858 -0.757186542 -0.275228510 0.259258017
173383.296962052 -0.372129309 0.420049865 0.615117740 0.526543915 -0.747687551 -0.293012875 0.279030977
173383.330296001 -0.367348315 0.424759424 0.607419740 0.519020211 -0.737506143 -0.311512444 0.299437317
173383.363629951 -0.361674036 0.429003408 0.597281337 0.513540900 -0.725977057 -0.327134803 0.319712178
173383.396963900 -0.356308657 0.432342077 0.584272474 0.506476362 -0.714007774 -0.344398357 0.339211386
173383.430297849 -0.352683563 0.434441667 0.567248003 0.495744618 -0.700749487 -0.369616773 0.355768002
173383.463631798 -0.351290093 0.435956271 0.546469017 0.480411856 -0.683154679 -0.405508423 0.371573751
173383.496965747 -0.351956200 0.436497660 0.521816730 0.458508040 -0.657925251 -0.452577492 0.389972248
173383.530299697 -0.355271369 0.435800550 0.494807885 0.427314106 -0.627185563 -0.507319922 0.408249214
173383.563633646 -0.361846995 0.435046536 0.467107338 0.389065682 -0.592130733 -0.560089850 0.429311601
173383.596967595 -0.370415450 0.433245277 0.441560744 0.346581636 -0.558876537 -0.601467418 0.453624438
173383.630301544 -0.380251538 0.431375532 0.419744801 0.308088815 -0.531673664 -0.627996734 0.477519109
173383.663635494 -0.388105969 0.428056135 0.402158536 0.280169869 -0.513954640 -0.638887733 0.499177260
173383.696969443 -0.394985912 0.423064967 0.387669608 0.258885481 -0.503139077 -0.641956644 0.517417669
173383.730303392 -0.402781455 0.415913806 0.375948491 0.237518534 -0.495867522 -0.643957535 0.531995338
173383.763637341 -0.411097835 0.406467231 0.367014630 0.217173729 -0.490944037 -0.646131883 0.542515542
173383.796971290 -0.419800188 0.396336216 0.360771456 0.200859778 -0.485013179 -0.658231521 0.539582089
173383.830305240 -0.426544521 0.386426045 0.359714816 0.197403345 -0.487458238 -0.663048211 0.532713295
173383.863639189 -0.429859181 0.374954090 0.362758807 0.206121779 -0.501290679 -0.661230061 0.518648506
173383.896973138 -0.429463465 0.362901790 0.369093638 0.223339934 -0.525398296 -0.653540839 0.496950979
173383.930307087 -0.426166809 0.350211841 0.379503762 0.244988094 -0.554232079 -0.641968391 0.469770391
173383.963641036 -0.422885906 0.337610396 0.393568757 0.269159021 -0.581317838 -0.631564556 0.436748446
173383.996974986 -0.419661870 0.325999226 0.411869722 0.297445206 -0.603589513 -0.618956592 0.405091084
173384.030308935 -0.417107536 0.315810350 0.434723627 0.328532925 -0.622476363 -0.603797021 0.374190395
173384.063642884 -0.414676478 0.306991585 0.461942318 0.361171716 -0.641826701 -0.582947056 0.343199952
173384.096976833 -0.413387260 0.300441714 0.492683473 0.395547625 -0.661230995 -0.554308244 0.314734837
173384.130310783 -0.412383274 0.296169193 0.525545774 0.430404624 -0.680876100 -0.514766487 0.293555889
173384.163644732 -0.412009589 0.294679234 0.558767838 0.465098767 -0.698358989 -0.469407388 0.275017387
173384.196978681 -0.412938529 0.296237897 0.591072926 0.496181673 -0.714375090 -0.421630898 0.256318872
173384.230312630 -0.414578315 0.300636815 0.621128717 0.523588223 -0.728173541 -0.373420593 0.237014192
173384.263646579 -0.416176147 0.307275949 0.647830230 0.548019301 -0.738229422 -0.329042682 0.215460159
173384.296980529 -0.417819167 0.315974332 0.670883219 0.569998091 -0.743714767 -0.289499504 0.195398464
173384.330314478 -0.418475390 0.326568412 0.690094500 0.589527183 -0.746141734 -0.250670474 0.181368484
173384.363648427 -0.418212197 0.338638182 0.704900220 0.605205775 -0.747077090 -0.212808223 0.174110457
173384.396982376 -0.416679365 0.351493811 0.715111623 0.619877368 -0.742567174 -0.186303791 0.172153821
173384.430316325 -0.413363542 0.362954037 0.722816589 0.634447208 -0.733961175 -0.172411613 0.170446382
173384.463650275 -0.409785249 0.375632893 0.728730225 0.647002719 -0.724907445 -0.160850785 0.173273493
173384.496984224 -0.405942482 0.388027487 0.732436305 0.656631612 -0.716823138 -0.152030175 0.178567468
173384.530318173 -0.402070027 0.401221651 0.732668518 0.666504021 -0.705726467 -0.151698305 0.186306649
173384.563652122 -0.397396617 0.414157960 0.730924377 0.675032333 -0.694564598 -0.154226218 0.195257887
173384.596986072 -0.391574767 0.426960673 0.726164787 0.682271275 -0.682414229 -0.163836661 0.204876246
173384.630320021 -0.383565549 0.438979971 0.717074241 0.684661265 -0.669158868 -0.183679262 0.222996165
173384.663653970 -0.375043161 0.451027051 0.703487551 0.680775948 -0.653516430 -0.212669937 0.253440096
173384.696987919 -0.366376027 0.462217515 0.685658066 0.670954419 -0.634735607 -0.249668717 0.290854618
173384.730321868 -0.359726627 0.472909079 0.664128338 0.654699563 -0.613197170 -0.290391110 0.333212720
173384.763655818 -0.352915841 0.481663222 0.639356549 0.633095270 -0.586731834 -0.329873291 0.382256127
173384.796989767 -0.347210817 0.491648661 0.613806802 0.611635511 -0.552326542 -0.366358211 0.431994275
173384.830323716 -0.344585504 0.502497674 0.588787011 0.590938397 -0.514274044 -0.397859046 0.477516700
173384.863657665 -0.342401828 0.511973973 0.565743912 0.570065919 -0.476728730 -0.421952602 0.519336661
173384.896991614 -0.340602294 0.520805169 0.546188199 0.553368806 -0.444606918 -0.437348879 0.552117389
173384.930325564 -0.339250200 0.529375028 0.530680524 0.542269620 -0.417282736 -0.446853604 0.576316435
173384.963659513 -0.337832137 0.536525071 0.520072688 0.534555282 -0.399284117 -0.453652551 0.590781015
173384.996993462 -0.334920342 0.541302557 0.514381856 0.531955802 -0.394203856 -0.457838334 0.593304647
173385.030327411 -0.330207833 0.543985594 0.512786015 0.534868979 -0.400810745 -0.459128092 0.585207072
173385.063661361 -0.324000886 0.543980395 0.514623391 0.541152887 -0.417140589 -0.457462643 0.569100353
173385.096995310 -0.316695536 0.540134288 0.518230193 0.547300057 -0.440121893 -0.454387574 0.547984762
173385.130329259 -0.311249702 0.533311951 0.523104887 0.550398675 -0.466847865 -0.452250387 0.524007592
173385.163663208 -0.307307872 0.523120708 0.528377067 0.549499191 -0.494458972 -0.453043270 0.498309903
173385.196997157 -0.304570858 0.509920006 0.532761972 0.544188317 -0.520885308 -0.458261299 0.471735258
173385.230331107 -0.303878049 0.494034140 0.536449497 0.533352828 -0.547685814 -0.466321040 0.445106389
173385.263665056 -0.305929285 0.475771709 0.539589307 0.517192455 -0.574045931 -0.475530271 0.420540361
173385.296999005 -0.309647779 0.455832892 0.542151242 0.496343676 -0.598164863 -0.487349953 0.397909254
173385.330332954 -0.315298929 0.435713239 0.544800536 0.473892041 -0.620438415 -0.496807134 0.379031896
173385.363666903 -0.322154315 0.415125180 0.548038941 0.450562307 -0.641579303 -0.504360989 0.361924852
173385.397000853 -0.329849838 0.395476321 0.551555087 0.429836151 -0.660867126 -0.508769134 0.345903880
173385.430334802 -0.337596336 0.376614718 0.555330088 0.411502606 -0.679845312 -0.509216301 0.330415975
173385.463668751 -0.345543040 0.358427278 0.559077187 0.392852386 -0.696906579 -0.509906447 0.316201894
173385.497002700 -0.353972733 0.341440380 0.562106329 0.373388893 -0.711784341 -0.512024723 0.302943015
173385.530336650 -0.362174192 0.325264446 0.564460398 0.354201524 -0.723881352 -0.515755584 0.290746016
173385.563670599 -0.370549890 0.309690880 0.566081951 0.334342435 -0.733506975 -0.521898017 0.278935680
173385.597004548 -0.379080156 0.294775174 0.567052977 0.314147133 -0.741205192 -0.529546090 0.267408642
173385.630338497 -0.387964107 0.281085146 0.567450925 0.294269168 -0.747495092 -0.538007186 0.255352719
173385.663672446 -0.397041922 0.268815618 0.567315678 0.273848502 -0.752773871 -0.547588665 0.241837033
173385.697006396 -0.405088826 0.257521669 0.566515672 0.255741137 -0.757061166 -0.556502645 0.227507511
173385.730340345 -0.412555055 0.246816811 0.565692726 0.240432792 -0.761091513 -0.563621626 0.212749722
173385.763674294 -0.420665177 0.236877922 0.564982504 0.224953641 -0.764851325 -0.570310442 0.197849211
173385.797008243 -0.428855978 0.227264876 0.564134641 0.207985684 -0.767361652 -0.577894369 0.184217668
173385.830342192 -0.437910872 0.218018737 0.563171303 0.189129776 -0.768243473 -0.586761476 0.172461197
173385.863676142 -0.447240180 0.209333947 0.562235748 0.168381383 -0.768141257 -0.596013144 0.162403976
173385.897010091 -0.456862728 0.201468139 0.561439179 0.147657479 -0.767881745 -0.604584283 0.151765409
173385.930344040 -0.465824025 0.194631987 0.560928515 0.127594833 -0.768547178 -0.611336345 0.139005996
173385.963677989 -0.474391737 0.189019147 0.560661558 0.108084341 -0.770503978 -0.616019914 0.123129450
173385.997011939 -0.483373121 0.184895864 0.560561127 0.088607834 -0.774453174 -0.617782593 0.103516188
173386.030345888 -0.492268290 0.181883716 0.560435589 0.068475902 -0.780131914 -0.616613656 0.080578200
173386.063679837 -0.502207775 0.181038931 0.559918070 0.046149569 -0.786487081 -0.613435667 0.054817618
173386.097013786 -0.512388116 0.181312888 0.558764412 0.021176093 -0.791228236 -0.610562356 0.026889789
173386.130347735 -0.523411135 0.183727531 0.556875523 0.005191724 0.792567097 0.609756511 0.002727499
173386.163681685 -0.534318800 0.188542613 0.553945287 0.031867786 0.791271720 0.609690613 0.033924410
173386.197015634 -0.546152686 0.196851964 0.551072066 0.060066385 0.787357857 0.610006356 0.065968789
173386.230349583 -0.558020745 0.206074942 0.548461174 0.088830330 0.781900775 0.609465464 0.096396053
173386.263683532 -0.569871844 0.216550298 0.546251610 0.116176548 0.776125567 0.607325547 0.123643820
173386.297017481 -0.581990640 0.227842011 0.544485018 0.141977379 0.769878701 0.604308823 0.148121763
173386.330351431 -0.594061256 0.241495500 0.543241745 0.167837789 0.763695469 0.599784176 0.169878336
173386.363685380 -0.606555252 0.255604054 0.542493502 0.194368847 0.756991626 0.594525514 0.189007518
173386.397019329 -0.619033091 0.270424301 0.541790548 0.221275111 0.749350371 0.588647396 0.207377890
173386.430353278 -0.630821009 0.286256484 0.541020080 0.248257783 0.741083954 0.581899848 0.224844864
173386.463687228 -0.642049556 0.302191429 0.540272388 0.273648873 0.732486376 0.574688576 0.241480937
173386.497021177 -0.652374536 0.318782068 0.539617907 0.297404437 0.722932659 0.567591038 0.258378375
173386.530355126 -0.661371723 0.335735444 0.538680494 0.320318230 0.712643041 0.560194408 0.275169680
173386.563689075 -0.669734360 0.352494511 0.538074260 0.342553740 0.701763751 0.552569479 0.291292883
173386.597023024 -0.677733084 0.368504669 0.537590159 0.363797950 0.690771266 0.544545426 0.306523065
173386.630356974 -0.683943869 0.385076433 0.536466573 0.384966863 0.679486512 0.535561127 0.321360971
173386.663690923 -0.689657321 0.401544839 0.535162319 0.406140909 0.666936076 0.526628467 0.336018288
173386.697024872 -0.694838152 0.417485869 0.533521420 0.426079493 0.653800586 0.518056133 0.350169819
173386.730358821 -0.699011574 0.432767848 0.531597187 0.442978098 0.640285117 0.510709982 0.364665173
173386.763692770 -0.702599959 0.446777252 0.529549101 0.456281461 0.627797619 0.504369328 0.378535281
173386.797026720 -0.705787359 0.459361038 0.528095938 0.467265811 0.617764715 0.497822894 0.390130472
173386.830360669 -0.708238799 0.470295919 0.527250336 0.477390796 0.609992755 0.490986823 0.398671300
173386.863694618 -0.709962146 0.479574613 0.527242932 0.487333656 0.603355690 0.484494299 0.404639461
173386.897028567 -0.710887897 0.487079459 0.527715596 0.496221183 0.597321771 0.479411311 0.408822742
173386.930362517 -0.711317979 0.492243899 0.528058540 0.502271733 0.592638044 0.476158886 0.412038796
173386.963696466 -0.710661050 0.495268419 0.527889029 0.505513828 0.589881345 0.474318773 0.414146677
173386.997030415 -0.710481136 0.494970017 0.527966833 0.505801800 0.589777406 0.474080253 0.414216205
173387.030364364 -0.710000571 0.491838351 0.527938118 0.503239535 0.592191383 0.475546361 0.412207466
173387.063698313 -0.708922231 0.486248370 0.527717231 0.498068732 0.596361734 0.479072896 0.408374069
173387.097032263 -0.707576458 0.477978309 0.527741881 0.490101380 0.603015972 0.483782403 0.402649925
173387.130366212 -0.705886394 0.467165832 0.527743698 0.479441394 0.611912736 0.489522832 0.395052085
173387.163700161 -0.704050732 0.454034280 0.527650895 0.465727044 0.622464650 0.496268288 0.386463279
173387.197034110 -0.702286544 0.438912575 0.527616064 0.449472987 0.634306703 0.503885025 0.376469018
173387.230368059 -0.700443305 0.422155899 0.527718951 0.431102566 0.646609819 0.512619764 0.365057937
173387.263702009 -0.697973608 0.404244275 0.527915803 0.410318151 0.659426695 0.522510142 0.351821832
173387.297035958 -0.694674308 0.385555926 0.528404807 0.387697774 0.672645788 0.533034485 0.336321748
173387.330369907 -0.690590303 0.366453910 0.529193938 0.363858134 0.686051927 0.543245621 0.319099056
173387.363703856 -0.685746172 0.347125425 0.530470990 0.338688836 0.699879901 0.552356727 0.300599471
173387.397037806 -0.679621187 0.328543913 0.531693414 0.312104000 0.713733033 0.560320707 0.281455072
173387.430371755 -0.672469230 0.310611236 0.533268252 0.284427822 0.727472653 0.567063952 0.261386356
173387.463705704 -0.664313262 0.293094316 0.535502428 0.255215114 0.741003046 0.573034422 0.239606514
173387.497039653 -0.654472643 0.275946498 0.538005009 0.224068035 0.753158532 0.579830302 0.215273226
173387.530373602 -0.642586044 0.259887725 0.541059241 0.192263560 0.763611524 0.587166548 0.187530291
173387.563707552 -0.628757395 0.246012470 0.544237152 0.162429811 0.771782945 0.593910081 0.158866165
173387.597041501 -0.613254788 0.233773936 0.546975396 0.134098825 0.777811504 0.599936545 0.130778098
173387.630375450 -0.596530433 0.223057384 0.549324876 0.107178118 0.782198958 0.604947133 0.103521049
173387.663709399 -0.578278275 0.214775069 0.550732103 0.081203068 0.785103349 0.609035062 0.078071034
173387.697043348 -0.559029177 0.208508559 0.551430327 0.055394634 0.787190527 0.611768491 0.054788887
173387.730377298 -0.538983949 0.204026991 0.551760059 0.029923395 0.788851499 0.612913656 0.033981649
173387.763711247 -0.518278787 0.201129187 0.551438650 0.005152412 0.789847229 0.613076528 0.015873799
173387.797045196 -0.497256439 0.199228553 0.550605964 0.018721148 -0.790520248 -0.612149627 0.000301032
173387.830379145 -0.476300904 0.198513759 0.549419957 0.041429084 -0.790982773 -0.610232671 0.015683487
173387.863713095 -0.455029030 0.198467935 0.547636702 0.064489048 -0.790195592 -0.608634123 0.031568847
173387.897047044 -0.434116369 0.199238530 0.545514981 0.087895854 -0.787903161 -0.607564887 0.048454461
173387.930380993 -0.413876865 0.200817851 0.543009202 0.111479171 -0.783187093 -0.608030902 0.066998462
173387.963714942 -0.393673023 0.203572693 0.540451351 0.137274886 -0.775638730 -0.609579861 0.089177125
173387.997048891 -0.373683118 0.208143821 0.537998990 0.164894206 -0.765545657 -0.611192890 0.114860780
173388.030382841 -0.354145374 0.214394286 0.536010462 0.191955369 -0.754600800 -0.611406679 0.141112163
173388.063716790 -0.335002661 0.221877458 0.534949040 0.217758565 -0.743823568 -0.609734789 0.165925267
173388.097050739 -0.316302526 0.230310739 0.534468254 0.244150006 -0.733076564 -0.606106130 0.188745558
173388.130384688 -0.297774664 0.239619624 0.535042713 0.271683163 -0.723465892 -0.599041674 0.209605427
173388.163718637 -0.280185480 0.249886619 0.536344540 0.300454525 -0.714817447 -0.588473797 0.229045160
173388.197052587 -0.264320112 0.261494433 0.537661134 0.330181508 -0.705553339 -0.575962203 0.247875368
173388.230386536 -0.250031577 0.274342810 0.538774546 0.359839074 -0.694351051 -0.563058695 0.267127995
173388.263720485 -0.238272508 0.288167742 0.539034706 0.388341020 -0.680869733 -0.550440181 0.287442630
173388.297054434 -0.228229114 0.302485337 0.538620490 0.414918050 -0.664967214 -0.538668338 0.309027567
173388.330388384 -0.221051247 0.317437330 0.537819390 0.439270511 -0.647538674 -0.527288842 0.331212259
173388.363722333 -0.215959923 0.332663135 0.537166500 0.462123430 -0.629717844 -0.515162832 0.352852136
173388.397056282 -0.212658647 0.348053239 0.536918197 0.484249277 -0.611955119 -0.501873795 0.373009738
173388.430390231 -0.210526704 0.363692415 0.537050056 0.504521884 -0.594796758 -0.488430723 0.391292619
173388.463724180 -0.210991904 0.378871180 0.537848828 0.522309386 -0.578998459 -0.475540709 0.407203542
173388.497058130 -0.212782345 0.393517131 0.539056140 0.537134117 -0.564885734 -0.463663319 0.421197548
173388.530392079 -0.216180155 0.406844977 0.540537404 0.549209246 -0.552139383 -0.453402469 0.433517598
173388.563726028 -0.220286803 0.419320533 0.542017032 0.559690570 -0.540327233 -0.445081875 0.443503182
173388.597059977 -0.224467288 0.430780284 0.543121468 0.568849778 -0.529937225 -0.438698705 0.450688267
173388.630393926 -0.228173613 0.440912945 0.543847761 0.576279197 -0.521904999 -0.434226379 0.454933963
173388.663727876 -0.231669516 0.449276594 0.543969222 0.581967905 -0.516132528 -0.431051217 0.457291395
173388.697061825 -0.234759986 0.456469451 0.543544805 0.585394063 -0.512318794 -0.429253771 0.458894807
173388.730395774 -0.238194534 0.461941692 0.542793521 0.586317851 -0.511352691 -0.428129538 0.459842257
173388.763729723 -0.241318915 0.466382948 0.541995784 0.585570914 -0.513143021 -0.427161326 0.459700061
173388.797063673 -0.244304632 0.470346112 0.541359371 0.583110482 -0.516695026 -0.427119123 0.458887427
173388.830397622 -0.248012741 0.472756307 0.540735169 0.579536925 -0.521940193 -0.427802979 0.456836950
173388.863731571 -0.251249624 0.475640249 0.540855667 0.574731007 -0.527454682 -0.430088386 0.454422500
173388.897065520 -0.254588005 0.478553511 0.541451941 0.570067685 -0.531904428 -0.434046948 0.451335529
173388.930399469 -0.257668527 0.481136585 0.542890491 0.566455086 -0.537183239 -0.436590921 0.447159000
173388.963733419 -0.259903071 0.483191122 0.545324098 0.563376261 -0.543433546 -0.437398040 0.442685130
173388.997067368 -0.260821388 0.485043583 0.547882095 0.561635250 -0.549521917 -0.436153273 0.438590733
173389.030401317 -0.261246719 0.486008546 0.549872020 0.561509987 -0.555167087 -0.433385270 0.434365340
173389.063735266 -0.260900553 0.486468869 0.549896113 0.562198552 -0.560776165 -0.430186446 0.429421126
173389.097069215 -0.258963336 0.486317252 0.547203754 0.564131122 -0.566178957 -0.426932623 0.422996454
173389.130403165 -0.255630021 0.486352342 0.540429913 0.567692081 -0.569589237 -0.424074662 0.416478671
173389.163737114 -0.251227764 0.486305671 0.529262884 0.572076816 -0.569607042 -0.423009512 0.411508064
173389.197071063 -0.246007583 0.485690869 0.513739398 0.574744065 -0.568593315 -0.423367567 0.408816346
173389.230405012 -0.240588011 0.485070668 0.493707935 0.573949492 -0.569004079 -0.426702775 0.405883089
173389.263738962 -0.235247962 0.483909726 0.469228890 0.572428699 -0.566598863 -0.433568452 0.404115714
173389.297072911 -0.231092979 0.482432608 0.440995664 0.567377684 -0.561218546 -0.444767768 0.406568495
173389.330406860 -0.227958019 0.480620400 0.409774395 0.559526779 -0.553642764 -0.457791246 0.413323903
173389.363740809 -0.225517879 0.479329970 0.376212187 0.552310144 -0.544403116 -0.470300619 0.421184140
173389.397074758 -0.223896825 0.478013543 0.340914730 0.545985166 -0.534890689 -0.481435797 0.428965875
173389.430408708 -0.222324675 0.476104714 0.305131250 0.541186651 -0.528831518 -0.487343889 0.435832731
173389.463742657 -0.220953168 0.474276461 0.269454966 0.540112910 -0.527170101 -0.487468451 0.439026466
173389.497076606 -0.220574029 0.472354222 0.233640753 0.541344662 -0.528272708 -0.484855410 0.439077595
173389.530410555 -0.221427900 0.470793604 0.196526150 0.542215969 -0.528926633 -0.483195719 0.439044824
173389.563744504 -0.224028526 0.468900200 0.157829856 0.538660490 -0.526726371 -0.485264140 0.443759981
173389.597078454 -0.228233322 0.467209238 0.117604563 0.530263156 -0.518222912 -0.495755905 0.452208007
173389.630412403 -0.233534381 0.466027106 0.077306298 0.518942959 -0.506475949 -0.511068795 0.461507318
173389.663746352 -0.238999158 0.465077503 0.038433447 0.511452899 -0.494721829 -0.526333409 0.465445364
173389.697080301 -0.243435465 0.464279552 0.001902456 0.508208332 -0.485090845 -0.539670252 0.463861168
173389.730414251 -0.247421969 0.462995046 -0.031985427 0.504368272 -0.479256612 -0.550439363 0.461456665
173389.763748200 -0.250966578 0.461485551 -0.063206723 0.498382272 -0.474985767 -0.560968303 0.459693588
173389.797082149 -0.254138221 0.459958513 -0.091542599 0.490558927 -0.472317361 -0.571002370 0.458502500
173389.830416098 -0.257045465 0.458139056 -0.116939562 0.483251855 -0.470720442 -0.578544653 0.458449555
173389.863750047 -0.258523916 0.455633273 -0.138999203 0.477673523 -0.471972505 -0.581606340 0.459133994
173389.897083997 -0.259177925 0.453393950 -0.158019483 0.473576544 -0.474855649 -0.581298590 0.460792056
173389.930417946 -0.259767703 0.451571942 -0.174306709 0.469099765 -0.475485401 -0.581392484 0.464587800
173389.963751895 -0.261225589 0.449489767 -0.187674090 0.463286881 -0.472830720 -0.583797954 0.470081190
173389.997085844 -0.263006969 0.447731400 -0.196379971 0.456297098 -0.468019114 -0.588084121 0.476348752
173390.030419793 -0.264720494 0.446718060 -0.198673787 0.451546449 -0.463488816 -0.591447188 0.481117600
173390.063753743 -0.264897548 0.446078192 -0.193290395 0.450556834 -0.462189991 -0.590546881 0.484389649
173390.097087692 -0.264251220 0.445091515 -0.181712533 0.453588312 -0.463029742 -0.586555040 0.485607132
173390.130421641 -0.262958064 0.444601739 -0.164043505 0.457464742 -0.464415039 -0.581682585 0.486508017
173390.163755590 -0.260191346 0.444058540 -0.143645960 0.460450599 -0.466045598 -0.577245934 0.487415509
173390.197089540 -0.256606782 0.443411026 -0.117508649 0.462651289 -0.469012547 -0.573451643 0.486964300
173390.230423489 -0.251664004 0.442464816 -0.086608362 0.465034765 -0.473682756 -0.570018121 0.484196919
173390.263757438 -0.245559495 0.441092830 -0.051134923 0.468485221 -0.480399431 -0.566418669 0.478443179
173390.297091387 -0.238975019 0.439163793 -0.011407395 0.472691226 -0.488360747 -0.563673705 0.469402536
173390.330425336 -0.232002569 0.436768975 0.032790093 0.477739767 -0.498081404 -0.559059758 0.459490824
173390.363759286 -0.225126764 0.434278672 0.080763813 0.485702145 -0.509477383 -0.551076072 0.448153305
173390.397093235 -0.219476094 0.431647927 0.131060637 0.495458433 -0.521673752 -0.540413628 0.436268893
173390.430427184 -0.215568375 0.428577147 0.182377144 0.506133009 -0.533414825 -0.527120971 0.425959486
173390.463761133 -0.212940197 0.425672523 0.232819479 0.519035111 -0.543940891 -0.512106814 0.415304070
173390.497095082 -0.212523732 0.422698819 0.280865833 0.528786390 -0.552833649 -0.498808967 0.407369028
173390.530429032 -0.215832870 0.419333720 0.326098036 0.533180782 -0.559221289 -0.490139905 0.403426175
173390.563762981 -0.221238612 0.416357341 0.368057845 0.536164525 -0.562914607 -0.484933090 0.400617831
173390.597096930 -0.228890869 0.413655261 0.407227778 0.541430425 -0.567053753 -0.477993947 0.396011266
173390.630430879 -0.238626888 0.410787219 0.443284950 0.546038454 -0.573924613 -0.469870164 0.389454200
173390.663764829 -0.250558243 0.407958681 0.476027004 0.549142513 -0.582774405 -0.460638624 0.382921077
173390.697098778 -0.263949902 0.405056210 0.504551991 0.551896413 -0.593436966 -0.448208370 0.377295870
173390.730432727 -0.278091114 0.402421394 0.527641493 0.554606455 -0.602275406 -0.436358175 0.373185689
173390.763766676 -0.292638395 0.401221601 0.545661131 0.557568414 -0.608702566 -0.426387016 0.369855057
173390.797100625 -0.306142217 0.400667453 0.558660720 0.560052813 -0.613511041 -0.417597422 0.368181263
173390.830434575 -0.317270323 0.400118413 0.567052847 0.561468682 -0.616664325 -0.411846580 0.367233471
173390.863768524 -0.327176145 0.400068743 0.571228631 0.561125792 -0.618442116 -0.409976777 0.366859968
173390.897102473 -0.335159879 0.400459825 0.572052660 0.559549452 -0.617757618 -0.412582597 0.367499030
173390.930436422 -0.341242806 0.400743071 0.570129053 0.557406224 -0.613825858 -0.419183729 0.369866353
173390.963770371 -0.345789089 0.401594568 0.566545335 0.555550234 -0.608426594 -0.428029837 0.371445117
173390.997104321 -0.346881495 0.402177965 0.562483563 0.555039818 -0.603779402 -0.435645323 0.370937175
173391.030438270 -0.344244607 0.401924780 0.558788359 0.555172849 -0.601736234 -0.440662312 0.368121364
173391.063772219 -0.339287419 0.401131391 0.555022868 0.552800946 -0.601983175 -0.445422023 0.365549713
173391.097106168 -0.332659243 0.400068997 0.550977305 0.547378884 -0.602991143 -0.450657438 0.365630842
173391.130440118 -0.325454994 0.399312165 0.548154603 0.542102389 -0.604038004 -0.454881323 0.366532498
173391.163774067 -0.317236379 0.398902196 0.546726955 0.540530421 -0.602080483 -0.457852180 0.368371195
173391.197108016 -0.308852516 0.399411636 0.546757111 0.543181143 -0.597291688 -0.459799251 0.369839876
173391.230441965 -0.301343141 0.399704892 0.549312730 0.546098290 -0.594990402 -0.458914443 0.370352013
173391.263775914 -0.295602029 0.399514831 0.553779620 0.547615836 -0.594021241 -0.456445279 0.372710838
173391.297109864 -0.291941573 0.399212451 0.559732362 0.546894620 -0.593787802 -0.455315747 0.375512837
173391.330443813 -0.290772609 0.399205807 0.567036179 0.544017180 -0.591964278 -0.457360961 0.380058616
173391.363777762 -0.291630713 0.399868425 0.576524626 0.540460868 -0.587122607 -0.463142828 0.385600590
173391.397111711 -0.292723693 0.400752473 0.588838954 0.536925957 -0.581095863 -0.470830328 0.390329242
173391.430445660 -0.293505617 0.401285998 0.605052349 0.533162700 -0.576062044 -0.478233052 0.393932995
173391.463779610 -0.293714504 0.401347696 0.625482504 0.526581428 -0.574001959 -0.485504572 0.396886712
173391.497113559 -0.293356632 0.400514505 0.649391009 0.517346903 -0.573292726 -0.494004446 0.399558806
173391.530447508 -0.291857251 0.399532749 0.675415895 0.509828819 -0.571191506 -0.503270572 0.400666407
173391.563781457 -0.289472804 0.398182459 0.702733300 0.501933024 -0.569629470 -0.512338600 0.401366000
173391.597115407 -0.285897196 0.397139520 0.730748883 0.496599859 -0.566818642 -0.519098809 0.403288524
173391.630449356 -0.280944261 0.396121585 0.758765052 0.495755475 -0.563143040 -0.522658014 0.404876558
173391.663783305 -0.275936963 0.394589286 0.786583938 0.494632056 -0.563476604 -0.522457022 0.406044217
173391.697117254 -0.271202321 0.392358976 0.813007967 0.489721978 -0.565978628 -0.519333377 0.412472327
173391.730451203 -0.270697316 0.385236872 0.831170233 0.454001124 -0.569609657 -0.522151208 0.443605606
173391.763785153 -0.271955684 0.377902871 0.841809037 0.418219478 -0.560221336 -0.535814796 0.473441682
173391.797119102 -0.271748498 0.370015959 0.848235169 0.391670913 -0.549893981 -0.545334149 0.496811002
173391.830453051 -0.267940614 0.361692205 0.852406435 0.380098331 -0.548988477 -0.541897031 0.510376840
173391.863787000 -0.260927281 0.354069125 0.853962501 0.385887291 -0.554110827 -0.527010680 0.516054196
173391.897120949 -0.254454614 0.348123200 0.851401881 0.395579389 -0.563500696 -0.507733952 0.517870782
173391.930454899 -0.251009736 0.344139942 0.841814243 0.407599538 -0.565034858 -0.497738329 0.516579890
173391.963788848 -0.251315817 0.341192378 0.825681414 0.414911151 -0.559755306 -0.500504856 0.513826453
173391.997122797 -0.255071714 0.338128850 0.805144440 0.415951603 -0.551231952 -0.512083205 0.510782137
173392.030456746 -0.260785429 0.334683632 0.782836951 0.412906840 -0.548971896 -0.520823212 0.506834273
173392.063790696 -0.267282993 0.330816234 0.759830043 0.411215022 -0.554200773 -0.521755848 0.501532197
173392.097124645 -0.274586289 0.327405414 0.734850530 0.414160178 -0.562793256 -0.516561541 0.494872986
173392.130458594 -0.282679085 0.324996763 0.707287990 0.418763015 -0.571874855 -0.508452097 0.488951074
173392.163792543 -0.291179514 0.323451615 0.676158598 0.422932157 -0.578471115 -0.502326155 0.483909077
173392.197126492 -0.299472516 0.322627466 0.641213213 0.424731964 -0.581357864 -0.500353259 0.480907901
173392.230460442 -0.307477964 0.321157442 0.603162247 0.420524932 -0.580838649 -0.504955411 0.480421979
173392.263794391 -0.313832528 0.319666116 0.563224725 0.414700971 -0.575603895 -0.514575903 0.481575437
173392.297128340 -0.318653584 0.318581720 0.522900431 0.410688076 -0.566235709 -0.529389345 0.480061816
173392.330462289 -0.322418735 0.317711512 0.485017063 0.407175505 -0.556516957 -0.544976906 0.476966620
173392.363796238 -0.325652275 0.317306833 0.451843744 0.404516670 -0.548864115 -0.558466282 0.472472072
173392.397130188 -0.328309814 0.317457540 0.424699465 0.404665788 -0.542182074 -0.569700141 0.466611132
173392.430464137 -0.330204569 0.317203946 0.404563927 0.404067299 -0.538872098 -0.577451259 0.461407111
173392.463798086 -0.331555118 0.317087117 0.390551554 0.403069482 -0.535561832 -0.584136627 0.457703963
173392.497132035 -0.331452035 0.317466500 0.381951517 0.404441232 -0.529459939 -0.590975728 0.454804521
173392.530465985 -0.329012526 0.318287647 0.378780943 0.411867278 -0.524448520 -0.592723863 0.451660842
173392.563799934 -0.324442553 0.319845674 0.379951676 0.426330665 -0.522033577 -0.588162884 0.446975984
173392.597133883 -0.319277468 0.322333446 0.384010199 0.440864110 -0.523664091 -0.579123746 0.442753253
173392.630467832 -0.313938532 0.325803499 0.389444995 0.454281240 -0.528571738 -0.566139560 0.440143694
173392.663801781 -0.308909973 0.331411573 0.394290266 0.468463905 -0.533572807 -0.550313048 0.439314442
173392.697135731 -0.304067401 0.339927096 0.397160199 0.486755528 -0.532530021 -0.534681534 0.439996012
173392.730469680 -0.299300681 0.351929861 0.397667973 0.509679927 -0.523011311 -0.520418750 0.442549280
173392.763803629 -0.295105598 0.366784612 0.396143262 0.534932682 -0.506260117 -0.507545652 0.447152246
173392.797137578 -0.291613468 0.383606139 0.393273056 0.560280363 -0.484016794 -0.495522136 0.454171191
173392.830471527 -0.288694391 0.402335078 0.389854396 0.586141692 -0.457022594 -0.482460990 0.463464840
173392.863805477 -0.286749642 0.422273904 0.386184158 0.611391482 -0.425794187 -0.468601107 0.474671221
173392.897139426 -0.286155981 0.442754572 0.382560253 0.633865020 -0.391559131 -0.454547985 0.488142104
173392.930473375 -0.286604933 0.463336307 0.379472448 0.654867578 -0.354698943 -0.440491552 0.501302612
173392.963807324 -0.287633078 0.483309066 0.377778566 0.672215585 -0.322204094 -0.424581221 0.513849701
173392.997141274 -0.289101469 0.501641678 0.377731345 0.685780623 -0.297163235 -0.406509062 0.525499127
173393.030475223 -0.290588156 0.519139399 0.378979114 0.697410678 -0.275645316 -0.388338989 0.535565903
173393.063809172 -0.292957201 0.535763180 0.380763704 0.707386733 -0.257107754 -0.370230604 0.544452856
173393.097143121 -0.295731046 0.551866258 0.382684343 0.716513596 -0.240918472 -0.351298486 0.552409206
173393.130477070 -0.299863921 0.567559243 0.384506216 0.725469138 -0.223019525 -0.330634302 0.560925824
173393.163811020 -0.305289051 0.582739785 0.385695807 0.733315554 -0.202852610 -0.308542082 0.570877307
173393.197144969 -0.312335464 0.597542376 0.386200898 0.740129999 -0.179230753 -0.284980275 0.582125558
173393.230478918 -0.320776513 0.611586726 0.386012514 0.744913900 -0.153383619 -0.260574283 0.594708156
173393.263812867 -0.330059245 0.624832438 0.385276321 0.748451093 -0.127019342 -0.235620534 0.606770148
173393.297146816 -0.340887675 0.636422561 0.382868268 0.750635893 -0.100514318 -0.210750548 0.618083193
173393.330480766 -0.351327678 0.647895478 0.381921387 0.751641248 -0.074119375 -0.186125340 0.628409985
173393.363814715 -0.361865686 0.658287702 0.380874918 0.751398961 -0.049056086 -0.164480201 0.637133710
173393.397148664 -0.371934391 0.667202758 0.380152454 0.750442174 -0.027529528 -0.144284497 0.644407210
173393.430482613 -0.381322215 0.674667493 0.379759008 0.748700881 -0.008658601 -0.127558398 0.650462046
173393.463816563 -0.389695546 0.679872357 0.379685339 0.747556333 0.005852626 -0.113206202 0.654453689
173393.497150512 -0.396566923 0.685569071 0.379916030 0.746650788 0.015631813 -0.101728659 0.657205849
173393.530484461 -0.401716953 0.689405211 0.380255956 0.746110171 0.020556597 -0.092876806 0.658992365
173393.563818410 -0.405156241 0.692971272 0.380978644 0.745963702 0.020251106 -0.087431527 0.659911946
173393.597152359 -0.406307098 0.695138108 0.382558040 0.746338809 0.012579315 -0.086107091 0.659852796
173393.630486309 -0.404687327 0.694559087 0.384845344 0.747996769 -0.002245948 -0.088764489 0.657736007
173393.663820258 -0.400245901 0.692298946 0.388572357 0.750734166 -0.024282368 -0.094856182 0.653307649
173393.697154207 -0.392065987 0.687623831 0.393115780 0.752714410 -0.056084121 -0.103624291 0.647717219
173393.730488156 -0.381533903 0.678914059 0.397434216 0.752026047 -0.097326543 -0.116184434 0.641471391
173393.763822105 -0.370183685 0.666784931 0.401828298 0.748919135 -0.140784636 -0.133364286 0.633651152
173393.797156055 -0.357895127 0.651143230 0.406391754 0.742729311 -0.184413314 -0.155022384 0.624750319
173393.830490004 -0.345148268 0.631652722 0.409498795 0.733254258 -0.227071499 -0.179692063 0.615213370
173393.863823953 -0.332781080 0.608482518 0.411648438 0.720866411 -0.267280316 -0.205548781 0.605526670
173393.897157902 -0.321172265 0.582616857 0.412653127 0.706978084 -0.303767721 -0.233698167 0.594383990
173393.930491852 -0.310960969 0.554403113 0.413020049 0.692447589 -0.336203102 -0.263594262 0.581379288
173393.963825801 -0.302784220 0.524649122 0.413618021 0.677659516 -0.366594661 -0.291515586 0.566925567
173393.997159750 -0.296810886 0.494782349 0.414765892 0.664449666 -0.394494021 -0.317108190 0.549839525
173394.030493699 -0.292829940 0.466303832 0.416140918 0.653012188 -0.419272462 -0.340631142 0.530807036
173394.063827648 -0.290773324 0.439772065 0.417676222 0.641813984 -0.442472661 -0.361412650 0.511540467
173394.097161598 -0.290672940 0.416034840 0.419057959 0.629290157 -0.462987889 -0.381505895 0.494054010
173394.130495547 -0.292510695 0.395425220 0.419610315 0.615291251 -0.479704673 -0.400407717 0.480597299
173394.163829496 -0.295834259 0.378445661 0.419384825 0.602310410 -0.491970499 -0.417158139 0.470283198
173394.197163445 -0.298510727 0.365740069 0.419234617 0.590699209 -0.501496211 -0.427809346 0.465354874
173394.230497394 -0.300354252 0.356030847 0.419377007 0.580507001 -0.511068221 -0.430624241 0.465170569
173394.263831344 -0.302372669 0.348600700 0.419095177 0.570935195 -0.521519800 -0.433936405 0.462330291
173394.297165293 -0.307949659 0.342365740 0.416372165 0.562636444 -0.531494632 -0.443795091 0.451663154
173394.330499242 -0.313784682 0.337903072 0.410807283 0.560093700 -0.536871033 -0.459290265 0.432570218
173394.363833191 -0.319350519 0.335368282 0.403129683 0.560258758 -0.540879611 -0.475604465 0.409096276
173394.397167141 -0.327032816 0.333889917 0.393900866 0.560177798 -0.543413908 -0.492415169 0.385265441
173394.430501090 -0.332009889 0.333211199 0.385839208 0.561378436 -0.544682318 -0.506894297 0.362261778
173394.463835039 -0.338048690 0.333141024 0.380190572 0.553932422 -0.548643693 -0.515602087 0.355391977
173394.497168988 -0.344709717 0.332566386 0.375408196 0.542566013 -0.551585859 -0.522606952 0.358130052
173394.530502937 -0.353086112 0.333267333 0.369733803 0.532780601 -0.553158520 -0.531559690 0.357218111
173394.563836887 -0.361055101 0.335502129 0.363134684 0.527362181 -0.551815362 -0.545259396 0.346527239
173394.597170836 -0.365934903 0.337649367 0.359010142 0.526154208 -0.549013905 -0.552632415 0.341090744
173394.630504785 -0.368286941 0.339843602 0.357402015 0.527485517 -0.547151563 -0.553308235 0.340931362
173394.663838734 -0.370451061 0.342567320 0.357680975 0.525609322 -0.548257886 -0.554361619 0.340340015
173394.697172683 -0.371704625 0.343864936 0.359894900 0.522849480 -0.553300107 -0.552128999 0.340060262
173394.730506633 -0.371696817 0.345193657 0.363873366 0.523692781 -0.558668642 -0.546667733 0.338806152
173394.763840582 -0.370673733 0.346257934 0.368756088 0.528948302 -0.562471694 -0.539805681 0.335334332
173394.797174531 -0.368472724 0.347169712 0.374648849 0.535739471 -0.567151443 -0.530770337 0.331066924
173394.830508480 -0.365648896 0.347963121 0.381832475 0.542131484 -0.574513932 -0.520007805 0.324990890
173394.863842430 -0.361492205 0.348451148 0.389581150 0.545617974 -0.583888208 -0.510717913 0.317084848
173394.897176379 -0.356315337 0.347822435 0.396724629 0.543502273 -0.595846474 -0.503590260 0.309788815
173394.930510328 -0.351378430 0.347042195 0.402259439 0.538780866 -0.606372849 -0.497141490 0.308021893
173394.963844277 -0.346964796 0.346468451 0.406048842 0.535996277 -0.614347096 -0.489627104 0.309113145
173394.997178226 -0.342020487 0.345589396 0.408857037 0.534282073 -0.624571088 -0.479311046 0.307757280
173395.030512176 -0.337114667 0.343360514 0.410963093 0.533403781 -0.640864541 -0.460059308 0.305153206
173395.063846125 -0.333056647 0.341319594 0.410556555 0.533514737 -0.653789004 -0.440327020 0.306649767
173395.097180074 -0.330002194 0.340328292 0.406903403 0.530391742 -0.660230203 -0.428894614 0.314372532
173395.130514023 -0.328169381 0.341378710 0.400413284 0.527288258 -0.655484709 -0.433325534 0.323320076
173395.163847972 -0.327205885 0.344573375 0.392754413 0.526803907 -0.644906716 -0.441533185 0.334097917
173395.197181922 -0.326322132 0.350639782 0.384608741 0.531109606 -0.631889095 -0.448094035 0.343293596
173395.230515871 -0.325138683 0.359149117 0.376469866 0.538353722 -0.619879296 -0.451243607 0.349720082
173395.263849820 -0.323917823 0.370685586 0.368395804 0.544199647 -0.610166273 -0.451573686 0.357246511
173395.297183769 -0.321982047 0.382963208 0.360630265 0.547414369 -0.599672408 -0.456270177 0.364071473
173395.330517719 -0.318314629 0.394590593 0.354120728 0.546776268 -0.596036859 -0.459885900 0.366443358
173395.363851668 -0.314375001 0.407525403 0.348191425 0.545891132 -0.593514806 -0.460942312 0.370506724
173395.397185617 -0.310211517 0.423033596 0.343440799 0.545062766 -0.590562821 -0.460543918 0.376883847
173395.430519566 -0.305829792 0.440318326 0.339952401 0.546374768 -0.588959391 -0.457817454 0.380794730
173395.463853515 -0.301322131 0.458791252 0.337451204 0.550747247 -0.590946229 -0.450996785 0.379554903
173395.497187465 -0.296944788 0.478094963 0.335379826 0.555176932 -0.596055466 -0.442645915 0.374914723
173395.530521414 -0.293742010 0.497776625 0.332431004 0.557774903 -0.602772837 -0.433959912 0.370446837
173395.563855363 -0.292117787 0.517649188 0.327982937 0.558313098 -0.607492929 -0.428343147 0.368457560
173395.597189312 -0.291749065 0.537346452 0.322228776 0.557395104 -0.608002828 -0.427602405 0.369864086
173395.630523261 -0.292111745 0.556638944 0.316098374 0.556448508 -0.606538363 -0.428643802 0.372479212
173395.663857211 -0.292940850 0.574571303 0.309895040 0.555072192 -0.605693937 -0.428754816 0.375764587
173395.697191160 -0.294318485 0.591098154 0.303949568 0.554530772 -0.605007899 -0.428118960 0.378385016
173395.730525109 -0.295941506 0.606253793 0.298424311 0.556352094 -0.602835046 -0.427858417 0.379472568
173395.763859058 -0.298319290 0.619229008 0.293433107 0.557985278 -0.601608199 -0.426844964 0.380162309
173395.797193008 -0.301024029 0.630261171 0.288933327 0.559897835 -0.599394974 -0.426974938 0.380699990
173395.830526957 -0.303824297 0.638716110 0.284881871 0.561728964 -0.595878190 -0.429926682 0.380201002
173395.863860906 -0.306704658 0.644381087 0.281380125 0.563782342 -0.590946291 -0.434713531 0.379415470
173395.897194855 -0.309311379 0.647526696 0.278143536 0.565306530 -0.584193527 -0.442194862 0.378959303
173395.930528804 -0.312194748 0.647235889 0.275340896 0.566067102 -0.576465168 -0.451685235 0.378465844
173395.963862754 -0.314689378 0.643974482 0.273303978 0.566363687 -0.569765226 -0.461013623 0.376916702
173395.997196703 -0.316961864 0.637572697 0.271849191 0.567053676 -0.564422930 -0.469169748 0.373840384
173396.030530652 -0.318755640 0.627874223 0.271013482 0.568411514 -0.560332131 -0.475477711 0.369942158
173396.063864601 -0.320160935 0.615767118 0.270322120 0.570326871 -0.556618839 -0.480907108 0.365555853
173396.097198550 -0.321266527 0.600386188 0.270357065 0.571917272 -0.553616127 -0.485650607 0.361335448
173396.130532500 -0.322040321 0.582360818 0.270841944 0.573202321 -0.551804101 -0.489000625 0.357532826
173396.163866449 -0.322724456 0.561925242 0.271414162 0.574131826 -0.550938449 -0.491046977 0.354559357
173396.197200398 -0.323491386 0.539374518 0.271874305 0.574211693 -0.550581360 -0.492884432 0.352428766
173396.230534347 -0.324568105 0.514679357 0.272293238 0.572798768 -0.549969729 -0.495629408 0.351832855
173396.263868297 -0.326288061 0.488452744 0.272524814 0.569451402 -0.550268056 -0.499145910 0.351828833
173396.297202246 -0.328397581 0.460937745 0.272926933 0.564991862 -0.552046108 -0.501930761 0.352270920
173396.330536195 -0.331005416 0.432266022 0.273700128 0.560019666 -0.555443644 -0.503828723 0.352160404
173396.363870144 -0.334122878 0.402842871 0.274745310 0.554804627 -0.559969699 -0.505084131 0.351448122
173396.397204093 -0.337705574 0.372801340 0.275913217 0.548942053 -0.564863236 -0.506226375 0.351179448
173396.430538043 -0.341770839 0.342514737 0.277274858 0.542727589 -0.569660758 -0.507825327 0.350780304
173396.463871992 -0.346082674 0.312404859 0.278991910 0.536654427 -0.574556573 -0.509532950 0.349661185
173396.497205941 -0.350746788 0.282578456 0.281089984 0.530135711 -0.580831507 -0.510424612 0.347933332
173396.530539890 -0.356061177 0.253261230 0.283914093 0.522330395 -0.589397330 -0.510149006 0.345730730
173396.563873840 -0.361749642 0.225155519 0.287586206 0.513630267 -0.599149396 -0.508696825 0.344138765
173396.597207789 -0.367919933 0.198803560 0.291845187 0.504231378 -0.608628896 -0.507159105 0.343673138
173396.630541738 -0.374807750 0.174595291 0.296455202 0.494200169 -0.616707146 -0.506304192 0.345100788
173396.663875687 -0.382235598 0.153048394 0.301060492 0.484089478 -0.622855817 -0.506940067 0.347447517
173396.697209636 -0.389462101 0.134424855 0.305396059 0.475100018 -0.626924811 -0.508585693 0.350122617
173396.730543586 -0.397117952 0.118508670 0.309976627 0.467863351 -0.631284266 -0.508595669 0.352014922
173396.763877535 -0.403947973 0.105260565 0.315601746 0.464475658 -0.636715989 -0.505687015 0.350907047
173396.797211484 -0.409977166 0.094796765 0.321995554 0.465615193 -0.642135700 -0.500974665 0.346249361
173396.830545433 -0.415484798 0.086146518 0.328364830 0.469384716 -0.645117972 -0.497015542 0.341286304
173396.863879382 -0.420212107 0.079298310 0.334480267 0.473590098 -0.649688533 -0.492602996 0.333105866
173396.897213332 -0.424395539 0.073928611 0.339921030 0.476342296 -0.658161509 -0.485976097 0.322100416
