# timestamp tx ty tz qx qy qz qw
173373.363445186 -0.002180882 -0.002673291 0.000506699 0.679025099 0.053817095 -0.732133654 0.002991427
173373.396779135 -0.002015152 -0.002539994 0.000851545 0.675822731 0.053206231 -0.735137479 0.002370571
173373.430113085 -0.002026444 -0.002120836 0.000463478 0.677521460 0.050945475 -0.733730722 0.002908013
173373.463447034 -0.002125421 -0.001442640 -0.000821817 0.688376071 0.047392935 -0.723802879 0.001298756
173373.496780983 -0.002159130 -0.001059153 -0.001836959 -0.704406182 -0.043563542 0.708456957 0.001699325
173373.530114932 -0.001864155 -0.000535860 -0.003049773 -0.726245685 -0.034227122 0.686572711 0.003690746
173373.563448882 -0.000751774 0.000007903 -0.003818959 -0.756091215 -0.022743103 0.653997597 0.009796377
173373.596782831 0.002798559 -0.000003556 -0.003119687 -0.794197200 -0.024016460 0.606924348 0.017800347
173373.630116780 0.011990798 -0.000968955 -0.000318044 -0.843606086 -0.035529757 0.534844537 0.031744746
173373.663450729 0.027971909 -0.003690522 0.006522119 -0.894632208 -0.064394649 0.439509419 0.048145726
173373.696784678 0.047246509 -0.009709319 0.020432333 -0.933547658 -0.093214540 0.340470153 0.062288801
173373.730118628 0.065307285 -0.020407274 0.041012418 -0.956465333 -0.100371727 0.264913775 0.070144669
173373.763452577 0.079208104 -0.035852326 0.065752225 -0.966946571 -0.074097778 0.232375042 0.074334967
173373.796786526 0.087334880 -0.054350091 0.091414094 -0.965720729 -0.016017899 0.247249272 0.077425437
173373.830120475 0.089049384 -0.073680122 0.116566556 -0.948862599 0.062329700 0.299698134 0.077173861
173373.863454424 0.085702213 -0.091977843 0.143922790 -0.914906075 0.142479411 0.369970814 0.075947930
173373.896788374 0.080664482 -0.107545060 0.175628671 -0.871270985 0.203373093 0.440261334 0.075473266
173373.930122323 0.075928821 -0.061959475 0.212181922 -0.830987466 0.233458339 0.499909083 0.071048881
173373.963456272 -0.090377882 -0.088379307 0.252923730 -0.813701064 0.219597937 0.532148167 0.080533552
173373.996790221 0.090302115 0.021376194 0.268305337 -0.801895873 0.190249306 0.559229150 0.089615668
173374.030124171 0.101692823 0.028359752 0.302322556 -0.809408575 0.117634388 0.565235494 0.107371996
173374.063458120 0.113288654 0.030219076 0.333108743 -0.819743887 0.041416473 0.555621653 0.132624336
173374.096792069 0.127285825 0.028471563 0.358705999 -0.826519820 -0.019824034 0.540673862 0.155382656
173374.130126018 0.142920028 0.022522181 0.377356927 -0.826377098 -0.049169985 0.535667645 0.166563440
173374.163459967 0.159921817 0.013042995 0.387982016 -0.821791810 -0.040901616 0.544828236 0.161701800
173374.196793917 0.177970862 0.001203897 0.391435029 -0.814507458 -0.006236871 0.562768300 0.140820961
173374.230127866 0.198512368 -0.011909823 0.390757352 -0.807955790 0.034474086 0.576091911 0.118899490
173374.263461815 0.221679608 -0.024474151 0.386731449 -0.810519793 0.064246761 0.574229602 0.095866484
173374.296795764 0.246812553 -0.035060396 0.380008672 -0.820136288 0.078421093 0.561789730 0.074959319
173374.330129713 0.274078759 -0.043691309 0.371150443 -0.833959197 0.084666801 0.542247951 0.057539117
173374.363463663 0.301785072 -0.050862192 0.359314009 -0.844879671 0.096159479 0.525083391 0.034916031
173374.396797612 0.329260974 -0.056912744 0.344342210 -0.847283500 0.126598266 0.515750684 0.009207691
173374.430131561 0.357351134 -0.061269109 0.327218723 0.844344820 -0.172198769 -0.507123752 0.015965860
173374.463465510 0.386618975 -0.062964671 0.308622070 0.838646755 -0.227313827 -0.493761003 0.034642702
173374.496799460 0.415469428 -0.059663521 0.289709317 0.840508304 -0.268316519 -0.468550154 0.044864128
173374.530133409 0.438059277 -0.051215025 0.277101416 0.859107347 -0.258900727 -0.439387054 0.042941776
173374.563467358 0.448326018 -0.041771429 0.268490662 0.876083939 -0.216085149 -0.427780581 0.052800707
173374.596801307 0.452158085 -0.031325206 0.258317037 0.880713231 -0.190115030 -0.428635343 0.066874681
173374.630135256 0.455425843 -0.019426905 0.249998771 0.873004384 -0.197125689 -0.439478460 0.076573436
173374.663469206 0.458349404 -0.002896592 0.242530035 0.859581132 -0.212722213 -0.455898720 0.089587356
173374.696803155 0.461866594 0.019570142 0.235802147 0.845264131 -0.228650663 -0.472616392 0.099404068
173374.730137104 0.483046738 0.084318217 0.243152656 0.825359228 -0.252760211 -0.492180163 0.112486033
173374.763471053 0.488253080 0.116787835 0.239602386 0.806967023 -0.273344247 -0.510910410 0.114270289
173374.796805002 0.484474673 0.148573595 0.239298116 0.795785221 -0.250122360 -0.536728853 0.126833848
173374.830138952 0.478564554 0.180421451 0.237986954 0.779583472 -0.240075915 -0.560498230 0.143020626
173374.863472901 0.471377115 0.214028932 0.237256142 0.765479739 -0.231078632 -0.580067960 0.155449659
173374.896806850 0.461461282 0.249770705 0.236730293 0.753999236 -0.220358279 -0.596188795 0.165789933
173374.930140799 0.448232865 0.287720172 0.237285070 0.740736336 -0.216437251 -0.611492207 0.174762347
173374.963474749 0.431534025 0.327805481 0.239911223 0.721656301 -0.224025482 -0.629210877 0.181984721
173374.996808698 0.412097487 0.370976602 0.244687717 0.695974509 -0.239567903 -0.651612713 0.183378228
173375.030142647 0.391633884 0.417069601 0.250321745 0.668379178 -0.259729235 -0.673628620 0.178981792
173375.063476596 0.369588747 0.465409937 0.256484589 0.642109898 -0.271483177 -0.696427793 0.170235401
173375.096810545 0.346763417 0.514893699 0.263265708 0.617081907 -0.279148945 -0.718560709 0.157975614
173375.130144495 0.322975669 0.564782875 0.270408107 0.593443363 -0.285162960 -0.738738816 0.144125025
173375.163478444 0.298446239 0.614725049 0.277948569 0.571619365 -0.284887239 -0.758378044 0.130204855
173375.196812393 0.274046182 0.662493448 0.283623175 0.562954843 -0.283146099 -0.766192374 0.125934023
173375.230146342 0.248252089 0.708325314 0.286799649 0.564740841 -0.278611945 -0.764783937 0.136193601
173375.263480291 0.220537669 0.754245863 0.289148117 0.565891322 -0.267505101 -0.765559600 0.148749894
173375.296814241 0.191142056 0.801510640 0.291330914 0.564388570 -0.248138203 -0.771729474 0.155969848
173375.330148190 0.160961017 0.849902646 0.292390698 0.566289201 -0.226715448 -0.777029883 0.155374410
173375.363482139 -0.037495053 0.796483583 0.329951979 0.581859813 -0.202764276 -0.776962943 0.129051897
173375.396816088 -0.078290899 0.842816972 0.330516865 0.586864202 -0.177732820 -0.782210950 0.110215624
173375.430150038 -0.047340906 0.776747958 0.345602249 0.584276919 -0.144651443 -0.795404418 0.070910176
173375.463483987 -0.085579608 0.820491750 0.350304583 0.582798946 -0.117056388 -0.803306480 0.036631809
173375.496817936 -0.122558338 0.863145851 0.357295837 0.583451169 -0.097625704 -0.806121014 0.014928716
173375.530151885 0.039011884 0.982332950 0.338984008 0.577040503 -0.093746334 -0.811189923 0.014380261
173375.563485834 0.015581507 1.028253891 0.349131476 0.592006314 -0.092089296 -0.800553204 0.012753537
173375.596819784 -0.005236767 1.074690839 0.360640221 0.611957180 -0.089333915 -0.785745303 0.011497011
173375.630153733 -0.024264843 1.122441697 0.375438414 0.630336939 -0.093001706 -0.770627099 0.012645174
173375.663487682 -0.041696432 1.171492129 0.393895077 0.644039521 -0.100329455 -0.758160697 0.018424267
173375.696821631 -0.058390371 1.223282847 0.415308112 0.651822231 -0.105907238 -0.750604251 0.022465412
173375.730155580 -0.075256953 1.278641046 0.438999652 0.651788108 -0.108828419 -0.750166645 0.024054985
173375.763489530 -0.117816075 1.342859903 0.456827622 0.647049198 -0.111980672 -0.753742844 0.025678569
173375.796823479 -0.135769833 1.404329105 0.481479668 0.634912434 -0.115088410 -0.763553956 0.025024300
173375.830157428 -0.153525200 1.467731824 0.504943085 0.619225608 -0.117334543 -0.775984900 0.025292037
173375.863491377 -0.170863779 1.532959804 0.526431536 0.603852794 -0.118434148 -0.787752033 0.027962296
173375.896825327 -0.187204309 1.599991323 0.545414345 0.590425088 -0.118877948 -0.797612041 0.032882839
173375.930159276 -0.202734241 1.668860468 0.561687390 0.579462340 -0.119663145 -0.805300521 0.037352369
173375.963493225 -0.218388532 1.739801983 0.576528377 0.566949846 -0.117689183 -0.814454438 0.037163108
173375.996827174 -0.234714914 1.813556577 0.590366670 0.550859581 -0.114304826 -0.826089246 0.032629526
173376.030161123 -0.251441705 1.889878322 0.601740864 0.535438516 -0.110597236 -0.836879007 0.026596517
173376.063495073 -0.268735941 1.968030563 0.609558185 0.525309879 -0.106959456 -0.843878617 0.021865193
173376.096829022 -0.287385033 2.047825190 0.614558364 0.520297142 -0.107676968 -0.846933863 0.019989655
173376.130162971 -0.308230657 2.129607259 0.618588366 0.513221722 -0.109583250 -0.851072388 0.016454955
173376.163496920 -0.331232120 2.212494977 0.622079210 0.504352388 -0.109556611 -0.856432159 0.012246409
173376.196830869 -0.356441383 2.295411167 0.624797860 0.495426085 -0.108376989 -0.861791502 0.011082848
173376.230164819 -0.384288877 2.376941717 0.625896688 0.489962928 -0.104488392 -0.865273709 0.017886101
173376.263498768 -0.414594905 2.456633772 0.624303506 0.494686773 -0.095878980 -0.863209174 0.031018374
173376.296832717 -0.447189840 2.535101900 0.620361240 0.506167880 -0.085021218 -0.857003515 0.045939584
173376.330166666 -0.482291654 2.613169460 0.615268745 0.518163480 -0.073446250 -0.850205962 0.057114604
173376.363500616 -0.519904700 2.691706531 0.609822654 0.526929588 -0.063153390 -0.845136788 0.064036466
173376.396834565 -0.560013901 2.771071327 0.604128958 0.533045637 -0.054666637 -0.841670747 0.066815129
173376.430168514 -0.602546733 2.850628658 0.597266964 0.540952845 -0.045125486 -0.837316859 0.065070635
173376.463502463 -0.647880492 2.931754743 0.589909141 0.548179831 -0.038776572 -0.833298925 0.060067901
173376.496836412 -0.680670613 3.054607472 0.595062022 0.550816368 -0.038822122 -0.832178624 0.050723848
173376.530170362 -0.731937954 3.141159333 0.588387837 0.554542925 -0.034912652 -0.830380293 0.041615133
173376.563504311 -0.786566432 3.229774380 0.580172246 0.561817463 -0.033089947 -0.825916568 0.033585968
173376.596838260 -0.844001179 3.320761432 0.570679760 0.573742796 -0.034833982 -0.817799114 0.028467662
173376.630172209 -0.891378054 3.433946267 0.563907149 0.582827088 -0.040256299 -0.811106708 0.028247541
173376.663506158 -0.955282463 3.529770171 0.555472236 0.586665043 -0.042848048 -0.808179316 0.028885396
173376.696840108 -1.031625375 3.617581468 0.543006315 0.587049441 -0.043668654 -0.807984886 0.025028501
173376.730174057 -1.099097512 3.718076797 0.534337211 0.584965926 -0.045073790 -0.809624703 0.017060467
173376.763508006 -1.167304873 3.820699096 0.525000892 0.581133435 -0.045768192 -0.812489507 0.007071356
173376.796841955 -1.235150984 3.925570053 0.514280725 0.578808957 -0.048253784 -0.814033476 0.001124356
173376.830175905 -1.302100650 4.033022713 0.502074557 -0.578653626 0.052453454 0.813881499 0.002349912
173376.863509854 -1.367237746 4.143743851 0.489169265 -0.577758392 0.055928142 0.814246563 0.008355659
173376.896843803 -1.429612122 4.257796714 0.475399573 -0.576653435 0.060452099 0.814558927 0.017610065
173376.930177752 -1.489153511 4.374043491 0.460011630 -0.578019021 0.066796424 0.812798844 0.028112053
173376.963511701 -1.545665609 4.491838211 0.442998553 -0.583097005 0.076372746 0.807963701 0.036874722
173376.996845651 -1.561973258 4.560229854 0.419248952 -0.588122353 0.086010671 0.802973343 0.044136978
173377.030179600 -1.612023853 4.679389434 0.402245354 -0.592376780 0.097066732 0.798182142 0.050725422
173377.063513549 -1.658977958 4.799752753 0.385950280 -0.596348384 0.106392290 0.793748950 0.054880691
173377.096847498 -1.702762096 4.921151089 0.370421726 -0.600205226 0.114262333 0.789548866 0.057536020
173377.130181447 -1.743077303 5.042735586 0.355633470 -0.604499868 0.120139561 0.785490812 0.056130018
173377.163515397 -1.779535229 5.164496708 0.341373240 -0.608738443 0.122459280 0.782142225 0.051911205
173377.196849346 -1.812157939 5.286940586 0.326380167 -0.613795298 0.120574589 0.778734438 0.047851596
173377.230183295 -1.841237119 5.410323131 0.309369621 -0.621470275 0.119648444 0.772990258 0.044102245
173377.263517244 -1.867940685 5.535398994 0.290699407 -0.628749936 0.124781200 0.766351970 0.042518552
173377.296851194 -1.799543239 5.526894726 0.278311064 -0.629284978 0.129070157 0.765354466 0.039671803
173377.330185143 -1.827148413 5.653597109 0.258513838 -0.628595880 0.138045626 0.764317828 0.040359420
173377.363519092 -1.857363029 5.783796723 0.238114888 -0.629710946 0.146693698 0.761639898 0.043008713
173377.396853041 -1.890194084 5.917172418 0.217828508 -0.632637407 0.154858089 0.757328869 0.047348367
173377.430186990 -1.776675047 6.277097074 0.214380169 -0.632573191 0.172120827 0.753168131 0.054436626
173377.463520940 -1.812015459 6.423916800 0.195172053 -0.634282937 0.171781387 0.751706814 0.055795850
173377.496854889 -1.850055796 6.573116427 0.176303020 -0.635830717 0.171046992 0.750628919 0.054940434
173377.530188838 -1.891675257 6.724308352 0.157785310 -0.636608669 0.170855658 0.750293700 0.050961853
173377.563522787 -2.137466178 7.071139656 0.093956112 -0.637621713 0.176113605 0.748461608 0.047199269
173377.596856736 -2.192462726 7.233226748 0.074976062 -0.633675642 0.176670584 0.751946291 0.042655133
173377.630190686 -2.251357442 7.397507924 0.056205012 -0.629023199 0.178817633 0.755533547 0.039027287
173377.663524635 -2.313401548 7.564609863 0.037432097 -0.624128497 0.181569105 0.759172778 0.033955447
173377.696858584 -2.378228849 7.734641637 0.018348778 -0.619123662 0.183109144 0.763229191 0.025261332
173377.730192533 -2.445589839 7.908295780 -0.000904418 -0.613912509 0.181406179 0.768109150 0.014545220
173377.763526483 -2.514936166 8.086114380 -0.020520546 -0.609931734 0.175945155 0.772647539 0.006508644
173377.796860432 -2.585937450 8.268243716 -0.041183054 -0.609306112 0.168852585 0.774744670 0.002358593
173377.830194381 -2.658531269 8.455103630 -0.062891909 -0.610941159 0.162411681 0.774835743 0.001708085
173377.863528330 -2.732860922 8.646543217 -0.085427456 -0.612772255 0.157667231 0.774364710 0.003240924
173377.896862279 -2.809088716 8.842736408 -0.108423080 -0.612826273 0.155236279 0.774798734 0.005707852
173377.930196229 -2.886701818 9.044506437 -0.131579043 -0.610695603 0.152668723 0.776916989 0.011963891
173377.963530178 -3.159464464 10.058676024 -0.286659345 -0.609227288 0.187893595 0.769392679 0.039661244
173377.996864127 -3.240803658 10.296477540 -0.316354735 -0.605920153 0.188318696 0.771262064 0.050514013
173378.030198076 -3.321606414 10.539662251 -0.347039070 -0.603572327 0.190325200 0.771669250 0.063271891
173378.063532025 -3.401237561 10.788688376 -0.378880711 -0.602055257 0.195013466 0.770420088 0.077149882
173378.096865975 -3.479111895 11.043648260 -0.411650736 -0.600503586 0.203507389 0.767550541 0.094055057
173378.130199924 -3.338707350 11.179694943 -0.418235378 -0.594786906 0.210177313 0.767378442 0.114823171
173378.163533873 -3.332318156 11.397248081 -0.441655272 -0.591981264 0.219846382 0.762628691 0.140082949
173378.196867822 -3.459326785 12.266155821 -0.626708972 -0.590876129 0.247784217 0.747762684 0.174124526
173378.230201772 -3.518337793 12.551349088 -0.667429572 -0.587390015 0.259498158 0.738319677 0.206198282
173378.263535721 -3.574097940 12.838539995 -0.710189739 -0.583606710 0.273133810 0.727063003 0.237024302
173378.296869670 -3.627029916 13.127679836 -0.755277132 -0.580406917 0.289087452 0.713210147 0.266247145
173378.330203619 -3.677259383 13.418054247 -0.802601128 -0.578872680 0.308309914 0.695663602 0.293093109
173378.363537568 -3.724951876 13.709375875 -0.851470275 -0.577162909 0.329727211 0.674924464 0.320374641
173378.396871518 -3.771003364 14.001215720 -0.901435191 -0.573453765 0.352878840 0.652563634 0.347545692
173378.430205467 -3.648605344 14.205130546 -0.928320773 -0.565911989 0.376255521 0.632031758 0.372439605
173378.463539416 -3.693383907 14.362506915 -0.949649049 -0.559424570 0.395453438 0.612010224 0.395100258
173378.496873365 -3.737481090 14.650928362 -0.999676607 -0.553746008 0.414763299 0.589089339 0.417505109
173378.530207314 -3.784094189 14.940456215 -1.049776521 -0.550124835 0.430532264 0.566367624 0.437301212
173378.563541264 -3.834326433 15.231656204 -1.099706088 -0.548962152 0.441726394 0.545127392 0.454262562
173378.596875213 -3.889480247 15.525118049 -1.149352234 -0.551350356 0.446573752 0.526360185 0.468539887
173378.630209162 -3.950778461 15.821220077 -1.199448440 -0.557582134 0.448173293 0.510334119 0.477286026
173378.663543111 -4.019175836 16.120036053 -1.250802682 -0.567259238 0.450772431 0.497437951 0.477049952
173378.696877061 -4.095140171 16.421911530 -1.303923610 -0.579634129 0.455087560 0.489201460 0.466477782
173378.730211010 -4.177904781 16.727424656 -1.358600158 -0.594693460 0.456542093 0.484182906 0.451083051
173378.763544959 -4.266308599 17.036917580 -1.414100937 -0.612618879 0.447560041 0.481961877 0.438293131
173378.796878908 -4.360283830 17.350706162 -1.470178217 -0.631206033 0.424878844 0.486362406 0.429544552
173378.830212857 -4.459731783 17.667727756 -1.527332574 -0.650021770 0.391633688 0.496385257 0.421540543
173378.863546807 -4.563900742 17.986196201 -1.585724745 -0.668397823 0.355061814 0.510901256 0.407621596
173378.896880756 -4.671682985 18.304652088 -1.645179879 -0.685648673 0.321322189 0.528564654 0.383741261
173378.930214705 -4.782161160 18.623048607 -1.705455879 -0.700454758 0.290929036 0.548393215 0.352119737
173378.963548654 -4.893514393 18.941838611 -1.765734813 -0.711635848 0.265339288 0.568149061 0.316821914
173378.996882603 -5.004633056 19.262060404 -1.824679526 -0.717522249 0.242454745 0.588756299 0.282388985
173379.030216553 -5.115174159 19.583854409 -1.881961089 -0.718407569 0.220945984 0.611591545 0.247040923
173379.063550502 -5.223196318 19.907593771 -1.937220361 -0.717093482 0.201254818 0.634047638 0.207983240
173379.096884451 -5.328129679 20.234444554 -1.990096466 -0.713787244 0.184549210 0.654766176 0.166525117
173379.130218400 -5.430115049 20.566049809 -2.040737319 -0.707146927 0.170035287 0.674396524 0.127359940
173379.163552350 -5.529084291 20.903399900 -2.089581501 -0.696884543 0.155515473 0.693893613 0.093158607
173379.196886299 -5.625628176 21.246614421 -2.137170657 -0.683563613 0.142503696 0.713202419 0.061447486
173379.230220248 -5.719973199 21.595946547 -2.185124115 -0.670045533 0.130715615 0.730019620 0.031996356
173379.263554197 -5.812321706 21.952378351 -2.234311395 -0.659229443 0.123983120 0.741620394 0.006627100
173379.296888146 -5.903408104 22.315589555 -2.284005392 0.650775228 -0.117416829 -0.750039807 0.012049035
173379.330222096 -5.993549105 22.684745606 -2.334744777 0.643684305 -0.110424963 -0.756888816 0.024416459
173379.363556045 -6.082797169 23.059699749 -2.386993251 0.635493908 -0.102376718 -0.764584380 0.032821123
173379.396889994 -6.171683132 23.439820977 -2.441082895 0.625912044 -0.094141822 -0.773127479 0.040562690
173379.430223943 -6.260574495 23.825176284 -2.497625461 0.616749247 -0.084752739 -0.780865565 0.051829615
173379.463557892 -6.348590246 24.216229150 -2.557386792 0.611121922 -0.075973412 -0.785318581 0.063504047
173379.496891842 -6.435618052 24.613688883 -2.620956129 0.610271154 -0.069924314 -0.785673012 0.073468548
173379.530225791 -6.522227715 25.018653177 -2.687317339 0.608692102 -0.066492486 -0.786793554 0.077643911
173379.563559740 -6.608735863 25.431684285 -2.756433089 0.604862474 -0.067658703 -0.789833993 0.075670020
173379.596893689 -6.694965693 25.852911552 -2.828581089 0.600859404 -0.072476748 -0.793153996 0.067984083
173379.630227639 -6.780698616 26.281747525 -2.903897280 0.597889257 -0.081888657 -0.795373949 0.056594744
173379.663561588 -6.865941791 26.717600505 -2.981946854 0.596538189 -0.093836138 -0.795838596 0.044473563
173379.696895537 -6.961506420 26.615637911 -2.895067338 0.595377880 -0.095930335 -0.796844293 0.036901539
173379.730229486 -7.046962523 27.052774297 -2.972355101 0.594653642 -0.108490999 -0.796330521 0.021781901
173379.763563435 -6.927588255 27.088023383 -2.903652806 0.596026473 -0.115440869 -0.794588477 0.007416264
173379.796897385 -7.591536821 27.899249446 -3.116510350 -0.604824200 0.137275090 0.784305257 0.014439557
173379.830231334 -7.164152849 28.271369242 -3.130603354 -0.605904374 0.148740575 0.780901880 0.030795847
173379.863565283 -7.244782980 28.724315716 -3.210402108 -0.609395770 0.160386075 0.775095118 0.046267272
173379.896899232 -7.325855952 29.180210997 -3.290765974 -0.611625832 0.171882482 0.769992024 0.059013022
173379.930233181 -6.321952721 29.960456809 -3.394525790 -0.605805624 0.191313324 0.768814366 0.072960463
173379.963567131 -6.385350934 30.424336833 -3.475821095 -0.606706155 0.199244249 0.765370182 0.080111517
173379.996901080 -6.449366012 30.891541594 -3.557466654 -0.609050113 0.204544374 0.761563477 0.085091887
173380.030235029 -5.996677357 31.598043332 -3.630329877 -0.610261743 0.213077781 0.757569800 0.090920089
173380.063568978 -6.052552665 32.073014164 -3.713061031 -0.615579055 0.216117028 0.751991192 0.094154683
173380.096902928 -6.109313510 32.551494057 -3.796154861 -0.619852526 0.219368457 0.747215931 0.096585083
173380.130236877 -6.167122452 33.033018233 -3.879731646 -0.622796818 0.223725877 0.743396352 0.097122193
173380.163570826 -6.226122590 33.517945594 -3.963763197 -0.624543950 0.228632785 0.740687097 0.095155287
173380.196904775 -6.286325675 34.006564701 -4.048205286 -0.625739418 0.233135394 0.738771074 0.091188647
173380.230238724 -6.347697419 34.499030054 -4.133103531 -0.626946718 0.236781674 0.737325165 0.084993252
173380.263572674 -6.410138283 34.995382091 -4.218271960 -0.627638463 0.239971845 0.736580201 0.077026492
173380.296906623 -6.473480118 35.495825594 -4.303465471 -0.627521105 0.242543953 0.736727351 0.067988999
173380.330240572 -6.537483782 36.000672256 -4.388366406 -0.626073838 0.244474205 0.738019394 0.059927340
173380.363574521 -6.601843185 36.509940556 -4.473089219 -0.624150705 0.246501961 0.739479286 0.053320417
173380.396908470 -6.666343292 37.023671506 -4.557897461 -0.622924426 0.249434432 0.739887521 0.048104876
173380.430242420 -6.731139953 37.542055497 -4.642857503 -0.621877936 0.252073657 0.740176722 0.043187089
173380.463576369 -6.796236606 38.065169078 -4.728097027 -0.620192052 0.253792403 0.741267953 0.038380420
173380.496910318 -6.861457705 38.592986494 -4.813971283 -0.617347893 0.255582956 0.743256813 0.033589306
173380.530244267 -6.926364910 39.125324492 -4.901124605 -0.613958898 0.258964682 0.745084655 0.028993486
173380.563578217 -6.990785172 39.662246234 -4.989987059 -0.610010746 0.264527554 0.746513471 0.025093849
173380.596912166 -7.054806478 40.203826904 -5.080544420 -0.605317251 0.270715736 0.748214705 0.021880847
173380.630246115 -7.118454866 40.750287799 -5.172918932 -0.600104373 0.276670715 0.750320554 0.018631257
173380.663580064 -7.181570771 41.301707866 -5.267483330 -0.595662597 0.282173929 0.751904524 0.014266427
173380.696914013 -7.244053715 41.858275786 -5.364283755 -0.592260040 0.286907945 0.752882568 0.008928311
173380.730247963 -7.305924864 42.420373199 -5.462913231 -0.589362643 0.289562789 0.754179357 0.004308503
173380.763581912 -7.366965961 42.988052620 -5.563491471 -0.588426275 0.289092985 0.755100952 0.001522421
173380.796915861 -7.427073841 43.561234362 -5.666680797 -0.590764114 0.287758619 0.753785587 0.000165408
173380.830249810 -7.486595774 44.140446889 -5.772667220 0.595131217 -0.286138810 -0.750961561 0.000387170
173380.863583759 -7.545888447 44.726325594 -5.881467597 0.599979268 -0.283561203 -0.748076032 0.000415772
173380.896917709 -7.605000385 45.319306622 -5.993530827 0.605801085 -0.280439779 -0.744552598 0.000075010
173380.930251658 -7.663788436 45.919701551 -6.109153989 -0.612443380 0.278315713 0.739900748 0.000594783
173380.963585607 -7.722233703 46.527874083 -6.228376325 -0.619982908 0.276668858 0.734215688 0.001691176
173380.996919556 -7.780461075 47.144367509 -6.351016107 -0.627079469 0.275981929 0.728414664 0.004170346
173381.030253506 -7.838549693 47.769276462 -6.476763837 -0.632966092 0.275641565 0.723403922 0.007900584
173381.063587455 -7.896259886 48.401736911 -6.605238335 -0.638856513 0.275636788 0.718176035 0.010483318
173381.096921404 -7.953423328 49.041381849 -6.735496622 -0.644012276 0.275090597 0.713743660 0.011972419
173381.130255353 -8.009921944 49.687737668 -6.866495551 -0.647413575 0.273235814 0.711353422 0.013197076
173381.163589302 -8.065410168 50.340355869 -6.997610279 -0.649232328 0.270547345 0.710644924 0.016891145
173381.196923252 -8.119518027 50.998264654 -7.128884897 -0.651109464 0.268188350 0.709624642 0.023755874
173381.230257201 -8.172285514 51.660645377 -7.260528887 -0.653681702 0.267177648 0.707355652 0.031053480
173381.263591150 -8.224092056 52.327550704 -7.392255805 -0.655070355 0.266502291 0.705962566 0.038421545
173381.296925099 -8.275317230 52.998438038 -7.524274645 -0.655445810 0.265437059 0.705640428 0.044783297
173381.330259049 -8.326013580 53.672914356 -7.657076103 -0.655167263 0.266327385 0.705306902 0.048659590
173381.363592998 -8.376319771 54.351277666 -7.790617595 -0.654019188 0.267812828 0.705616684 0.051383722
173381.396926947 -8.426420603 55.033598431 -7.925282302 -0.653020047 0.268767396 0.706117186 0.052224761
173381.430260896 -8.476147144 55.720069295 -8.061279250 -0.652274794 0.269887948 0.706386106 0.052122530
173381.463594845 -8.525430409 56.410864831 -8.199013760 -0.652319706 0.271590229 0.705806144 0.050551315
173381.496928795 -8.574427869 57.106187969 -8.338488546 -0.652534152 0.273937945 0.704871012 0.048104465
173381.530262744 -8.623590072 57.806516983 -8.479501931 -0.650931750 0.276458296 0.705634714 0.044026330
173381.563596693 -8.672925328 58.512269650 -8.621924972 -0.646181020 0.279288980 0.709204329 0.038431419
173381.596930642 -8.722015104 59.223343407 -8.766064832 -0.640169040 0.283057025 0.713453839 0.032341004
173381.630264591 -8.770710920 59.939824324 -8.912148055 -0.634205505 0.288133160 0.716990684 0.026211037
173381.663598541 -8.819117100 60.661954437 -9.059868618 -0.627566080 0.292952927 0.721048151 0.020711392
173381.696932490 -8.867161479 61.389304370 -9.209503290 -0.622090385 0.296641787 0.724441655 0.013838049
173381.730266439 -8.914679015 62.121749754 -9.361134324 -0.618113784 0.299913884 0.726604309 0.005761093
173381.763600388 -8.961668293 62.859371307 -9.514574411 0.615120773 -0.302587064 -0.728054030 0.002198313
173381.796934338 -9.008194599 63.602376105 -9.669643920 0.612743666 -0.304102481 -0.729376026 0.008803049
173381.830268287 -9.054388096 64.351067523 -9.826329134 0.610342702 -0.304470928 -0.731165224 0.013291193
173381.863602236 -9.100358585 65.105538783 -9.985002100 0.608492514 -0.304561955 -0.732590894 0.017013453
173381.896936185 -9.146241181 65.865959232 -10.145777631 0.607610689 -0.304424521 -0.733291282 0.020466020
173381.930270134 -9.192307869 66.632595405 -10.308552205 0.607113881 -0.303329220 -0.734035253 0.024420626
173381.963604084 -9.238613106 67.405581725 -10.473262651 0.607067292 -0.301339590 -0.734731739 0.028862195
173381.996938033 -9.285094183 68.184874781 -10.639891763 0.607950701 -0.299147258 -0.734671667 0.034123383
173382.030271982 -9.331784066 68.970663234 -10.808141996 0.609453897 -0.295784655 -0.734503720 0.039770225
173382.063605931 -9.378627624 69.762983497 -10.977802659 0.611079236 -0.291183078 -0.734721243 0.044489075
173382.096939880 -9.425701909 70.561662215 -11.148919678 0.612495360 -0.285737394 -0.735427254 0.048480202
173382.130273830 -9.472852452 71.366472346 -11.321722029 0.613625867 -0.280468541 -0.736235779 0.052512571
173382.163607779 -9.519937441 72.177346034 -11.496357035 0.614592390 -0.275791189 -0.736893060 0.056604181
173382.196941728 -9.566887177 72.994290401 -11.672846369 0.615261871 -0.271299570 -0.737706702 0.060317444
173382.230275677 -9.613453530 73.817279268 -11.851360404 0.616031638 -0.267397771 -0.738247564 0.063198000
173382.263609627 -9.659488409 74.646266578 -12.032117281 0.617664670 -0.264524077 -0.737710270 0.065581439
173382.296943576 -9.704970393 75.481300000 -12.215116787 0.620007357 -0.262394354 -0.736322483 0.067596456
173382.330277525 -9.749957791 76.322418329 -12.400308474 0.622890035 -0.260699998 -0.734306821 0.069548596
173382.363611474 -9.794560835 77.169679054 -12.587626291 0.625810486 -0.259660451 -0.731974474 0.071770848
173382.396945423 -9.838694545 78.023088625 -12.776951814 0.628316929 -0.259871697 -0.729486029 0.074395376
173382.430279373 -9.882241042 78.882782311 -12.968219506 0.630626744 -0.261453487 -0.726678113 0.076752225
173382.463613322 -9.925030863 79.748997706 -13.161567818 0.633056985 -0.264707602 -0.723385821 0.076692199
173382.496947271 -9.967144705 80.621974857 -13.357398633 0.635516396 -0.270893362 -0.719284225 0.073252304
173382.530281220 -10.008790512 81.501971070 -13.556225829 0.637363740 -0.281918006 -0.713920695 0.067874460
173382.563615169 -10.050592859 82.389639668 -13.757690730 0.635493957 -0.297464544 -0.709893735 0.060935711
173382.596949119 -10.092983861 83.285618087 -13.961071145 0.627590722 -0.315473141 -0.709827582 0.052453650
173382.630283068 -10.135494061 84.190234419 -14.165946675 0.615189898 -0.334667417 -0.712614616 0.041467082
173382.663617017 -10.177277491 85.103137788 -14.371849824 0.601728920 -0.354057501 -0.715385335 0.028096543
173382.696950966 -10.217741671 86.023712943 -14.578035193 0.589786050 -0.371162563 -0.717086387 0.013337219
173382.730284916 -10.256611443 86.951689298 -14.783524314 -0.579443314 0.383799706 0.718966946 0.005455474
173382.763618865 -10.293720115 87.886380347 -14.987997549 -0.570093469 0.391095380 0.721949146 0.028762303
173382.796952814 -10.329659645 88.826696292 -15.191455375 -0.563461146 0.393955190 0.723900027 0.057267751
173382.830286763 -10.369804093 89.772683467 -15.393458061 -0.554285325 0.388934397 0.731601027 0.079105948
173382.863620712 -10.412081205 90.722994617 -15.596188323 -0.540527896 0.385776343 0.741809103 0.093410178
173382.896954662 -10.452559659 91.677822289 -15.801287059 -0.526288326 0.389725905 0.748348018 0.105401898
173382.930288611 -10.489516544 92.639199590 -16.006864473 -0.507385461 0.394192484 0.755723357 0.126706307
173382.963622560 -10.523147887 93.606939122 -16.212848456 -0.483009930 0.395740630 0.765155833 0.156930917
173382.996956509 -10.556414501 94.580335853 -16.420773584 -0.459575893 0.395197594 0.774232527 0.182134166
173383.030290458 -10.591554506 95.559945162 -16.630516805 -0.440848837 0.392002408 0.782706172 0.198387153
173383.063624408 -10.627263349 96.545441250 -16.843455535 -0.422831233 0.389695097 0.791343534 0.207670149
173383.096958357 -10.663355241 97.536941320 -17.060503858 -0.409763915 0.386498040 0.797813343 0.214957366
173383.130292306 -10.700017448 98.534686939 -17.282381237 -0.402815239 0.380596619 0.802812875 0.219949050
173383.163626255 -10.737982385 99.537784159 -17.510616660 -0.405033655 0.374001998 0.805199535 0.218458124
173383.196960205 -10.777904036 100.545849527 -17.746233739 -0.418150304 0.371115934 0.802441668 0.208592081
173383.230294154 -10.819093974 101.559163654 -17.988807308 -0.437523017 0.369712305 0.796282908 0.194473526
173383.263628103 -10.860049672 102.577542606 -18.237893107 -0.460065922 0.370244393 0.786604845 0.180308777
173383.296962052 -10.900307018 103.601059474 -18.492798216 -0.484685326 0.371154816 0.774229355 0.167012404
173383.330296001 -10.941214853 104.630378402 -18.752805199 -0.507144087 0.370449893 0.763202034 0.151968439
173383.363629951 -10.981677929 105.665171215 -19.018173576 -0.529136477 0.369357636 0.751546752 0.136992722
173383.396963900 -11.020098242 106.704939539 -19.289374399 -0.552859209 0.373460421 0.734780963 0.122355814
173383.430297849 -11.056224376 107.749594575 -19.566444968 -0.580724886 0.384547977 0.709720057 0.105730318
173383.463631798 -11.089705767 108.798702359 -19.849031730 -0.615254273 0.400419377 0.673844049 0.084027972
173383.496965747 -11.119630124 109.852396822 -20.136173367 -0.655498089 0.419364311 0.625205916 0.059777860
173383.530299697 -11.145890309 110.911459953 -20.426402778 -0.697867622 0.435217319 0.567718489 0.035530050
173383.563633646 -11.169048491 111.977536111 -20.718081698 -0.739053008 0.440765197 0.509256612 0.013579180
173383.596967595 -11.189561465 113.052738964 -21.009765298 0.774892959 -0.435894915 -0.457751041 0.000713194
173383.630301544 -11.209806179 114.138333289 -21.301174965 0.800822831 -0.424196852 -0.422647829 0.010422867
173383.663635494 -11.229838725 115.234965919 -21.593653102 0.819354160 -0.409537626 -0.400919100 0.014197479
173383.696969443 -11.247983519 116.341402975 -21.887617628 0.834461030 -0.396400310 -0.382539681 0.014317001
173383.730303392 -11.263746375 117.457919451 -22.183296145 0.847269098 -0.386092524 -0.364591640 0.011856422
173383.763637341 -11.277763318 118.584129241 -22.480206921 0.855490429 -0.386677810 -0.344306985 0.008312488
173383.796971290 -11.291914540 119.720731877 -22.776299002 0.855659498 -0.395602755 -0.333644092 0.005186923
173383.830305240 -11.307849325 120.868846368 -23.072681242 -0.848206967 0.406159222 0.339952613 0.003442026
173383.863639189 -11.326322522 122.028278154 -23.370431757 -0.832132583 0.421359776 0.360046287 0.019441577
173383.896973138 -11.345946509 123.198110943 -23.668426442 -0.809702095 0.439087969 0.387237930 0.040386371
173383.930307087 -11.365250220 124.377824881 -23.966191305 -0.781721704 0.460591053 0.415833147 0.062047188
173383.963641036 -11.383642881 125.566498590 -24.262858643 -0.750660089 0.481854461 0.445228656 0.078084261
173383.996974986 -11.401435298 126.764215539 -24.557867981 -0.717703608 0.500747372 0.475491617 0.089784867
173384.030308935 -11.418494166 127.970956627 -24.851156148 -0.681654983 0.516364107 0.508394656 0.101239651
173384.063642884 -11.434891526 129.185621032 -25.142908808 -0.642754661 0.526094322 0.545290948 0.112911437
173384.096976833 -11.450788400 130.407279259 -25.433767169 -0.603408538 0.524590738 0.587381260 0.125243561
173384.130310783 -11.466397392 131.634447445 -25.724852991 -0.563122753 0.514748730 0.631925292 0.136370576
173384.163644732 -11.481467185 132.866069993 -26.017080642 -0.521603881 0.501073685 0.674478101 0.148100792
173384.196978681 -11.496261889 134.101091980 -26.311368300 -0.479696636 0.485211981 0.713183691 0.160715568
173384.230312630 -11.511116898 135.339121160 -26.608911082 -0.437184111 0.470610993 0.746792962 0.172324170
173384.263646579 -11.526383927 136.580599725 -26.910864379 -0.396409079 0.458540900 0.774447141 0.181195229
173384.296980529 -11.542851239 137.825557802 -27.217486976 -0.360040722 0.444056296 0.799297125 0.185226321
173384.330314478 -11.560361712 139.073965554 -27.529347758 -0.329651552 0.424701150 0.821692781 0.189155388
173384.363648427 -11.579057974 140.326061854 -27.847329152 -0.307154053 0.406313247 0.840050956 0.186762749
173384.396982376 -11.598116227 141.583959307 -28.171212806 -0.291306383 0.398353071 0.851527912 0.177075229
173384.430316325 -11.617472984 142.847943386 -28.499641403 -0.280603941 0.391068391 0.860990033 0.164387056
173384.463650275 -11.636470430 144.118219743 -28.832753597 -0.274214422 0.383633800 0.868429219 0.153173923
173384.496984224 -11.655093375 145.393351789 -29.171458736 -0.273180958 0.379065256 0.873279989 0.138071562
173384.530318173 -11.673525692 146.674574520 -29.514921482 -0.275090170 0.376928847 0.876065216 0.121489831
173384.563652122 -11.692441202 147.961668122 -29.863747519 -0.280276645 0.378656996 0.876004813 0.103341424
173384.596986072 -11.711996724 149.254327483 -30.219312850 -0.295447421 0.383644343 0.871072168 0.082226017
173384.630320021 -11.732115207 150.552199118 -30.582197226 -0.325681716 0.387555036 0.860490384 0.057348176
173384.663653970 -11.751646966 151.854863535 -30.952193396 -0.368098210 0.391082735 0.843073222 0.028027553
173384.696987919 -11.769157335 153.162627673 -31.328899113 0.417053838 -0.393828551 -0.819120488 0.002606566
173384.730321868 -11.784407221 154.475725321 -31.711397723 0.471502506 -0.390944274 -0.789684661 0.035300115
173384.763655818 -11.797903505 155.794669961 -32.097869113 0.525734147 -0.381279602 -0.756876871 0.073258953
173384.796989767 -11.808725460 157.119989837 -32.486869144 0.572194527 -0.370223048 -0.722817410 0.114294840
173384.830323716 -11.816753547 158.453585423 -32.877535404 0.613421761 -0.354729936 -0.688892911 0.152666210
173384.863657665 -11.823075492 159.797393766 -33.269234165 0.644419438 -0.338243100 -0.660435358 0.184771025
173384.896991614 -11.827926459 161.151690461 -33.661618302 0.664994484 -0.323796636 -0.638862505 0.211643035
173384.930325564 -11.830953753 162.517643857 -34.054794602 0.678514956 -0.314066021 -0.622418577 0.231462967
173384.963659513 -11.832687113 163.896434243 -34.449002254 0.684130857 -0.312953846 -0.613702285 0.239571212
173384.996993462 -11.833994558 165.288043555 -34.845094360 0.682095503 -0.319265647 -0.613744401 0.236923999
173385.030327411 -11.834555582 166.692015401 -35.244013485 0.673644521 -0.331677021 -0.620964908 0.224935539
173385.063661361 -11.833422349 168.107861942 -35.646920756 0.661678916 -0.347514117 -0.631986050 0.204959955
173385.096995310 -11.829357595 169.534588580 -36.054788522 0.649045837 -0.365505439 -0.642533190 0.179711922
173385.130329259 -11.821571543 170.971256399 -36.467805813 0.637617449 -0.385629451 -0.649630824 0.150710678
173385.163663208 -11.809705045 172.416563960 -36.886097092 0.627843796 -0.407942908 -0.651641545 0.121482710
173385.196997157 -11.793689633 173.870237869 -37.309752365 0.620944628 -0.431712740 -0.648009183 0.090199654
173385.230331107 -11.773707958 175.332007728 -37.738137532 0.617030526 -0.453899585 -0.640302529 0.057106635
173385.263665056 -11.750196653 176.801410382 -38.170839945 0.616612423 -0.474852566 -0.627481090 0.023909036
173385.296999005 -11.723767981 178.278064916 -38.606861327 -0.617938807 0.492594320 0.612734686 0.007659716
173385.330332954 -11.694679820 179.762420501 -39.045676941 -0.620583748 0.506427294 0.597405872 0.038902857
173385.363666903 -11.664221302 181.254218994 -39.487015909 -0.621462740 0.517914378 0.583875793 0.068101526
173385.397000853 -11.633182641 182.753735841 -39.930967846 -0.620090755 0.526230117 0.573837839 0.096329923
173385.430334802 -11.601170648 184.260270800 -40.377763286 -0.618367697 0.533425816 0.563827169 0.123195835
173385.463668751 -11.567947148 185.773440218 -40.827470393 -0.617813682 0.540036696 0.552022208 0.148115172
173385.497002700 -11.533987593 187.293303708 -41.280436371 -0.617897017 0.546769641 0.538708925 0.170408128
173385.530336650 -11.499230690 188.820007831 -41.736959164 -0.618724990 0.554198049 0.523476178 0.189780399
173385.563670599 -11.096882925 187.457933286 -40.943067716 -0.617817434 0.561651774 0.505950340 0.216478996
173385.597004548 -11.056964712 188.973853970 -41.392058298 -0.618949022 0.570046557 0.487907640 0.232153323
173385.630338497 -11.016139497 190.497747515 -41.844267273 -0.619265232 0.579782099 0.467870913 0.247911475
173385.663672446 -10.975341618 192.028640948 -42.299759712 -0.618164317 0.590060297 0.448242824 0.262259592
173385.697006396 -10.934550724 193.566855460 -42.758398881 -0.614815025 0.600116511 0.431256857 0.275463577
173385.730340345 -10.892886633 195.112361009 -43.219883883 -0.610555325 0.609770041 0.414971343 0.288446661
173385.763674294 -10.849882763 196.665087283 -43.684448851 -0.607236257 0.618769708 0.397272860 0.300935959
173385.797008243 -10.805384444 198.224974236 -44.151936281 -0.605862668 0.626993686 0.377436749 0.312010971
173385.830342192 -10.759314744 199.792024786 -44.622165082 -0.606454529 0.633841254 0.355672813 0.322420561
173385.863676142 -10.712156000 201.366282039 -45.095077345 -0.607063448 0.640068807 0.333321277 0.332690274
173385.897010091 -10.664307197 202.947906880 -45.570467005 -0.605536940 0.646206659 0.311859880 0.344217058
173385.930344040 -10.615911584 204.536710764 -46.048181690 -0.601010765 0.652703367 0.291324416 0.357623350
173385.963677989 -10.566982791 206.132684034 -46.528296856 -0.592883812 0.659305621 0.271581695 0.374230232
173385.997011939 -10.517413476 207.735736868 -47.010874618 -0.581221895 0.665467817 0.252625744 0.394352542
173386.030345888 -10.466890075 209.345303185 -47.495801624 -0.566874845 0.670932935 0.232661168 0.417577164
173386.063679837 -10.415314351 210.960756273 -47.983095403 -0.550788173 0.675999535 0.209761831 0.442331314
173386.097013786 -10.362884153 212.582046345 -48.472896669 -0.533656444 0.681949739 0.182978880 0.465482634
173386.130347735 -10.309841331 214.209181665 -48.965062213 -0.515147724 0.688603124 0.153569828 0.486687649
173386.163681685 -10.256388575 215.841832790 -49.458748925 -0.495139631 0.695308402 0.121732953 0.506521530
173386.197015634 -10.202055148 217.481035212 -49.954275684 -0.475403742 0.700279942 0.088209212 0.525184178
173386.230349583 -10.146681985 219.127737392 -50.452238649 -0.456728160 0.702793457 0.056542899 0.542479166
173386.263683532 -10.090416429 220.781804230 -50.952619870 -0.439364779 0.703476838 0.027108911 0.557982111
173386.297017481 -10.033232196 222.442956787 -51.455094377 -0.423223662 0.702067941 -0.000879150 0.572696749
173386.330351431 -9.974979581 224.111409184 -51.959662781 -0.409070633 0.698071062 -0.028504105 0.586980005
173386.363685380 -9.915886552 225.787093269 -52.466952629 -0.395437165 0.692755962 -0.056266472 0.600460415
173386.397019329 -9.856001269 227.470141693 -52.977052985 -0.381747038 0.686138733 -0.084322782 0.613492059
173386.430353278 -9.795437237 229.160860219 -53.490277157 -0.368272443 0.678711460 -0.111125809 0.625601484
173386.463687228 -9.734686955 230.859258535 -54.006750645 -0.353995525 0.671639486 -0.136686225 0.636321023
173386.497021177 -9.673743051 232.565413656 -54.526571637 -0.339088543 0.664621920 -0.162057737 0.645781661
173386.530355126 -9.612154383 234.279706314 -55.049942250 -0.324062117 0.657073728 -0.186689308 0.654511239
173386.563689075 -9.549375149 236.002324595 -55.577138330 -0.309299238 0.649122758 -0.210718211 0.662247282
173386.597023024 -9.486309831 237.732831618 -56.108064361 -0.294419773 0.640302637 -0.233665276 0.669873173
173386.630356974 -9.422849373 239.471037782 -56.642581333 -0.279315818 0.630811110 -0.257342747 0.676634856
173386.663690923 -10.178169905 240.441376895 -56.777688612 -0.264641196 0.620812084 -0.278101441 0.683532722
173386.697024872 -10.120117715 242.190039031 -57.316339320 -0.249113574 0.612798901 -0.299897508 0.687372839
173386.730358821 -10.061057072 243.947299328 -57.859423583 -0.233401490 0.606928231 -0.319054040 0.689468190
173386.763692770 -10.000224505 245.713397402 -58.406750024 -0.219115542 0.601616498 -0.334329512 0.691570492
173386.797026720 -9.937559640 247.488760748 -58.958002233 -0.207401536 0.595649443 -0.346739619 0.694231936
173386.830360669 -9.873434666 249.273480030 -59.513140649 -0.198312350 0.588935355 -0.357441063 0.697182362
173386.863694618 -9.807912823 251.067472971 -60.072411374 -0.191377073 0.582365429 -0.367276388 0.699523680
173386.897028567 -9.740547069 252.870559055 -60.636573371 -0.185890527 0.577767767 -0.374861674 0.700790871
173386.930362517 -9.671020153 254.682681141 -61.205884660 -0.181679832 0.575271613 -0.379449065 0.701479449
173386.963696466 -9.599055512 256.503870616 -61.780353087 -0.179498911 0.574552249 -0.380699786 0.701952653
173386.997030415 -9.524539873 258.334213766 -62.359963833 -0.179784556 0.575655652 -0.378198847 0.702327356
173387.030364364 -9.447832803 260.173681110 -62.944577992 -0.182416300 0.578724147 -0.372943305 0.701937281
173387.063698313 -9.369006636 262.022270171 -63.534104308 -0.187168617 0.583548170 -0.364334638 0.701213030
173387.097032263 -11.171285825 262.193237941 -63.172737205 -0.195557779 0.589545525 -0.345959458 0.703210696
173387.130366212 -11.105073505 264.044278518 -63.761413016 -0.203579350 0.596998840 -0.330768021 0.701954663
173387.163700161 -11.036494145 265.908240463 -64.355874058 -0.212765914 0.605843477 -0.312534589 0.700004627
173387.197034110 -10.965932903 267.780607487 -64.954412006 -0.223130587 0.615477232 -0.292338569 0.697093021
173387.230368059 -10.893817119 269.661367562 -65.556837962 -0.235051560 0.626215201 -0.269900356 0.692646435
173387.263702009 -10.820591395 271.550459040 -66.162776642 -0.248745554 0.637283746 -0.245290998 0.686896937
173387.297035958 -10.746586739 273.447583590 -66.771918305 -0.263682596 0.647926637 -0.219046210 0.680206821
173387.330369907 -10.671999209 275.352579664 -67.384023970 -0.279236795 0.657579951 -0.191054990 0.673136993
173387.363703856 -10.597164664 277.265197424 -67.998969144 -0.294565672 0.666408954 -0.161359767 0.665652459
173387.397037806 -10.522214259 279.185230589 -68.616448266 -0.309593235 0.674306736 -0.130175468 0.657660096
173387.430371755 -10.447022292 281.112775184 -69.236283714 -0.325113970 0.681007875 -0.097397423 0.648878203
173387.463705704 -10.214367806 284.041557311 -70.351052150 -0.342544682 0.687637805 -0.063935164 0.636969140
173387.497039653 -10.137730784 285.991807256 -70.980425291 -0.361743465 0.693158580 -0.028654421 0.622777466
173387.530373602 -10.062394216 287.948397223 -71.611298598 -0.381939146 0.696773205 0.005136301 0.607127012
173387.563707552 -9.987884098 289.911481581 -72.244344937 -0.401435966 0.698956001 0.036547411 0.590740180
173387.597041501 -9.913915238 291.880894661 -72.879862709 -0.419842104 0.699944329 0.066038098 0.573976927
173387.630375450 -9.840619621 293.856143882 -73.517568196 -0.436393185 0.700232355 0.093749077 0.557177482
173387.663709399 -9.767870742 295.837117517 -74.157631183 -0.450648830 0.700194137 0.120624033 0.540456886
173387.697043348 -9.695318708 297.823925862 -74.799942203 -0.462101942 0.699822851 0.146868912 0.524537220
173387.730377298 -9.622624023 299.816565040 -75.444533640 -0.470870277 0.699347325 0.172075991 0.509494214
173387.763711247 -9.549327914 301.815236230 -76.091638750 -0.477472320 0.698874565 0.196086674 0.495120735
173387.797045196 -9.475026995 303.819887481 -76.741000293 -0.482827206 0.697565532 0.219181439 0.481912559
173387.830379145 -9.399423320 305.830694906 -77.392887532 -0.488118797 0.695975086 0.241604686 0.467959288
173387.863713095 -13.434610521 307.779488846 -77.831675294 -0.500812839 0.689133265 0.270388869 0.448521685
173387.897047044 -11.981043349 312.873341587 -80.099584756 -0.506742404 0.690439653 0.287883039 0.428519052
173387.930380993 -11.920526810 314.923779608 -80.771020843 -0.515420077 0.688065140 0.309851261 0.406079675
173387.963714942 9.520354186 325.134095782 -86.516731438 -0.494171568 0.714126795 0.302653935 0.392705969
173387.997048891 9.749518550 327.234755692 -87.230891113 -0.505372741 0.709585694 0.327587321 0.365750027
173388.030382841 3.712354841 326.186434345 -85.618841943 -0.523902494 0.693999667 0.360253240 0.337799114
173388.063716790 3.899376459 328.296873660 -86.321858096 -0.531722461 0.686984893 0.384059923 0.312763419
173388.097050739 -4.073992643 324.884020767 -83.224340864 -0.547128851 0.665048448 0.419819544 0.286552147
173388.130384688 -3.946028666 326.957893490 -83.893923609 -0.549080208 0.655001169 0.446567319 0.264692320
173388.163718637 -2.703856636 329.590002245 -84.914442576 -0.547533412 0.645220780 0.473692014 0.243953240
173388.197052587 -2.560567676 331.688244799 -85.593738369 -0.546705136 0.632769997 0.501791320 0.221181139
173388.230386536 -2.413686243 333.791292222 -86.275284785 -0.546391118 0.619181554 0.528612973 0.196568753
173388.263720485 -2.262979416 335.899141207 -86.959295914 -0.547285081 0.604625880 0.553095656 0.170269728
173388.297054434 -2.108176606 338.012009871 -87.645730342 -0.549302267 0.589225262 0.575060538 0.142779507
173388.330388384 -1.949034877 340.130456396 -88.334421404 -0.551353517 0.572894268 0.595324888 0.115714023
173388.363722333 -1.785909784 342.255049935 -89.025299359 -0.552111623 0.555951593 0.614875973 0.089543957
173388.397056282 -1.618660080 344.385863894 -89.718300269 -0.551647919 0.538998477 0.633204649 0.064939107
173388.430390231 -1.447232086 346.523148003 -90.413659526 -0.550478172 0.523094945 0.649250846 0.042647376
173388.463724180 -1.271752191 348.667316138 -91.111660054 -0.549113199 0.508410603 0.662913971 0.023203883
173388.497058130 -1.092061072 350.818450246 -91.812644064 -0.548169375 0.495214913 0.673967876 0.006311077
173388.530392079 -0.908548119 352.976715607 -92.517017893 0.547075918 -0.484174406 -0.682790883 0.008927196
173388.563726028 -0.721728893 355.142342830 -93.225264812 0.545261677 -0.475885222 -0.689721907 0.022508910
173388.597059977 -0.531851994 357.315627855 -93.937839491 0.542761036 -0.470543774 -0.694894510 0.033475880
173388.630393926 -0.339122042 359.496732076 -94.655019515 0.539975941 -0.467532668 -0.698656267 0.041456113
173388.663727876 -0.143440933 361.685537984 -95.376863828 0.538091974 -0.466037311 -0.700743474 0.047168172
173388.697061825 0.055542030 363.882084552 -96.103183285 0.537459400 -0.465542100 -0.701376917 0.049783195
173388.730395774 0.257883726 366.086398386 -96.833659079 0.537329500 -0.465892792 -0.701298301 0.049006204
173388.763729723 0.463620258 368.298316961 -97.568008885 0.537891324 -0.467171622 -0.700228247 0.045869395
173388.797063673 0.672672103 370.517954575 -98.305924669 0.538647866 -0.469621389 -0.698322530 0.040741510
173388.830397622 0.885136056 372.745189638 -99.047274607 0.539887302 -0.473336086 -0.695191419 0.034402650
173388.863731571 1.100640352 374.979879448 -99.791819142 0.541499631 -0.478545315 -0.690591310 0.029260430
173388.897065520 1.318817924 377.222761884 -100.539195275 0.541679890 -0.484053659 -0.686806833 0.023902441
173388.930399469 1.539738613 379.474188156 -101.289676492 0.540816754 -0.488802239 -0.684322532 0.017096227
173388.963733419 1.763070474 381.733861952 -102.043717721 0.539227142 -0.492166854 -0.683303214 0.010128976
173388.997067368 1.988488805 384.001252501 -102.801819192 0.536240013 -0.494362843 -0.684132845 0.003778686
173389.030401317 2.215864397 386.275658873 -103.564971623 -0.532260301 0.496367448 0.685793257 0.002436827
173389.063735266 2.444624316 388.556481020 -104.334051655 -0.526901633 0.499263283 0.687775368 0.008711264
173389.097069215 2.674089031 390.843061905 -105.109496408 -0.520245192 0.502339983 0.690524480 0.013244752
173389.130403165 2.904396134 393.134557585 -105.891682585 -0.513427279 0.506074344 0.692882684 0.013956145
173389.163737114 3.135851076 395.431207343 -106.680798866 -0.509283100 0.508936464 0.693874508 0.012351819
173389.197071063 3.369150652 397.732891759 -107.477190005 -0.507658811 0.513026597 0.692056017 0.012029590
173389.230405012 3.604184144 400.039051782 -108.280327128 -0.507537894 0.519176359 0.687573248 0.010208991
173389.263738962 3.841852355 402.349462249 -109.089676902 -0.511709344 0.525735184 0.679512354 0.004361771
173389.297072911 1.355370812 404.618111226 -109.696683304 0.523760630 -0.527450208 -0.668878728 0.008504540
173389.330406860 1.580713094 406.937168221 -110.514694096 0.534551422 -0.531084537 -0.657149905 0.018920759
173389.363740809 1.809070499 409.264073537 -111.338047122 0.544470242 -0.534157457 -0.645984489 0.030528779
173389.397074758 2.040409953 411.597886017 -112.165626214 0.552854984 -0.534885085 -0.637753227 0.038988903
173389.430408708 2.274417719 413.939289957 -112.996878151 0.556698055 -0.534131599 -0.634787722 0.042839912
173389.463742657 2.512042144 416.287926574 -113.831555766 0.556251263 -0.533370709 -0.635845256 0.042438536
173389.497076606 2.752963847 418.642753806 -114.670065172 0.554275057 -0.533672629 -0.637353949 0.041864416
173389.530410555 2.997713084 421.003398843 -115.513021154 0.557099972 -0.532751758 -0.635574846 0.043125407
173389.563744504 3.246180809 423.369423649 -116.360106448 0.566230338 -0.533353333 -0.626385873 0.050578300
173389.597078454 3.498163323 425.741701542 -117.210785753 0.579344949 -0.536146991 -0.610724476 0.062621470
173389.630412403 3.753168762 428.122038399 -118.063982780 0.589223177 -0.541330648 -0.595043043 0.075504668
173389.663746352 4.010746877 430.511817049 -118.919463201 0.592411756 -0.549813002 -0.582423834 0.086812741
173389.697080301 4.271468444 432.911529010 -119.777375671 0.593438443 -0.558431969 -0.571989386 0.093875941
173389.730414251 3.708610519 435.429292327 -120.656015026 0.596389186 -0.564676782 -0.561807812 0.099156705
173389.763748200 3.971030953 437.850112277 -121.518683853 0.600098711 -0.571771464 -0.550012662 0.102200794
173389.797082149 4.236636008 440.280767795 -122.383244665 0.604575748 -0.576985562 -0.539339797 0.103384765
173389.830416098 4.505125367 442.722174335 -123.249924848 0.608292217 -0.579711201 -0.532409037 0.102255167
173389.863750047 4.776475807 445.174336406 -124.118838915 0.611225136 -0.580073080 -0.529256679 0.099027386
173389.897083997 5.051130866 447.636205350 -124.989725401 0.614958301 -0.578706723 -0.526768831 0.097156655
173389.930417946 5.329520415 450.107508883 -125.862280528 0.620386951 -0.577059395 -0.521913974 0.098632093
173389.963751895 5.612191957 452.589115798 -126.735693278 0.627402714 -0.575425945 -0.514499476 0.102669887
173389.997085844 5.899164225 455.082605656 -127.608974972 0.633183528 -0.574527979 -0.507353818 0.107649084
173390.030419793 6.190227509 457.589772847 -128.481489167 0.636015998 -0.573057527 -0.504914824 0.110225862
173390.063753743 6.485093706 460.110551214 -129.353341023 0.635461386 -0.571427524 -0.507422279 0.110372290
173390.097087692 6.783468806 462.643835298 -130.225186619 0.633244043 -0.569785045 -0.512132513 0.109851146
173390.130421641 7.085149321 465.188916862 -131.097932105 0.631393891 -0.568119614 -0.516447830 0.108919691
173390.163755590 7.389914639 467.745598884 -131.972269831 0.629695030 -0.567310448 -0.519830482 0.106861101
173390.197089540 7.697763327 470.314159604 -132.848344395 0.627125771 -0.568058857 -0.522917337 0.102858449
173390.230423489 8.008727951 472.894932799 -133.726067923 0.622483745 -0.570661608 -0.526799244 0.096653370
173390.263757438 8.323377572 475.487548504 -134.605387471 0.615574517 -0.575835723 -0.530667520 0.088731154
173390.297091387 8.641965014 478.091705713 -135.486424975 0.607229685 -0.581716132 -0.535378501 0.079046258
173390.330425336 8.964629344 480.706948157 -136.369311125 0.596796709 -0.586497234 -0.543411702 0.067515965
173390.363759286 9.291739197 483.331808391 -137.254433856 0.583801350 -0.590482446 -0.554541251 0.054685146
173390.397093235 9.623614952 485.964817777 -138.142385880 0.570729216 -0.592119567 -0.567371745 0.041855507
173390.430427184 9.959425409 488.604884223 -139.033983097 0.555954932 -0.592209895 -0.582494912 0.030020514
173390.463761133 10.299289386 491.250162675 -139.930157184 0.542174026 -0.591568635 -0.596412938 0.019633705
173390.497095082 10.644314132 493.899700884 -140.831336103 0.534494434 -0.589885665 -0.605158977 0.011541807
173390.530429032 10.993427021 496.553426818 -141.737994978 0.530182961 -0.589649584 -0.609239833 0.006798739
173390.563762981 11.346275536 499.211709998 -142.649595379 0.524064128 -0.589516587 -0.614670409 0.002696563
173390.597096930 11.702841472 501.874687751 -143.566600618 -0.516045174 0.589773490 0.621164871 0.004337190
173390.630430879 12.063528439 504.541974298 -144.489318672 -0.508637458 0.589931114 0.626958500 0.013865691
173390.663764829 12.427646062 507.213584301 -145.418058326 -0.501467433 0.587648482 0.634427660 0.026480548
173390.697098778 12.793928068 509.888661128 -146.353651239 -0.495141287 0.583922381 0.642181442 0.038376484
173390.730432727 13.161907155 512.567094283 -147.296149607 -0.489231970 0.580863023 0.648888463 0.046840055
173390.763766676 13.530522818 515.250184179 -148.245896790 -0.484453658 0.577667733 0.654801393 0.053289571
173390.797100625 13.899181367 517.938329261 -149.203073468 -0.481087530 0.575173578 0.659100274 0.057593160
173390.830434575 14.268138310 520.631972530 -150.167509332 -0.479772586 0.574578631 0.660366366 0.059949361
173390.863768524 14.637471776 523.331959273 -151.138932356 -0.480488909 0.576180669 0.658471846 0.059674716
173390.897102473 15.007349082 526.038760986 -152.116765290 -0.483226972 0.579267996 0.654136775 0.055184804
173390.930436422 15.378188019 528.753037917 -153.100634346 -0.486658626 0.584234628 0.647723711 0.047825469
173390.963770371 15.749640042 531.476468955 -154.090322064 -0.488101017 0.589979192 0.641881402 0.040868273
173390.997104321 4.216011600 534.787984459 -154.657621522 -0.495966035 0.585861414 0.640487434 0.023663086
173391.030438270 9.904413163 535.725437347 -154.806451198 -0.491480907 0.594828052 0.635358221 0.030757727
173391.063772219 10.240421581 538.475690021 -155.805441143 -0.494082599 0.599049779 0.629314607 0.031382691
173391.097106168 10.578404840 541.235815862 -156.809203155 -0.498352635 0.601909335 0.623148248 0.032187963
173391.130440118 6.566062273 545.607571798 -158.302365223 -0.503985545 0.602244874 0.618531954 0.026793746
173391.163774067 6.884546568 548.392487940 -159.315584805 -0.504155557 0.603527517 0.617369998 0.020880529
173391.197108016 8.548354270 552.664606769 -161.295702417 -0.500620251 0.606460730 0.617512240 0.016229032
173391.230441965 8.884995623 555.479235300 -162.322795239 -0.499831375 0.605210825 0.619420006 0.014398269
173391.263775914 9.226682846 558.302355422 -163.353002034 -0.500852573 0.603732693 0.620065596 0.013122185
173391.297109864 9.573646130 561.133625138 -164.386301479 -0.504217153 0.602852222 0.618230386 0.011200482
173391.330443813 9.925597000 563.973296689 -165.422128017 -0.509731430 0.603141891 0.613485714 0.005385890
173391.363777762 10.281695310 566.822911276 -166.460544201 0.515253189 -0.605082607 -0.606944840 0.002674120
173391.397111711 10.641377092 569.683815387 -167.501920737 0.520153644 -0.607824638 -0.599910003 0.009868315
173391.430445660 11.005198644 572.556854968 -168.546281903 0.525221754 -0.610558221 -0.592578948 0.014524406
173391.463779610 11.373318004 575.441905948 -169.594023232 0.532732789 -0.613659108 -0.582559247 0.015588385
173391.497113559 11.744329575 578.337761263 -170.645597040 0.538997723 -0.617952510 -0.572089561 0.018157204
173391.530447508 12.118154130 581.243793828 -171.701603238 0.544317514 -0.622920973 -0.561493220 0.020329028
173391.563781457 12.494588998 584.159395302 -172.762245218 0.549409957 -0.626462573 -0.552416896 0.022998163
173391.597115407 12.872827314 587.084288040 -173.827856313 0.551292261 -0.628565983 -0.547906651 0.027927570
173391.630449356 13.253916807 590.017759540 -174.898788099 0.551888896 -0.629418285 -0.546237806 0.029589316
173391.663783305 13.638361178 592.959434895 -175.975585383 0.555140978 -0.626899171 -0.545941982 0.027627432
173391.697117254 14.028764770 595.905092189 -177.062331218 0.583844624 -0.610378833 -0.534824648 0.022928806
173391.730451203 14.423325823 598.850879601 -178.159217184 0.621689525 -0.595542819 -0.507874832 0.029900496
173391.763785153 14.819691818 601.801508120 -179.264217113 0.653461369 -0.582149948 -0.481999207 0.042029051
173391.797119102 15.216296983 604.760401062 -180.376717810 0.671297867 -0.569896629 -0.471787205 0.044652438
173391.830453051 15.611917859 607.727740953 -181.496470058 0.672844307 -0.560955842 -0.480464521 0.041987204
173391.863787000 16.008916229 610.700622019 -182.622193377 0.668780089 -0.551516653 -0.497512908 0.032302931
173391.897120949 16.408256356 613.675091201 -183.754040639 0.660674521 -0.547373277 -0.512929372 0.028198084
173391.930454899 16.811076241 616.650100088 -184.892317774 0.653649821 -0.550648933 -0.518104667 0.033094069
173391.963788848 17.218290237 619.627650109 -186.036926929 0.650544555 -0.558922753 -0.512374888 0.043233225
173391.997122797 17.630288284 622.610705397 -187.187448030 0.649943109 -0.567395318 -0.503245162 0.048793595
173392.030456746 18.168191288 625.531813211 -188.302915042 0.648891122 -0.572887237 -0.498730450 0.044815889
173392.063790696 18.588208550 628.528842048 -189.464108177 0.644334810 -0.576698642 -0.500993557 0.035451161
173392.097124645 19.010816975 631.532030593 -190.630670826 0.638095351 -0.578159268 -0.507862802 0.025328986
173392.130458594 19.435994160 634.540818929 -191.803084656 0.632290246 -0.579549383 -0.513872655 0.016323374
173392.163792543 19.862962347 637.554975868 -192.982165350 0.627990468 -0.581366932 -0.517199437 0.012050098
173392.197126492 20.292233541 640.575109949 -194.168132449 0.628357949 -0.584342280 -0.513406111 0.011160293
173392.230460442 20.723483370 643.602911761 -195.361120623 0.632269143 -0.587931787 -0.504314557 0.015452267
173392.263794391 21.156136887 646.639303642 -196.560086069 0.634498385 -0.595587925 -0.491989556 0.025161485
173392.297128340 22.556814363 649.126502786 -197.447716172 0.634313153 -0.606090593 -0.478582281 0.035496730
173392.330462289 21.262165561 653.763422570 -199.633899050 0.634364983 -0.615492632 -0.465389595 0.046501759
173392.363796238 21.702202435 656.842237118 -200.846965102 0.631246132 -0.625293722 -0.455608476 0.054378297
173392.397130188 22.146985538 659.934255113 -202.061516871 0.627591520 -0.633925653 -0.448117908 0.058800441
173392.430464137 22.596780552 663.040551156 -203.278229635 0.625537388 -0.640175543 -0.441704539 0.061443885
173392.463798086 23.050406886 666.160336434 -204.497320295 0.622832519 -0.646324805 -0.435662141 0.067397311
173392.497132035 23.507189708 669.294307292 -205.719261996 0.617710593 -0.651223111 -0.434598569 0.073933528
173392.530465985 23.966552541 672.441908666 -206.944427033 0.607340600 -0.655079813 -0.442549827 0.078469641
173392.563799934 24.428980573 675.601378786 -208.172921623 0.595746318 -0.656998551 -0.455205383 0.078913169
173392.597133883 24.894669292 678.770813290 -209.404948042 0.585885907 -0.656072854 -0.469766015 0.075006699
173392.630467832 25.362884961 681.948536543 -210.641070345 0.576745679 -0.652278532 -0.486883237 0.069583416
173392.663801781 25.832788637 685.132861552 -211.881198315 0.566241096 -0.647150397 -0.505849212 0.068439465
173392.697135731 26.303634480 688.322986637 -213.125205037 0.552712210 -0.641572691 -0.526274187 0.077001136
173392.730469680 26.775896143 691.519016984 -214.373208834 0.537468285 -0.634928411 -0.546983309 0.093824384
173392.763803629 27.250368725 694.721515756 -215.625436963 0.521868860 -0.627105194 -0.566318158 0.116943204
173392.797137578 27.727518981 697.931386152 -216.881859594 0.506349714 -0.616052625 -0.585782618 0.144733741
173392.830471527 28.207891987 701.148873695 -218.142556246 0.490176528 -0.602507722 -0.604602745 0.176541602
173392.863805477 28.692235679 704.374377669 -219.407812452 0.475544023 -0.585785168 -0.621595027 0.210554607
173392.897139426 29.180914399 707.608272336 -220.677849057 0.460580097 -0.567153009 -0.636336147 0.247547464
173392.930473375 29.674268023 710.851628504 -221.953077286 0.446593471 -0.547473309 -0.649435950 0.281176447
173392.963807324 30.172825006 714.105491007 -223.234325036 0.435481205 -0.526942950 -0.662502786 0.306230805
173392.997141274 30.676221643 717.369547003 -224.521488102 0.425352885 -0.507101759 -0.674811915 0.326422440
173393.030475223 31.184135706 720.643016261 -225.814311267 0.415996593 -0.488115468 -0.686333918 0.342980871
173393.063809172 31.696340234 723.925523310 -227.113044024 0.407385277 -0.469679916 -0.697407127 0.356456604
173393.097143121 32.212956346 727.216648254 -228.417465833 0.397875481 -0.449769666 -0.709053010 0.369656839
173393.130477070 32.734238383 730.515647470 -229.727811828 0.388581886 -0.427011396 -0.720338654 0.384418535
173393.163811020 33.260139584 733.822193531 -231.044017439 0.378893109 -0.401442960 -0.730784572 0.401543859
173393.197144969 33.790850952 737.136527231 -232.366447541 0.369805202 -0.372724562 -0.739951194 0.420467292
173393.230478918 34.326064393 740.459208567 -233.695217428 0.360287022 -0.342712864 -0.748040694 0.439518231
173393.263812867 34.865509767 743.790485228 -235.030499232 0.351050626 -0.312501122 -0.754535015 0.458021198
173393.297146816 35.409358762 747.130859802 -236.372400989 0.341113573 -0.281745318 -0.760158968 0.475835529
173393.330480766 35.957284515 750.480395096 -237.721091176 0.331640264 -0.253304383 -0.763411865 0.493005019
173393.363814715 36.508980567 753.839738800 -239.076845919 0.323048215 -0.227443513 -0.765794691 0.507412841
173393.397148664 37.064296494 757.209073172 -240.439694289 0.315921520 -0.204824283 -0.766814121 0.519842966
173393.430482613 37.622784832 760.588595265 -241.809579352 0.309454083 -0.186425020 -0.767647591 0.529340211
173393.463816563 38.184076604 763.978427305 -243.186740738 0.304391018 -0.172355750 -0.768580679 0.535652260
173393.497150512 38.747885768 767.378606684 -244.571329910 0.301276544 -0.162398256 -0.769802329 0.538761194
173393.530484461 39.314203981 770.789258702 -245.963356229 0.300184156 -0.156944197 -0.771418804 0.538675245
173393.563818410 39.882986828 774.211012392 -247.363069490 0.302067998 -0.157176374 -0.773563115 0.534462925
173393.597152359 40.518866320 779.525209828 -250.156253809 0.305467665 -0.165020411 -0.776566932 0.525739070
173393.630486309 41.093619545 782.978405022 -251.579770709 0.311663982 -0.178379903 -0.780505142 0.511720525
173393.663820258 41.670642546 786.443915470 -253.012323190 0.320937958 -0.197271694 -0.785450766 0.491070057
173393.697154207 42.250629864 789.921693177 -254.454749630 0.335861508 -0.221467188 -0.790442773 0.461897774
173393.730488156 42.834705278 793.410352242 -255.906697132 0.353653487 -0.250015873 -0.792325815 0.429698821
173393.763822105 43.423257815 796.909074756 -257.368350203 0.373007865 -0.281555699 -0.789791240 0.397267314
173393.797156055 44.016478585 800.417166502 -258.839792948 0.393564422 -0.314714163 -0.782807008 0.365068800
173393.830490004 44.614878669 803.934381178 -260.320804766 0.414773643 -0.347164454 -0.771962281 0.333936975
173393.863823953 45.218287006 807.460330397 -261.810566178 0.435029560 -0.379420131 -0.757453203 0.305048015
173393.897157902 45.826770219 810.994807851 -263.308183548 0.452911332 -0.412593782 -0.739381209 0.279200868
173393.930491852 46.440785883 814.538166321 -264.812543004 0.468570544 -0.444291672 -0.719895140 0.254553615
173393.963825801 47.059664307 818.090440939 -266.322114880 0.480378703 -0.474495782 -0.700953462 0.229683039
173393.997159750 47.682517278 821.651040354 -267.835988391 0.487698422 -0.503685145 -0.682428385 0.206743858
173394.030493699 48.308812836 825.219855302 -269.353670651 0.492446154 -0.530624197 -0.664861536 0.184102916
173394.063827648 48.938173880 828.796327392 -270.874835786 0.496965083 -0.555057689 -0.646834995 0.162914571
173394.097161598 49.570220372 832.379938693 -272.399144399 0.503106382 -0.575968262 -0.627725521 0.145276288
173394.130495547 50.204184025 835.970776746 -273.926517787 0.509537556 -0.592856284 -0.609494888 0.131942742
173394.163829496 50.839041762 839.569495994 -275.457187575 0.516132400 -0.604530124 -0.594323839 0.122187763
173394.197163445 51.474007251 843.177604366 -276.991550682 0.523376629 -0.608439074 -0.585736077 0.113101928
173394.230497394 52.110489614 846.794722808 -278.530279180 0.530383965 -0.610310153 -0.579372810 0.102671874
173394.263831344 52.750140719 850.418515337 -280.074124783 0.533851912 -0.619268647 -0.568490733 0.091251110
173394.297165293 53.391723296 854.048254100 -281.623534732 0.529129067 -0.636655559 -0.554854282 0.082636895
173394.330499242 54.035367499 857.684678642 -283.178769049 0.517369964 -0.659123349 -0.540566462 0.075316874
173394.363833191 54.681949168 861.328677625 -284.739536362 0.505058846 -0.680900070 -0.525860611 0.069001993
173394.397167141 55.329718165 864.981295695 -286.304960882 0.490076325 -0.702943026 -0.511524995 0.063549014
173394.430501090 48.592721448 869.434452831 -287.868704839 0.490036581 -0.711930119 -0.499242171 0.061456568
173394.463835039 49.211485961 873.113147011 -289.443736847 0.497796903 -0.714250947 -0.488492143 0.058474390
173394.497168988 49.834476601 876.803233263 -291.026026933 0.505615730 -0.716524862 -0.477133061 0.057348904
173394.530502937 50.459941697 880.501213101 -292.613968313 0.503644899 -0.727501875 -0.462444358 0.056815956
173394.563836887 51.086701306 884.210734404 -294.207976726 0.500483000 -0.736558132 -0.451309711 0.057605813
173394.597170836 51.714086814 887.933626501 -295.808549435 0.498010343 -0.738915124 -0.449747397 0.060970631
173394.630504785 52.344304820 891.668051773 -297.415489952 0.497601475 -0.740305035 -0.447927561 0.060845099
173394.663838734 52.978045886 895.414019216 -299.028613323 0.499642860 -0.740444898 -0.445935462 0.056920371
173394.697172683 53.614747039 899.171788145 -300.648405268 0.499431415 -0.739591751 -0.448342817 0.050606553
173394.730506633 54.254066305 902.940457143 -302.274773757 0.495390053 -0.739469773 -0.453548196 0.045466297
173394.763840582 54.895711792 906.719992157 -303.908008567 0.488678195 -0.739313229 -0.461530907 0.039984908
173394.797174531 55.540415967 910.510674950 -305.547932970 0.481471391 -0.738910751 -0.470345964 0.031158877
173394.830508480 56.187411767 914.312174564 -307.194866439 0.474389416 -0.739118122 -0.477774362 0.019767189
173394.863842430 56.837146109 918.123272113 -308.849907238 0.470311383 -0.740124696 -0.480622191 0.004994685
173394.897176379 57.490017673 921.942669880 -310.512590880 -0.471496681 0.738939772 0.481226077 0.008964142
173394.930510328 58.145342291 925.769685405 -312.182016102 -0.474356662 0.735263722 0.483798580 0.017662123
173394.963844277 58.803484703 929.605267530 -313.858876530 -0.475586508 0.731323206 0.488012746 0.028764603
173394.997178226 57.677683068 933.404335117 -315.374746664 -0.475584160 0.724702741 0.496519503 0.045760540
173395.030512176 54.423044333 937.193920911 -316.649665560 -0.477677168 0.712607444 0.509975174 0.062773214
173395.063846125 55.062921544 941.047721132 -318.342768420 -0.481392388 0.702274903 0.519346005 0.073150912
173395.097180074 55.706110572 944.914363627 -320.045014745 -0.488670685 0.698484175 0.518263035 0.068733145
173395.130514023 56.351493491 948.788418441 -321.752663596 -0.494586090 0.698946143 0.513752214 0.054014360
173395.163847972 56.998339966 952.671019947 -323.465121326 -0.497867356 0.699218552 0.511759778 0.036379149
173395.197181922 57.646479743 956.562765856 -325.182489803 -0.495878364 0.700464590 0.512911200 0.019393487
173395.230515871 58.295953271 960.463792073 -326.904518776 -0.494285626 0.699080488 0.516648004 0.006559815
173395.263849820 58.947336594 964.374184012 -328.632080563 0.494328831 -0.698572873 -0.517268685 0.008249592
173395.297183769 59.601453654 968.295813013 -330.367590116 0.495054540 -0.700378242 -0.513931203 0.016310712
173395.330517719 60.257844052 972.228163380 -332.109597627 0.496818819 -0.700244203 -0.512286641 0.019786750
173395.363851668 60.916092571 976.170452235 -333.856373789 0.499944117 -0.698052991 -0.512001333 0.025150274
173395.397185617 61.576662097 980.123144155 -335.608049755 0.501867289 -0.695507498 -0.513377151 0.029024908
173395.430519566 62.239729940 984.086425183 -337.365343815 0.499079896 -0.693814130 -0.518413489 0.028083155
173395.463853515 62.905696017 988.059642938 -339.128760957 0.493561153 -0.693323929 -0.524618531 0.021787941
173395.497187465 63.575055279 992.041719668 -340.898497305 0.488455727 -0.692562094 -0.530660781 0.012957034
173395.530521414 64.248211763 996.031518109 -342.674827396 0.486017921 -0.691563049 -0.534320958 0.005314535
173395.563855363 64.925300355 1000.028883804 -344.458076035 0.486170865 -0.690900071 -0.535052513 0.003713634
173395.597189312 65.606375413 1004.034870539 -346.248426211 0.487655407 -0.691003694 -0.533544339 0.006044644
173395.630523261 66.291670673 1008.050133516 -348.046652004 0.489576339 -0.690480343 -0.532423093 0.008806456
173395.663857211 66.981557927 1012.075098498 -349.852957589 0.491423960 -0.689440902 -0.532043714 0.010159766
173395.697191160 67.675774340 1016.110013282 -351.667137905 0.490652363 -0.689583774 -0.532508608 0.013002279
173395.730525109 68.374912176 1020.155141711 -353.489852325 0.489258947 -0.689974272 -0.533227862 0.015140488
173395.763859058 69.079128731 1024.210368007 -355.320945090 0.487735329 -0.690527740 -0.533841729 0.017282843
173395.797193008 69.788448502 1028.275678425 -357.160954754 0.485563343 -0.692813713 -0.532709285 0.021406024
173395.830526957 72.671237512 1032.440155175 -359.279143621 0.481877001 -0.697422121 -0.529824911 0.026124796
173395.863860906 73.401083936 1036.526342837 -361.139824767 0.479211756 -0.702094676 -0.525611843 0.033931536
173395.897194855 74.136175278 1040.621564400 -363.009742245 0.477075943 -0.707721762 -0.519263591 0.043517537
173395.930528804 66.478972848 1045.347262005 -364.679549435 0.479001867 -0.710878777 -0.511973615 0.055602097
173395.963862754 67.187836023 1049.472705415 -366.569368743 0.476037522 -0.717230384 -0.505043888 0.062446175
173395.997196703 67.901411850 1053.606784310 -368.468290869 0.472187049 -0.723277060 -0.499375438 0.067333920
173396.030530652 68.619817267 1057.751394496 -370.377078549 0.467542559 -0.729059159 -0.494788962 0.071137766
173396.063864601 69.343003959 1061.906401010 -372.295657605 0.462976472 -0.734527324 -0.490483037 0.074490178
173396.097198550 70.070979156 1066.071747424 -374.223779839 0.459018447 -0.739212029 -0.486853462 0.076428705
173396.130532500 70.803674677 1070.247163705 -376.161296188 0.455750023 -0.742803510 -0.484305169 0.077352221
173396.163866449 71.541166940 1074.432349953 -378.108109867 0.453517816 -0.745658488 -0.481957307 0.077667015
173396.197200398 72.283419625 1078.627078988 -380.063966517 0.452905644 -0.747904136 -0.478882208 0.078662017
173396.230534347 73.030514316 1082.831264588 -382.028508447 0.454166321 -0.749975724 -0.474277117 0.079564958
173396.263868297 73.782321685 1087.045053438 -384.001474422 0.456843733 -0.751492092 -0.469347423 0.079160828
173396.297202246 74.538687923 1091.268748793 -385.982676114 0.460197586 -0.752587185 -0.464668006 0.076904836
173396.330536195 75.299468533 1095.502378596 -387.971884700 0.463359158 -0.753785389 -0.460211222 0.072880101
173396.363870144 76.064602310 1099.745803909 -389.968969125 0.467139398 -0.754582381 -0.455768473 0.068273806
173396.397204093 76.833824429 1103.998943450 -391.973771031 0.471330376 -0.755340805 -0.450806919 0.063883229
173396.430538043 77.606956297 1108.261815346 -393.986006425 0.475037387 -0.756531501 -0.445535475 0.059141431
173396.463871992 78.383717521 1112.534708763 -396.005486119 0.478566520 -0.757725141 -0.440429038 0.053375635
173396.497205941 79.164343378 1116.817784008 -398.031979977 0.482894848 -0.758535159 -0.435224344 0.044908221
173396.530539890 79.948558544 1121.111124636 -400.064940159 0.488197302 -0.758357635 -0.430540992 0.034518790
173396.563873840 80.735764287 1125.414610582 -402.103920566 0.494455768 -0.757418823 -0.425731915 0.024136205
173396.597207789 81.525788111 1129.728038918 -404.148655960 0.501843791 -0.755591955 -0.420711216 0.015351845
173396.630541738 82.318558872 1134.051008251 -406.198966982 0.510125017 -0.753458287 -0.414721016 0.008919435
173396.663875687 83.113031179 1138.383300168 -408.254681348 0.517355746 -0.751988180 -0.408446570 0.005311135
173396.697209636 83.909435734 1142.725435577 -410.315876054 0.523738391 -0.750394625 -0.403240360 0.001793336
173396.730543586 84.707751977 1147.078185056 -412.382700957 -0.526938836 0.749265938 0.401152979 0.003507600
173396.763877535 85.507899563 1151.441558444 -414.455160699 -0.524870531 0.750042484 0.402264109 0.011436137
173396.797211484 86.309931384 1155.815050115 -416.534014272 -0.520333125 0.751558656 0.405127013 0.016885764
173396.830545433 87.114052936 1160.198343521 -418.619777592 -0.513383462 0.754707157 0.407829475 0.023014056
173396.863879382 87.920116780 1164.591271541 -420.712945177 -0.505731290 0.758207092 0.410081123 0.034515786
173396.897213332 88.728224263 1168.993561762 -422.813763340 -0.498527263 0.761138093 0.412080384 0.048261034
