# timestamp tx ty tz qx qy qz qw
173373.363445186 0.002067085 0.003038380 0.000618882 0.526466132 -0.515873551 -0.441508940 0.511642207
173373.396779135 0.001859478 0.003013430 0.000971454 0.528125493 -0.518429996 -0.439651766 0.508940200
173373.430113085 0.001834667 0.002717905 0.000596238 0.527535883 -0.517045773 -0.442447893 0.508536549
173373.463447034 0.001905791 0.002179155 -0.000673400 0.519486511 -0.511179336 -0.452730287 0.513677660
173373.496780983 0.001905221 0.001943531 -0.001674952 0.506668749 -0.502481902 -0.466931416 0.522277484
173373.530114932 0.001573828 0.001576655 -0.002891842 0.490015201 -0.488432524 -0.489151866 0.531083068
173373.563448882 0.000411891 0.001191399 -0.003702711 0.462965782 -0.469767797 -0.518675415 0.544019039
173373.596782831 -0.003221222 0.001356430 -0.003125501 0.424327897 -0.442300008 -0.545221986 0.571882439
173373.630116780 -0.012555309 0.002469407 -0.000603684 0.363840601 -0.401490569 -0.572826338 0.615057173
173373.663450729 -0.028790389 0.005316087 0.005753848 0.285084918 -0.346133311 -0.589573408 0.671804672
173373.696784678 -0.044558862 0.019444896 0.019141539 0.203997661 -0.286831298 -0.597498525 0.720491689
173373.730118628 -0.062821489 0.030714886 0.038837859 0.145385239 -0.239373328 -0.609204574 0.741911941
173373.763452577 -0.077214220 0.046735109 0.062736233 0.119455676 -0.219013994 -0.635216235 0.730933340
173373.796786526 -0.085960635 0.065772903 0.087514299 0.127987550 -0.231107418 -0.674956219 0.688943140
173373.830120475 -0.141433401 0.088949728 0.107912921 0.169346642 -0.271363260 -0.716040019 0.620459819
173373.863454424 -0.141846536 0.095109235 0.125652127 0.201915289 -0.300127024 -0.738501250 0.569007811
173373.896788374 -0.119836448 0.097533364 0.157097576 0.249469740 -0.346407528 -0.758215073 0.492825098
173373.930122323 -0.113995886 0.110747721 0.192312287 0.293840192 -0.390773673 -0.756167991 0.434929704
173373.963456272 -0.110558589 0.119037126 0.225881943 0.327988605 -0.428740852 -0.736855778 0.406999163
173373.996790221 -0.112564957 0.126047471 0.261838773 0.344100889 -0.458668664 -0.704266236 0.418600888
173374.030124171 -0.108517787 0.131965041 0.300546233 0.342746412 -0.482181089 -0.661502218 0.460913344
173374.063458120 -0.106629876 0.136441437 0.329958638 0.327496643 -0.492226252 -0.615616392 0.521033322
173374.096792069 -0.118226915 0.148866701 0.359361131 0.297436939 -0.504144787 -0.568605412 0.577976804
173374.130126018 -0.136601509 0.162865687 0.379677491 0.272697121 -0.508815524 -0.533615636 0.618059379
173374.163459967 -0.156000891 0.183071114 0.394461933 0.266994099 -0.513895696 -0.518286917 0.629288516
173374.196793917 -0.173102533 0.206666489 0.402397231 0.290182590 -0.512114919 -0.525777278 0.614077054
173374.230127866 -0.196839908 0.236824829 0.388559379 0.318039703 -0.511180464 -0.550263929 0.578580063
173374.263461815 -0.221585755 0.267652387 0.379181747 0.340946187 -0.502635406 -0.576265641 0.546837504
173374.296795764 -0.254391694 0.286648524 0.359841072 0.351431678 -0.478709817 -0.600019600 0.536012282
173374.330129713 -0.271205136 0.311060498 0.354709686 0.353284780 -0.464188117 -0.611000301 0.535161554
173374.363463663 -0.301632902 0.333594087 0.340029779 0.350906267 -0.438652614 -0.625523616 0.541450719
173374.396797612 -0.332285332 0.355396456 0.322799819 0.357611542 -0.412151865 -0.643710738 0.536545722
173374.430131561 -0.363987799 0.378981390 0.305576306 0.371311861 -0.388894536 -0.669803479 0.512105302
173374.463465510 -0.394873776 0.400694380 0.283938463 0.381641873 -0.366620379 -0.702978845 0.475141791
173374.496799460 -0.428704669 0.420400549 0.262331270 0.382315332 -0.344989683 -0.740430817 0.431948273
173374.530133409 -0.461131321 0.434013795 0.241666694 0.366607112 -0.322078922 -0.765867703 0.418701629
173374.563467358 -0.485967051 0.445409991 0.228934518 0.345833631 -0.306913521 -0.764259546 0.449567055
173374.596801307 -0.498820589 0.456844398 0.217535468 0.348672044 -0.291743311 -0.743474953 0.490467777
173374.630135256 -0.507609029 0.468857926 0.206161540 0.359283706 -0.287029705 -0.732929031 0.501342401
173374.663469206 -0.517398045 0.478118805 0.196669369 0.377815348 -0.288359437 -0.732815931 0.486913965
173374.696803155 -0.528346789 0.481315975 0.189077435 0.400276173 -0.289875398 -0.733019770 0.467368436
173374.730137104 -0.539238110 0.480135359 0.181675011 0.419749065 -0.295088044 -0.733094279 0.446437618
173374.763471053 -0.551743887 0.474880510 0.175901526 0.434779653 -0.304675098 -0.737814444 0.416856790
173374.796805002 -0.558319303 0.469087510 0.174935329 0.453218515 -0.314004333 -0.730590386 0.402780268
173374.830138952 -0.562623526 0.463697043 0.176084733 0.483428568 -0.320119966 -0.701887763 0.413731308
173374.863472901 -0.564139497 0.462788653 0.172603111 0.510719483 -0.324521143 -0.683794088 0.407771116
173374.896806850 -0.564195070 0.461075891 0.170209589 0.532693089 -0.329122687 -0.664912859 0.407194327
173374.930140799 -0.563065397 0.456837204 0.168733642 0.550924209 -0.332028499 -0.648393771 0.407216294
173374.963474749 -0.564581556 0.447952746 0.169858365 0.570535289 -0.335850964 -0.635530803 0.397233196
173374.996808698 -0.558182849 0.441986925 0.173161119 0.589997599 -0.344106984 -0.626093454 0.376165128
173375.030142647 -0.549206324 0.434704719 0.178706059 0.607902881 -0.359944256 -0.618009492 0.344903592
173375.063476596 -0.539097479 0.426470792 0.184789074 0.621380477 -0.378724346 -0.610364130 0.312905420
173375.096810545 -0.529583076 0.415693412 0.191927839 0.633111745 -0.400410344 -0.596404288 0.288345280
173375.130144495 -0.518717040 0.406148430 0.199613585 0.640896231 -0.423606280 -0.582593170 0.265320444
173375.163478444 -0.506401906 0.398200110 0.207651123 0.645997223 -0.447338217 -0.567989754 0.244874962
173375.196812393 -0.495405008 0.390987556 0.215876249 0.650732280 -0.467704472 -0.551500056 0.231619764
173375.230146342 -0.483944723 0.388305227 0.220628074 0.653820830 -0.469898709 -0.546446645 0.230455178
173375.263480291 -0.471522125 0.387811120 0.223614052 0.661017658 -0.460871796 -0.542490374 0.237396373
173375.296814241 -0.457948907 0.387806710 0.226661322 0.669996777 -0.454553900 -0.532077918 0.247746160
173375.330148190 -0.443586703 0.387017112 0.230317263 0.677784886 -0.455026762 -0.514662735 0.262069768
173375.363482139 -0.428719923 0.387308644 0.232413119 0.677503461 -0.462440591 -0.499515222 0.278607794
173375.396816088 -0.413594874 0.386628919 0.234184581 0.670355401 -0.478937771 -0.482833710 0.296839783
173375.430150038 -0.398377703 0.386061110 0.236041211 0.658157235 -0.500125423 -0.465616163 0.316077846
173375.463483987 -0.383961362 0.384560467 0.238483040 0.640370187 -0.530541745 -0.444813991 0.332553746
173375.496817936 -0.372285288 0.384821444 0.244557279 0.622628622 -0.559165940 -0.422700318 0.347838313
173375.530151885 -0.361905853 0.386514912 0.251671226 0.611117173 -0.572325707 -0.412907375 0.358450255
173375.563485834 -0.354230875 0.389536086 0.260796726 0.603273074 -0.573672973 -0.415840863 0.366111042
173375.596819784 -0.348602997 0.394832947 0.272781501 0.592954670 -0.568092718 -0.425829182 0.379927534
173375.630153733 -0.346198469 0.399682648 0.284851882 0.580515234 -0.559970842 -0.439475284 0.395343133
173375.663487682 -0.346228638 0.404448679 0.300846387 0.572198545 -0.549595701 -0.455014689 0.404345178
173375.696821631 -0.348772176 0.409168752 0.320230557 0.568253466 -0.538750223 -0.468551452 0.409018010
173375.730155580 -0.351907247 0.411726109 0.342916345 0.566838792 -0.533270013 -0.475171799 0.410522398
173375.763489530 -0.355293077 0.411913467 0.367883376 0.568998605 -0.533446724 -0.474740788 0.407794513
173375.796823479 -0.359614971 0.410826677 0.393793807 0.574067053 -0.537476952 -0.470679900 0.400032469
173375.830157428 -0.364173362 0.408901935 0.419832808 0.582071216 -0.544811971 -0.461618433 0.388949145
173375.863491377 -0.369336312 0.406435929 0.444577333 0.592261340 -0.552010632 -0.450072239 0.376756880
173375.896825327 -0.375554707 0.404523337 0.467082530 0.603084683 -0.556560887 -0.438221206 0.366730173
173375.930159276 -0.384196287 0.401349618 0.486107300 0.613405934 -0.558621098 -0.428395297 0.357984775
173375.963493225 -0.393130818 0.396892569 0.503582584 0.621341530 -0.561253009 -0.419371252 0.350795546
173375.996827174 -0.402351694 0.391466885 0.520451202 0.627512940 -0.568813216 -0.406162284 0.343090708
173376.030161123 -0.411572966 0.384442134 0.536406726 0.632141813 -0.580134742 -0.390662010 0.333502028
173376.063495073 -0.420925238 0.376133378 0.549876581 0.634902325 -0.590824918 -0.376400717 0.325802784
173376.096829022 -0.429913523 0.367294266 0.560268772 0.636368187 -0.596930453 -0.367600837 0.321837209
173376.130162971 -0.437701572 0.358086560 0.568977262 0.636880108 -0.600923371 -0.364294367 0.317118976
173376.163496920 -0.444328676 0.348506523 0.577593116 0.637774604 -0.606888465 -0.358678475 0.310289697
173376.196830869 -0.449612263 0.339806355 0.586003507 0.638917104 -0.613277577 -0.350887293 0.304226324
173376.230164819 -0.453692337 0.333379754 0.593646018 0.643264836 -0.615863707 -0.342342870 0.299538986
173376.263498768 -0.455410007 0.329670793 0.599308557 0.650227236 -0.610736054 -0.335914348 0.302270681
173376.296832717 -0.455478149 0.329077553 0.602230712 0.656254124 -0.598608867 -0.333623083 0.315742915
173376.330166666 -0.454426596 0.331049279 0.603031579 0.659763486 -0.584915020 -0.333742465 0.333470434
173376.363500616 -0.451124833 0.334530445 0.603144769 0.660433879 -0.574408207 -0.333037724 0.350668188
173376.396834565 -0.446150089 0.339043181 0.603282226 0.660105387 -0.568175335 -0.330767230 0.363360298
173376.430168514 -0.438431153 0.345021741 0.602872363 0.657683155 -0.565212687 -0.328512194 0.374255561
173376.463502463 -0.429730849 0.352219357 0.601586730 0.651272678 -0.565065247 -0.326938288 0.386854651
173376.496836412 -0.418587246 0.359206431 0.600849601 0.644204133 -0.568353060 -0.326837853 0.393894469
173376.530170362 -0.405021582 0.366275555 0.601418561 0.636804904 -0.574645623 -0.325794684 0.397642737
173376.563504311 -0.388963587 0.373748667 0.601777535 0.628574977 -0.580262733 -0.325337554 0.402919513
173376.596838260 -0.370425064 0.380881745 0.601083551 0.618995974 -0.583088013 -0.330394736 0.409501735
173376.630172209 -0.350123164 0.387433634 0.600120111 0.610358532 -0.581538437 -0.340584483 0.416266402
173376.663506158 -0.327058218 0.394449106 0.600327753 0.606980638 -0.578271941 -0.348143960 0.419489989
173376.696840108 -0.301702052 0.401672136 0.601796538 0.605440476 -0.577840495 -0.350701336 0.420179445
173376.730174057 -0.275538014 0.408143569 0.603688757 0.601853660 -0.582933725 -0.350480988 0.418477623
173376.763508006 -0.248977697 0.414629735 0.605584275 0.597720357 -0.590982519 -0.347839676 0.415304222
173376.796841955 -0.222874521 0.420560017 0.606852506 0.593503759 -0.599621450 -0.344884159 0.411415024
173376.830175905 -0.198388736 0.425925757 0.606859634 0.591078546 -0.604094943 -0.345098498 0.408169669
173376.863509854 -0.175425169 0.429901604 0.605816985 0.588772986 -0.607295044 -0.346808843 0.405293383
173376.896843803 -0.155462700 0.431989437 0.604412955 0.584535942 -0.613184570 -0.347816532 0.401679070
173376.930177752 -0.139161213 0.432592477 0.602120162 0.578147710 -0.621010255 -0.349612413 0.397319329
173376.963511701 -0.126039403 0.432802030 0.597934678 0.569918398 -0.627441790 -0.355899785 0.393503703
173376.996845651 -0.116946128 0.433266918 0.592391204 0.561101847 -0.631102691 -0.367059125 0.390053470
173377.030179600 -0.111378006 0.434020383 0.586676255 0.553031953 -0.634117243 -0.378635354 0.385598559
173377.063513549 -0.109389118 0.435336003 0.581452575 0.546635065 -0.636348473 -0.388471874 0.381235268
173377.096847498 -0.111219062 0.437236140 0.576809842 0.541712563 -0.637068438 -0.397135214 0.378120253
173377.130181447 -0.117085231 0.440068455 0.572579601 0.537923688 -0.636575363 -0.404912300 0.376106292
173377.163515397 -0.126892646 0.444758501 0.568625823 0.537157648 -0.632896117 -0.411194975 0.376593759
173377.196849346 -0.142059446 0.450668192 0.564514148 0.537601988 -0.628431647 -0.414290024 0.380028347
173377.230183295 -0.161260762 0.457053134 0.558973455 0.536905750 -0.623565791 -0.416464084 0.386594860
173377.263517244 -0.185336359 0.464105786 0.550964837 0.533951554 -0.618292711 -0.422493352 0.392567483
173377.296851194 -0.211770728 0.471263672 0.541545037 0.531017908 -0.614410562 -0.431604368 0.392730584
173377.330185143 -0.237485538 0.477880251 0.531944607 0.530932942 -0.612756622 -0.439113885 0.387063987
173377.363519092 -0.261384968 0.483525134 0.522541369 0.529986726 -0.613633506 -0.444317966 0.380984954
173377.396853041 -0.283806903 0.488077712 0.513383883 0.525905181 -0.614677493 -0.451690262 0.376259521
173377.430186990 -0.304217354 0.492209515 0.505249402 0.520523475 -0.615862727 -0.458430847 0.373643643
173377.463520940 -0.322010798 0.496180216 0.499060637 0.517145593 -0.616403575 -0.461303845 0.373906179
173377.496854889 -0.337817383 0.499742010 0.493945864 0.515264021 -0.616716235 -0.461317253 0.375966044
173377.530188838 -0.351474526 0.503805300 0.489662085 0.515516614 -0.615101306 -0.461484846 0.378053885
173377.563522787 -0.362366060 0.508595155 0.486367749 0.518451072 -0.612663659 -0.460513192 0.379182445
173377.596856736 -0.370122310 0.513786337 0.484276113 0.523565481 -0.610996832 -0.457431016 0.378574859
173377.630190686 -0.374519919 0.519418771 0.483215986 0.529112364 -0.610202582 -0.454306411 0.375897061
173377.663524635 -0.376067297 0.525580747 0.482947465 0.534549548 -0.609803722 -0.451915590 0.371710239
173377.696858584 -0.375435770 0.531961595 0.483383258 0.541587977 -0.607592306 -0.449586387 0.367948548
173377.730192533 -0.372882861 0.538065871 0.484306905 0.551428079 -0.602995099 -0.445772177 0.365528591
173377.763526483 -0.368862291 0.543312405 0.485941163 0.561550331 -0.598270585 -0.439259169 0.365766204
173377.796860432 -0.363442731 0.547119360 0.487996012 0.568157534 -0.595587359 -0.431514865 0.369144463
173377.830194381 -0.356795742 0.549208309 0.490123695 0.570046005 -0.594328324 -0.425743108 0.374918928
173377.863528330 -0.348441625 0.548647246 0.492917891 0.568642314 -0.594738612 -0.421871430 0.380731400
173377.896862279 -0.339557623 0.547002494 0.495391970 0.566538080 -0.596149631 -0.419192786 0.384600610
173377.930196229 -0.329823141 0.543372739 0.498661935 0.564639374 -0.599640330 -0.415914512 0.385524281
173377.963530178 -0.319612468 0.537188378 0.502899044 0.561113574 -0.606583272 -0.411028230 0.385050757
173377.996864127 -0.309568138 0.528203719 0.507934755 0.556723106 -0.615575610 -0.405954849 0.382526748
173378.030198076 -0.299987164 0.516446878 0.513447879 0.550785414 -0.625185377 -0.403064142 0.378573600
173378.063532025 -0.291451539 0.501770995 0.519210859 0.542867336 -0.635532502 -0.401975135 0.373911065
173378.096865975 -0.284451555 0.484141627 0.524969790 0.533217947 -0.646017195 -0.404065370 0.367520859
173378.130199924 -0.279681889 0.463446249 0.531200662 0.520739774 -0.658945760 -0.408117577 0.357855581
173378.163533873 -0.278289455 0.439781268 0.537811738 0.504841427 -0.674987923 -0.411502002 0.346687957
173378.196867822 -0.280945598 0.413820627 0.543771048 0.484592212 -0.692262921 -0.417218628 0.334471305
173378.230201772 -0.287442109 0.386289002 0.549028275 0.460921757 -0.711466517 -0.422620962 0.320558967
173378.263535721 -0.298078145 0.357649035 0.552948388 0.435507202 -0.730807524 -0.428007141 0.305063479
173378.296869670 -0.312231943 0.328836088 0.554776016 0.409950965 -0.747764731 -0.435503733 0.288313391
173378.330203619 -0.330172664 0.300381441 0.554184593 0.383736226 -0.761683847 -0.446347816 0.270846549
173378.363537568 -0.352066457 0.273370719 0.551149338 0.356187883 -0.772567062 -0.460977592 0.252527198
173378.396871518 -0.377577576 0.248305467 0.546315195 0.326517463 -0.782325270 -0.476944702 0.232114778
173378.430205467 -0.405723681 0.225584134 0.539940495 0.296631978 -0.790663410 -0.493173373 0.208903966
173378.463539416 -0.435000515 0.205469473 0.532747222 0.267575910 -0.797397435 -0.508527296 0.184283621
173378.496873365 -0.465010570 0.188516423 0.524427377 0.239404211 -0.802421703 -0.522335007 0.161155747
173378.530207314 -0.494835329 0.174649633 0.515606926 0.211200979 -0.806090341 -0.534401781 0.141517646
173378.563541264 -0.523162333 0.163999882 0.506516722 0.184689861 -0.807941435 -0.545106465 0.126409000
173378.596875213 -0.548451987 0.155608030 0.498430172 0.160053495 -0.808819220 -0.553602197 0.117127941
173378.630209162 -0.569544193 0.149707118 0.491027808 0.138177850 -0.808933937 -0.559710318 0.115139598
173378.663543111 -0.585050019 0.145895869 0.483812473 0.121971916 -0.806085364 -0.566817852 0.118603373
173378.696877061 -0.594586541 0.145364835 0.474650557 0.114375102 -0.798693378 -0.577315491 0.125355684
173378.730211010 -0.596954807 0.145606595 0.465671139 0.116207632 -0.787136438 -0.590393442 0.135453303
173378.763544959 -0.593454777 0.146989381 0.456344734 0.120423129 -0.775476514 -0.600934921 0.151695971
173378.796878908 -0.584876875 0.149116453 0.447526960 0.122975462 -0.768297882 -0.602786700 0.176758574
173378.830212857 -0.570239851 0.152093631 0.439046909 0.126657489 -0.766789293 -0.592999140 0.210580343
173378.863546807 -0.551444269 0.156797415 0.430463671 0.133411048 -0.766569202 -0.576143855 0.250262679
173378.896880756 -0.528496722 0.164789137 0.420939940 0.148059333 -0.762627530 -0.557971496 0.291797008
173378.930214705 -0.504161771 0.177156570 0.409502235 0.171476250 -0.752792653 -0.542012247 0.331846111
173378.963548654 -0.478762140 0.193295254 0.396925839 0.201131481 -0.738599594 -0.527344998 0.368678750
173378.996882603 -0.454104419 0.212914194 0.384082981 0.232868480 -0.722398214 -0.513714484 0.400013151
173379.030216553 -0.430901122 0.235293889 0.372497447 0.265995158 -0.707158153 -0.498115983 0.425504865
173379.063550502 -0.410204524 0.260298742 0.362446395 0.302358069 -0.690841103 -0.480574968 0.447622462
173379.096884451 -0.392879146 0.286823714 0.354583603 0.340704051 -0.670737676 -0.464281863 0.467412100
173379.130218400 -0.379165613 0.314111721 0.349215463 0.379124400 -0.648509246 -0.449369544 0.483495047
173379.163552350 -0.368612800 0.340494620 0.346961013 0.415282125 -0.628601383 -0.432481183 0.495339364
173379.196886299 -0.361038749 0.365674727 0.347357394 0.449192112 -0.610783517 -0.414242555 0.503560371
173379.230220248 -0.355490687 0.389058720 0.350106814 0.481720969 -0.594897948 -0.394543068 0.508308083
173379.263554197 -0.351228243 0.409832599 0.353207392 0.510105225 -0.578423120 -0.378031604 0.512163508
173379.296888146 -0.348270847 0.427104518 0.357580295 0.532305276 -0.564332491 -0.366916930 0.513373060
173379.330222096 -0.346159192 0.442049023 0.363180649 0.547963006 -0.554023241 -0.355809717 0.515940150
173379.363556045 -0.344622915 0.454911859 0.369143470 0.559328553 -0.547842617 -0.344839188 0.517789504
173379.396889994 -0.343752877 0.466112063 0.375066491 0.569513418 -0.544604359 -0.331339716 0.518916710
173379.430223943 -0.342218940 0.475119542 0.380172345 0.581033640 -0.540286556 -0.317196612 0.519496541
173379.463557892 -0.341021220 0.482542053 0.384359099 0.592865092 -0.533008854 -0.303274553 0.521955065
173379.496891842 -0.340370005 0.487262080 0.386617379 0.600822775 -0.524493369 -0.294392676 0.526546913
173379.530225791 -0.339739739 0.488791644 0.387452388 0.605129836 -0.517332664 -0.289417546 0.531434173
173379.563559740 -0.337782452 0.485887091 0.387927112 0.607691719 -0.516114816 -0.285130482 0.532012105
173379.596893689 -0.335111118 0.479043687 0.388288770 0.608801798 -0.520811172 -0.282160028 0.527732709
173379.630227639 -0.332309266 0.468363169 0.388191437 0.607346325 -0.529820749 -0.281983305 0.520486149
173379.663561588 -0.329332534 0.455442521 0.387545249 0.603595147 -0.541301604 -0.285799723 0.510865921
173379.696895537 -0.325516710 0.439873972 0.386489543 0.598603970 -0.552349474 -0.292258337 0.501167047
173379.730229486 -0.322950237 0.421881100 0.385748205 0.592289688 -0.564768126 -0.299309530 0.490554476
173379.763563435 -0.320972474 0.402179788 0.385262658 0.584264969 -0.577678415 -0.306205634 0.480791228
173379.796897385 -0.320442652 0.381382537 0.384376390 0.572395457 -0.590511007 -0.317124169 0.472326639
173379.830231334 -0.320900220 0.359767963 0.383485087 0.559149679 -0.602731098 -0.328820950 0.464697367
173379.863565283 -0.322007887 0.338628818 0.382837342 0.546270603 -0.614258041 -0.338833901 0.457675731
173379.896899232 -0.323588076 0.318705491 0.382043509 0.534564494 -0.624628066 -0.347967441 0.450554371
173379.930233181 -0.325652454 0.301094313 0.380927420 0.525758420 -0.632654456 -0.356406113 0.443058806
173379.963567131 -0.327897873 0.286327256 0.379609328 0.519209059 -0.638689857 -0.363409632 0.436383615
173379.996901080 -0.329732925 0.274235144 0.378127699 0.513731724 -0.642988947 -0.368320435 0.432417607
173380.030235029 -0.332864330 0.265668630 0.376698041 0.507973423 -0.645633778 -0.372980091 0.431283987
173380.063568978 -0.336607188 0.259126115 0.374520929 0.501277141 -0.647065491 -0.378288419 0.432348646
173380.096902928 -0.340290643 0.255043206 0.372244412 0.495011417 -0.647841730 -0.383103050 0.434162232
173380.130236877 -0.343493672 0.252982472 0.369944116 0.490312212 -0.648191791 -0.387683596 0.434905469
173380.163570826 -0.345951059 0.252912723 0.367638309 0.488024046 -0.647229810 -0.392483779 0.434606243
173380.196904775 -0.347868904 0.254027814 0.364896215 0.488155294 -0.644975440 -0.396947084 0.433755810
173380.230238724 -0.348983790 0.257314618 0.362850008 0.489940281 -0.641240884 -0.400833900 0.433705931
173380.263572674 -0.349034922 0.262049052 0.361303615 0.493154191 -0.636152112 -0.404282058 0.434356364
173380.296906623 -0.348347334 0.268281630 0.360300228 0.498032736 -0.629876004 -0.407160110 0.435247353
173380.330240572 -0.347008057 0.275895394 0.360346605 0.503947628 -0.623659858 -0.408607944 0.436032932
173380.363574521 -0.345466705 0.284863745 0.361598869 0.509998229 -0.618687367 -0.408686772 0.436007880
173380.396908470 -0.343838472 0.294824207 0.363784689 0.514927686 -0.614762781 -0.409045059 0.435428916
173380.430242420 -0.342162951 0.305621695 0.366848415 0.518657825 -0.611460367 -0.410232492 0.434533753
173380.463576369 -0.340169028 0.317100088 0.370787700 0.522246666 -0.608253663 -0.410920907 0.434085140
173380.496910318 -0.338301457 0.329539232 0.375310756 0.526576523 -0.605398281 -0.410324420 0.433409688
173380.530244267 -0.336144474 0.342285492 0.380284727 0.531661691 -0.602886347 -0.409246944 0.431718470
173380.563578217 -0.334358783 0.355394562 0.384864272 0.536602861 -0.600506126 -0.409777692 0.428406355
173380.596912166 -0.333178733 0.369462224 0.388737437 0.541278234 -0.598994346 -0.411059342 0.423383826
173380.630246115 -0.331828762 0.382975978 0.392304749 0.546280310 -0.597928037 -0.412108198 0.417404742
173380.663580064 -0.330655953 0.396289948 0.395296698 0.551451268 -0.596646738 -0.412750216 0.411766230
173380.696914013 -0.329655614 0.409176981 0.397424558 0.556697742 -0.593933304 -0.413989890 0.407361295
173380.730247963 -0.328970665 0.421416120 0.398959658 0.561537122 -0.590834928 -0.414953508 0.404232279
173380.763581912 -0.328578298 0.432917642 0.400372063 0.565566737 -0.588562046 -0.414027036 0.402877894
173380.796915861 -0.328713672 0.443511827 0.401258785 0.566599664 -0.587290653 -0.412604509 0.404736986
173380.830249810 -0.329164077 0.452885676 0.401240570 0.564774339 -0.586240522 -0.412776506 0.408616632
173380.863583759 -0.329401145 0.460669996 0.400545770 0.561562286 -0.585358856 -0.413537304 0.413509017
173380.896917709 -0.328985278 0.466346300 0.399288914 0.557540770 -0.584810410 -0.413898209 0.419324870
173380.930251658 -0.327803543 0.469442801 0.397287671 0.552759161 -0.584133461 -0.414719013 0.425738829
173380.963585607 -0.325813070 0.469480370 0.394502776 0.546750738 -0.583470150 -0.417133453 0.432002194
173380.996919556 -0.323190569 0.466373690 0.391117269 0.539845142 -0.582929798 -0.420327323 0.438275044
173381.030253506 -0.318934633 0.459665897 0.387758940 0.532545581 -0.583909078 -0.423377593 0.442941087
173381.063587455 -0.313688730 0.449849881 0.384434953 0.525499539 -0.585365638 -0.426042784 0.446861109
173381.096921404 -0.308045641 0.437891631 0.381210679 0.519248903 -0.585697228 -0.429059094 0.450829933
173381.130255353 -0.302279478 0.424444043 0.378913345 0.514466966 -0.585725323 -0.430587762 0.454800798
173381.163589302 -0.296941040 0.410495626 0.378089938 0.511074373 -0.586579674 -0.429626281 0.458419601
173381.196923252 -0.292487979 0.396326925 0.378885425 0.506985961 -0.590326862 -0.426718595 0.460858625
173381.230257201 -0.289449076 0.382713913 0.380537126 0.500774549 -0.595784506 -0.424663004 0.462522439
173381.263591150 -0.287756589 0.370126822 0.382753148 0.494240908 -0.600840281 -0.423846274 0.463757714
173381.296925099 -0.286943667 0.358999417 0.385763315 0.488887236 -0.606598600 -0.421712654 0.463881286
173381.330259049 -0.286979729 0.349634813 0.388773589 0.485038224 -0.611022411 -0.419687087 0.463952889
173381.363592998 -0.287970364 0.342209653 0.391580335 0.483151487 -0.614070164 -0.418837874 0.462663278
173381.396926947 -0.289751657 0.336390205 0.394098061 0.482524168 -0.616284971 -0.417804736 0.461305174
173381.430260896 -0.291939196 0.332029746 0.396247505 0.482728270 -0.617158678 -0.416832462 0.460802867
173381.463594845 -0.294670967 0.328665482 0.397833638 0.483263776 -0.617216521 -0.416475914 0.460486376
173381.496928795 -0.297778787 0.326161054 0.398600542 0.483876127 -0.615782498 -0.417686018 0.460667124
173381.530262744 -0.301066597 0.324602204 0.398818685 0.485239639 -0.613943160 -0.419042342 0.460456084
173381.563596693 -0.304072882 0.323571446 0.398930188 0.489977795 -0.611274477 -0.418964629 0.459057636
173381.596930642 -0.306937433 0.322865712 0.399084016 0.497775627 -0.608520630 -0.417312676 0.455820357
173381.630264591 -0.309917365 0.322432768 0.398903455 0.506109369 -0.605515069 -0.416208260 0.451636461
173381.663598541 -0.313053252 0.322016311 0.398465448 0.514270873 -0.602646472 -0.415943000 0.446468499
173381.696932490 -0.316176362 0.321805027 0.397986171 0.522472099 -0.599951999 -0.414723039 0.441684621
173381.730266439 -0.319489607 0.321963204 0.396935840 0.530413207 -0.595546842 -0.414150915 0.438708113
173381.763600388 -0.323165376 0.322490159 0.395349557 0.537560691 -0.590184335 -0.414398014 0.437018581
173381.796934338 -0.327222104 0.323398083 0.393432256 0.543736493 -0.584924631 -0.414588671 0.436268308
173381.830268287 -0.331482213 0.324612770 0.391513713 0.548639892 -0.581071284 -0.413731264 0.436092734
173381.863602236 -0.335709005 0.326008158 0.389605752 0.552620594 -0.578630131 -0.411773922 0.436164978
173381.896936185 -0.339819200 0.327317775 0.387439100 0.555666867 -0.576486633 -0.410198734 0.436617101
173381.930270134 -0.343535291 0.328508341 0.385115425 0.558048643 -0.574103392 -0.408929482 0.437908308
173381.963604084 -0.346628207 0.329564742 0.382890156 0.560507601 -0.571407261 -0.406952826 0.440129946
173381.996938033 -0.348851190 0.330428656 0.380748706 0.562854730 -0.567974338 -0.405075588 0.443298402
173382.030271982 -0.350532227 0.331182670 0.378845724 0.564748699 -0.563802832 -0.403718021 0.447433830
173382.063605931 -0.351606395 0.331864010 0.377518646 0.566479035 -0.559469225 -0.401441915 0.452703079
173382.096939880 -0.352186951 0.332649734 0.376875103 0.567535702 -0.556162288 -0.398132579 0.458341778
173382.130273830 -0.352314568 0.333619670 0.376692340 0.568718532 -0.553100185 -0.393922465 0.464181546
173382.163607779 -0.352110085 0.334918876 0.376712083 0.570013458 -0.550075014 -0.389953082 0.469509031
173382.196941728 -0.351716654 0.336269290 0.376761987 0.571369298 -0.546999022 -0.386305432 0.474444210
173382.230275677 -0.351245737 0.337737151 0.376892426 0.572647946 -0.544428206 -0.382502241 0.478919925
173382.263609627 -0.350836951 0.339305900 0.376886139 0.573156663 -0.542395657 -0.379514575 0.482977307
173382.296943576 -0.350607271 0.340767431 0.376566803 0.572660900 -0.540472069 -0.377986510 0.486904133
173382.330277525 -0.350531162 0.342143150 0.376000001 0.571432337 -0.538686159 -0.377441403 0.490734442
173382.363611474 -0.350588688 0.343569696 0.375252714 0.569767646 -0.536766958 -0.377647615 0.494599173
173382.396945423 -0.350692769 0.344971269 0.374423943 0.568460403 -0.534471472 -0.378448369 0.497965710
173382.430279373 -0.350981363 0.346467718 0.373572758 0.567469745 -0.532036418 -0.380316227 0.500274830
173382.463613322 -0.351471707 0.347909016 0.372857983 0.566165477 -0.530291809 -0.383053265 0.501515151
173382.496947271 -0.352221361 0.348979446 0.372263530 0.563211112 -0.531016442 -0.387180458 0.500905255
173382.530281220 -0.352979201 0.349222926 0.371515945 0.558731659 -0.534154171 -0.393548313 0.497612279
173382.563615169 -0.353330687 0.348424671 0.370556077 0.554181357 -0.538937944 -0.403260631 0.489703767
173382.596949119 -0.352539356 0.346576828 0.370279616 0.552611130 -0.545536741 -0.412503794 0.476289013
173382.630283068 -0.350407512 0.343617674 0.371548443 0.554797560 -0.554807745 -0.418727808 0.457225390
173382.663617017 -0.347618294 0.339367457 0.374658534 0.558014902 -0.566266186 -0.422844709 0.434930257
173382.696950966 -0.345166026 0.334383335 0.379875445 0.559650953 -0.579029126 -0.426287969 0.412061464
173382.730284916 -0.343848986 0.329403174 0.387550929 0.558424573 -0.592659037 -0.428419753 0.391629644
173382.763618865 -0.343996444 0.325002668 0.398266493 0.553872528 -0.609757576 -0.426099841 0.373978405
173382.796952814 -0.346222039 0.321897958 0.411492362 0.545476448 -0.630228860 -0.420053318 0.358918150
173382.830286763 -0.348703808 0.321799711 0.426950353 0.534088848 -0.652756449 -0.409811494 0.347437275
173382.863620712 -0.347728118 0.326020909 0.444375170 0.531442284 -0.669257383 -0.392570390 0.339929614
173382.896954662 -0.346640196 0.332798418 0.460893371 0.533920115 -0.680829849 -0.378875006 0.328410959
173382.930288611 -0.347633706 0.339777059 0.477018453 0.535429813 -0.692408594 -0.369138986 0.312444655
173382.963622560 -0.352324870 0.346529586 0.495192667 0.532883717 -0.712154230 -0.353096663 0.290162099
173382.996956509 -0.359844359 0.353367866 0.514104240 0.528885800 -0.735193300 -0.331413079 0.264454141
173383.030290458 -0.366318184 0.361502746 0.533051140 0.527102238 -0.751647835 -0.311098342 0.245777509
173383.063624408 -0.371265421 0.370841001 0.551879129 0.529013006 -0.762087273 -0.292956232 0.231397654
173383.096958357 -0.375322978 0.380341546 0.569451526 0.533114309 -0.768508299 -0.277309611 0.219735085
173383.130292306 -0.378495077 0.389381383 0.585298091 0.534584289 -0.773809971 -0.264728899 0.212970363
173383.163626255 -0.380255205 0.397455829 0.598670205 0.535060865 -0.776784347 -0.254011228 0.213995899
173383.196960205 -0.379796468 0.404988703 0.607621817 0.534803970 -0.774823962 -0.252622154 0.223191820
173383.230294154 -0.376865576 0.411707182 0.611733733 0.533766765 -0.767597230 -0.261633643 0.239656777
173383.263628103 -0.373452183 0.417622004 0.611551920 0.531206849 -0.758056733 -0.275613423 0.259242192
173383.296962052 -0.369178847 0.422239407 0.607282141 0.525232081 -0.748463450 -0.293405587 0.279010549
173383.330296001 -0.364692935 0.426347054 0.599765180 0.517872848 -0.738161839 -0.311871493 0.299434442
173383.363629951 -0.358832240 0.430068037 0.589646229 0.512518210 -0.726515429 -0.327491370 0.319765256
173383.396963900 -0.353592784 0.432851993 0.576249977 0.505589183 -0.714420932 -0.344735438 0.339322541
173383.430297849 -0.349802219 0.434509306 0.558989114 0.494959024 -0.701048720 -0.369941762 0.355934474
173383.463631798 -0.347961192 0.435052512 0.537920885 0.479750854 -0.683303077 -0.405836471 0.371796695
173383.496965747 -0.348480682 0.434870019 0.513006154 0.457926163 -0.657945456 -0.452913935 0.390231179
173383.530299697 -0.352144726 0.434273664 0.485950885 0.426704671 -0.627180720 -0.507669207 0.408459844
173383.563633646 -0.358538887 0.433329735 0.458051475 0.388450154 -0.592074338 -0.560436976 0.429493716
173383.596967595 -0.367010063 0.431652901 0.432068774 0.345918200 -0.558812631 -0.601804775 0.453762113
173383.630301544 -0.376516552 0.429002958 0.409734042 0.307480322 -0.531541804 -0.628296033 0.477664377
173383.663635494 -0.384706788 0.425787371 0.391895587 0.279568087 -0.513853617 -0.639163295 0.499265888
173383.696969443 -0.392027202 0.420699965 0.377265214 0.258314213 -0.503046218 -0.642207870 0.517481711
173383.730303392 -0.400223370 0.413529966 0.365275179 0.236959425 -0.495779435 -0.644206733 0.532025063
173383.763637341 -0.408765518 0.403930619 0.356325467 0.216637426 -0.490857080 -0.646364783 0.542531217
173383.796971290 -0.417808933 0.393633787 0.350243934 0.200364434 -0.484936560 -0.658460306 0.539555977
173383.830305240 -0.424690270 0.383418629 0.349152234 0.196966916 -0.487395615 -0.663232955 0.532702164
173383.863639189 -0.427875735 0.372018175 0.351931240 0.205693066 -0.501239089 -0.661388383 0.518666699
173383.896973138 -0.427475105 0.359738964 0.358307620 0.222934218 -0.525356442 -0.653687936 0.496983929
173383.930307087 -0.424401678 0.347067996 0.368538437 0.244585435 -0.554203336 -0.642072984 0.469871164
173383.963641036 -0.421035672 0.334313945 0.382731235 0.268767788 -0.581274803 -0.631648040 0.436925890
173383.996974986 -0.417887284 0.322795593 0.401210684 0.297041446 -0.603574418 -0.619032705 0.405293488
173384.030308935 -0.413940634 0.311913732 0.424158552 0.328107391 -0.622417561 -0.603939839 0.374431023
173384.063642884 -0.411074731 0.303008630 0.451317780 0.360754560 -0.641773148 -0.583095751 0.343486126
173384.096976833 -0.409179045 0.296480842 0.481796759 0.395151037 -0.661157144 -0.554459387 0.315121688
173384.130310783 -0.407575889 0.292342636 0.514549063 0.430010807 -0.680797272 -0.514937140 0.294016193
173384.163644732 -0.406198287 0.290554432 0.547656278 0.464726730 -0.698252410 -0.469626614 0.275542161
173384.196978681 -0.406087423 0.292521170 0.579652473 0.495791591 -0.714271302 -0.421902472 0.256915372
173384.230312630 -0.407058621 0.297144760 0.609616120 0.523211312 -0.728076729 -0.373731945 0.237652336
173384.263646579 -0.408998784 0.304261269 0.636335045 0.547702881 -0.738139872 -0.329330179 0.216131248
173384.296980529 -0.410323621 0.313750247 0.659250021 0.569713034 -0.743628279 -0.289786429 0.196132270
173384.330314478 -0.410663510 0.325002991 0.678388083 0.589236578 -0.746085794 -0.250966137 0.182132484
173384.363648427 -0.410291926 0.337602031 0.693116777 0.604937465 -0.747025706 -0.213107503 0.174895538
173384.396982376 -0.408404384 0.350593316 0.703252332 0.619619379 -0.742518310 -0.186654337 0.172911951
173384.430316325 -0.405090005 0.363299802 0.710861966 0.634160668 -0.733947337 -0.172738293 0.171239704
173384.463650275 -0.400961602 0.376392034 0.716642134 0.646692585 -0.724913044 -0.161211772 0.174070513
173384.496984224 -0.396808416 0.389105963 0.720277125 0.656311216 -0.716835600 -0.152420780 0.179360575
173384.530318173 -0.392412039 0.402276904 0.720272332 0.666195765 -0.705720129 -0.152129927 0.187079629
173384.563652122 -0.387273042 0.415253711 0.718496622 0.674712424 -0.694557667 -0.154707178 0.196006327
173384.596986072 -0.381016193 0.428324625 0.713673052 0.681938087 -0.682399890 -0.164351987 0.205619209
173384.630320021 -0.374189758 0.441292234 0.704944781 0.684305175 -0.669154745 -0.184143022 0.223717908
173384.663653970 -0.365588295 0.453180786 0.691449288 0.680418199 -0.653457453 -0.213151244 0.254147554
173384.696987919 -0.357172100 0.464427802 0.673752154 0.670585605 -0.634629042 -0.250140971 0.291531165
173384.730321868 -0.349757741 0.474070457 0.651915668 0.654340773 -0.612977643 -0.290899007 0.333877717
173384.763655818 -0.343125580 0.482919381 0.627380970 0.632707600 -0.586458707 -0.330348889 0.382905849
173384.796989767 -0.338309456 0.492506940 0.601331310 0.611280352 -0.551972073 -0.366781148 0.432590743
173384.830323716 -0.335003235 0.501684099 0.575679801 0.590581025 -0.513824137 -0.398337027 0.478044372
173384.863657665 -0.333494454 0.510824067 0.552639068 0.569724890 -0.476255392 -0.422386663 0.519792130
173384.896991614 -0.332046335 0.519253169 0.533168435 0.553042112 -0.444121865 -0.437768999 0.552502032
173384.930325564 -0.330899700 0.527377319 0.517716801 0.541955080 -0.416788650 -0.447273659 0.576643900
173384.963659513 -0.329308909 0.533783658 0.507083147 0.534261634 -0.398778220 -0.454071921 0.591066095
173384.996993462 -0.326653494 0.538331712 0.501515359 0.531680024 -0.393724992 -0.458242430 0.593557797
173385.030327411 -0.322262631 0.540922418 0.500311729 0.534613773 -0.400367857 -0.459516154 0.585438806
173385.063661361 -0.316778712 0.540968219 0.502139088 0.540920636 -0.416743851 -0.457828853 0.569317285
173385.096995310 -0.310225298 0.537496925 0.506212180 0.547079268 -0.439773677 -0.454724415 0.548205339
173385.130329259 -0.304650759 0.530058350 0.510857927 0.550184861 -0.466500276 -0.452602963 0.524237227
173385.163663208 -0.300795858 0.519812621 0.515975895 0.549288219 -0.494108758 -0.453385599 0.498578467
173385.196997157 -0.298764764 0.506509542 0.520338561 0.543989717 -0.520548168 -0.458589150 0.472017780
173385.230331107 -0.298563214 0.490683413 0.523967032 0.533167686 -0.547349546 -0.466611713 0.445437091
173385.263665056 -0.300779026 0.472146501 0.527131944 0.517012848 -0.573712507 -0.475813282 0.420895942
173385.296999005 -0.305056392 0.452475394 0.529744184 0.496166028 -0.597856892 -0.487608194 0.398277113
173385.330332954 -0.311121735 0.432447978 0.532511337 0.473710813 -0.620155234 -0.497050397 0.379402759
173385.363666903 -0.318459683 0.412347543 0.535758949 0.450368914 -0.641329182 -0.504582999 0.362299212
173385.397000853 -0.326653681 0.393337825 0.539710415 0.429658145 -0.660642771 -0.508944043 0.346296072
173385.430334802 -0.334153454 0.374591273 0.543587382 0.411311514 -0.679633491 -0.509388366 0.330824197
173385.463668751 -0.342660368 0.356985401 0.547452460 0.392681060 -0.696707333 -0.510046132 0.316628207
173385.497002700 -0.351607608 0.340355253 0.550896298 0.373229123 -0.711596628 -0.512153268 0.303363298
173385.530336650 -0.360144784 0.324188560 0.553314095 0.354054455 -0.723694120 -0.515889641 0.291153123
173385.563670599 -0.369481094 0.308943106 0.555176093 0.334243483 -0.733327406 -0.522006351 0.279323433
173385.597004548 -0.378129902 0.293932087 0.556147231 0.314062077 -0.741021770 -0.529656156 0.267798627
173385.630338497 -0.386875670 0.280261082 0.556441417 0.294203929 -0.747312427 -0.538101423 0.255763647
173385.663672446 -0.395843429 0.267680961 0.556167908 0.273811349 -0.752582647 -0.547680821 0.242265191
173385.697006396 -0.403490822 0.255787871 0.555373726 0.255716048 -0.756858939 -0.556609404 0.227946969
173385.730340345 -0.410704981 0.244569703 0.554448201 0.240414824 -0.760884015 -0.563741519 0.213194108
173385.763674294 -0.418999288 0.234805282 0.553472993 0.224967699 -0.764657905 -0.570399852 0.198322544
173385.797008243 -0.427198292 0.224828043 0.552371605 0.208016334 -0.767166481 -0.577984413 0.184712790
173385.830342192 -0.436030449 0.215358563 0.551348941 0.189160808 -0.768042435 -0.586860054 0.172986367
173385.863676142 -0.445447194 0.206483779 0.550294255 0.168415863 -0.767945194 -0.596110802 0.162936147
173385.897010091 -0.454928315 0.198477829 0.549577558 0.147683137 -0.767692238 -0.604682535 0.152306766
173385.930344040 -0.464684717 0.191952541 0.549164238 0.127644954 -0.768411529 -0.611380832 0.139513318
173385.963677989 -0.474099703 0.186765998 0.548897366 0.108148490 -0.770416462 -0.616024568 0.123596562
173385.997011939 -0.483209910 0.182716839 0.548852609 0.088671278 -0.774387609 -0.617781251 0.103959421
173386.030345888 -0.491092560 0.179579102 0.548712473 0.068530875 -0.780064262 -0.616627459 0.081079235
173386.063679837 -0.500817630 0.178470783 0.548368426 0.046214015 -0.786408440 -0.613484232 0.055345527
173386.097013786 -0.511285780 0.179274951 0.547300201 0.021226894 -0.791190492 -0.610586555 0.027405903
173386.130347735 -0.522126247 0.181480730 0.545561019 0.005145108 0.792522078 0.609817558 0.002197684
173386.163681685 -0.533756571 0.185325667 0.543565751 0.031764184 0.791197450 0.609818710 0.033448071
173386.197015634 -0.545823051 0.192781685 0.540912947 0.059927537 0.787264240 0.610191795 0.065495648
173386.230349583 -0.558281485 0.201714313 0.538599892 0.088670954 0.781821334 0.609661107 0.095948930
173386.263683532 -0.569871452 0.211845319 0.536621790 0.116011669 0.776058434 0.607550832 0.123112091
173386.297017481 -0.582369224 0.222791443 0.535217143 0.141808990 0.769818288 0.604553137 0.147599181
173386.330351431 -0.595129485 0.235143179 0.534361129 0.167627414 0.763611308 0.600098763 0.169352575
173386.363685380 -0.607910007 0.248623652 0.533874468 0.194140457 0.756911693 0.594871843 0.188471912
173386.397019329 -0.619613643 0.262698520 0.533133807 0.221100642 0.749246512 0.589036578 0.206833461
173386.430353278 -0.631810908 0.277929729 0.532618046 0.248053116 0.740997401 0.582303696 0.224309849
173386.463687228 -0.643126889 0.293580764 0.532006702 0.273427585 0.732424502 0.575091881 0.240958571
173386.497021177 -0.653300301 0.309831231 0.531274991 0.297195315 0.722887280 0.567996470 0.257854482
173386.530355126 -0.662371329 0.327208009 0.530047881 0.320126152 0.712659679 0.560532020 0.274662126
173386.563689075 -0.670622621 0.343709498 0.529275423 0.342373211 0.701804266 0.552896458 0.290786631
173386.597023024 -0.678148526 0.359675559 0.528443821 0.363673640 0.690836864 0.544837227 0.306003769
173386.630356974 -0.683859044 0.376425251 0.526698485 0.384914140 0.679566784 0.535799694 0.320856320
173386.663690923 -0.689437135 0.392952675 0.525387353 0.406102650 0.667036901 0.526851880 0.335513795
173386.697024872 -0.694484860 0.408916103 0.523799360 0.426061712 0.653905104 0.518275238 0.349671719
173386.730358821 -0.698251809 0.424204550 0.521733615 0.442988969 0.640402255 0.510916229 0.364157016
173386.763692770 -0.701217916 0.438356290 0.519518151 0.456340898 0.627930121 0.504540176 0.378015818
173386.797026720 -0.703763322 0.450786591 0.517684825 0.467344914 0.617930137 0.497978955 0.389574174
173386.830360669 -0.706674961 0.463666923 0.516916426 0.477437753 0.610245343 0.491035821 0.398167849
173386.863694618 -0.707955704 0.473304159 0.516896344 0.487374284 0.603645736 0.484524784 0.404121102
173386.897028567 -0.708458092 0.481154822 0.517342183 0.496244805 0.597646006 0.479428679 0.408299506
173386.930362517 -0.708730780 0.486909026 0.517768199 0.502266341 0.592984318 0.476165088 0.411539707
173386.963696466 -0.708451598 0.489700416 0.517957039 0.505370063 0.590287274 0.474437802 0.413607067
173386.997030415 -0.708055460 0.489663031 0.518040392 0.505634522 0.590208558 0.474197413 0.413671853
173387.030364364 -0.707560290 0.486578366 0.518168027 0.503027050 0.592636314 0.475692911 0.411657917
173387.063698313 -0.706704409 0.481139181 0.518277490 0.497777995 0.596837864 0.479262886 0.407809658
173387.097032263 -0.705384244 0.473035356 0.518452388 0.489778011 0.603497590 0.483980637 0.402083202
173387.130366212 -0.703853109 0.462387520 0.518672686 0.479082031 0.612388112 0.489732611 0.394491035
173387.163700161 -0.702650043 0.448981905 0.518912170 0.465276601 0.622936352 0.496540048 0.385896316
173387.197034110 -0.701035876 0.433952320 0.519153659 0.448997873 0.634753854 0.504160305 0.375913342
173387.230368059 -0.699284208 0.417280331 0.519467760 0.430620026 0.647023795 0.512890073 0.364513890
173387.263702009 -0.696788580 0.399376476 0.519853100 0.409845248 0.659786881 0.522773384 0.351306324
173387.297035958 -0.693617724 0.380645727 0.520603500 0.387199152 0.672978704 0.533301790 0.335806018
173387.330369907 -0.689484603 0.361729164 0.521633071 0.363381275 0.686351091 0.543481212 0.318597554
173387.363703856 -0.684360148 0.342798432 0.522876512 0.338338583 0.700106700 0.552514040 0.300176360
173387.397037806 -0.678185027 0.324207572 0.524290361 0.311778621 0.713916278 0.560463379 0.281066610
173387.430371755 -0.671119470 0.306199999 0.526151403 0.284111040 0.727615681 0.567204272 0.261028065
173387.463705704 -0.662932559 0.288688204 0.528498537 0.254952241 0.741096088 0.573158190 0.239302387
173387.497039653 -0.653375819 0.271461331 0.531385604 0.223776047 0.753222493 0.579966262 0.214986723
173387.530373602 -0.641834376 0.255310411 0.534840438 0.191954445 0.763641983 0.587310292 0.187272617
173387.563707552 -0.628209564 0.241472403 0.538335608 0.162111671 0.771794823 0.594043330 0.158635051
173387.597041501 -0.612944673 0.229203672 0.541455032 0.133759830 0.777800701 0.600072755 0.130564416
173387.630375450 -0.596033882 0.218830397 0.543792414 0.106927024 0.782174510 0.605048651 0.103372033
173387.663709399 -0.577984911 0.210582876 0.545439003 0.080983320 0.785045311 0.609151589 0.077973735
173387.697043348 -0.558751115 0.204337236 0.546290786 0.055178380 0.787123402 0.611882765 0.054695332
173387.730377298 -0.538591242 0.199957253 0.546382541 0.029769771 0.788774713 0.613022866 0.033929038
173387.763711247 -0.517762236 0.197172018 0.545878409 0.005041813 0.789767364 0.613181154 0.015841837
173387.797045196 -0.496398154 0.195438331 0.544944516 0.018799024 -0.790450827 -0.612236862 0.000335145
173387.830379145 -0.474987393 0.194962558 0.543578938 0.041476011 -0.790924618 -0.610303742 0.015726821
173387.863713095 -0.453466929 0.195160763 0.541804313 0.064550676 -0.790147328 -0.608687002 0.031631372
173387.897047044 -0.432193665 0.196294046 0.539628028 0.087967745 -0.787865859 -0.607594656 0.048557167
173387.930380993 -0.411458512 0.198358911 0.537104252 0.111548947 -0.783152874 -0.608044849 0.067155563
173387.963714942 -0.390735025 0.201375954 0.534566396 0.137323246 -0.775595599 -0.609597071 0.089359970
173387.997048891 -0.370290167 0.206254450 0.532037995 0.164942558 -0.765495368 -0.611201619 0.115079865
173388.030382841 -0.350372767 0.212813408 0.530151721 0.192017787 -0.754541415 -0.611401290 0.141367910
173388.063716790 -0.330963358 0.220592890 0.529128358 0.217803112 -0.743764091 -0.609727683 0.166159363
173388.097050739 -0.311791996 0.229195926 0.528752480 0.244152280 -0.733015199 -0.606117303 0.188944958
173388.130384688 -0.293186494 0.238783522 0.529181294 0.271709625 -0.723410224 -0.599027063 0.209804922
173388.163718637 -0.275575897 0.249551503 0.530465142 0.300509633 -0.714774765 -0.588415774 0.229255037
173388.197052587 -0.259617771 0.261432802 0.531670080 0.330237226 -0.705507719 -0.575901792 0.248071276
173388.230386536 -0.245518705 0.274625548 0.532473357 0.359937839 -0.694299737 -0.562959590 0.267337105
173388.263720485 -0.233574776 0.288815541 0.532714480 0.388435981 -0.680811718 -0.550336560 0.287650070
173388.297054434 -0.223932870 0.303632893 0.532252072 0.415050926 -0.664908980 -0.538513594 0.309244056
173388.330388384 -0.219278903 0.316901967 0.531806690 0.439442298 -0.647490737 -0.527182073 0.331248055
173388.363722333 -0.214635599 0.332031461 0.531213895 0.462325474 -0.629653272 -0.515039758 0.352882362
173388.397056282 -0.211471419 0.347326861 0.530677895 0.484439672 -0.611901334 -0.501760916 0.373002607
173388.430390231 -0.210406124 0.362848172 0.530953842 0.504745645 -0.594752916 -0.488291434 0.391244526
173388.463724180 -0.210981239 0.378026517 0.531658122 0.522522703 -0.578954761 -0.475411813 0.407142503
173388.497058130 -0.212682576 0.392917752 0.532887378 0.537332856 -0.564843159 -0.463536620 0.421140606
173388.530392079 -0.215682243 0.406984157 0.534365740 0.549386796 -0.552094135 -0.453266333 0.433492613
173388.563726028 -0.219667306 0.420045533 0.535722780 0.559862506 -0.540273866 -0.444931173 0.443502397
173388.597059977 -0.223636342 0.432054442 0.536817189 0.569010921 -0.529877119 -0.438544223 0.450705863
173388.630393926 -0.227335390 0.442782347 0.537520256 0.576443408 -0.521834249 -0.434048993 0.454976357
173388.663727876 -0.230199134 0.452091917 0.537694932 0.582117802 -0.516040548 -0.430864950 0.457379943
173388.697061825 -0.232960475 0.459901438 0.537231115 0.585525470 -0.512224927 -0.429074161 0.458999905
173388.730395774 -0.235737947 0.466174000 0.536528921 0.586430550 -0.511250324 -0.427956206 0.459973697
173388.763729723 -0.238631815 0.471165725 0.535721658 0.585681531 -0.513032341 -0.426983145 0.459848186
173388.797063673 -0.241851387 0.473384373 0.534987840 0.583217511 -0.516582795 -0.427038370 0.458952918
173388.830397622 -0.244893119 0.476390267 0.534620653 0.579631461 -0.521802312 -0.427726349 0.456946263
173388.863731571 -0.248193254 0.478963558 0.534500442 0.574825108 -0.527324488 -0.430046083 0.454494605
173388.897065520 -0.251516310 0.481417893 0.534836702 0.570173649 -0.531766888 -0.434024930 0.451384920
173388.930399469 -0.254295175 0.483619213 0.536265948 0.566544753 -0.537051919 -0.436608626 0.447185854
173388.963733419 -0.256492993 0.485307381 0.538581013 0.563481964 -0.543286394 -0.437421578 0.442707954
173388.997067368 -0.257930090 0.487350843 0.541155772 0.561765185 -0.549375901 -0.436160348 0.438600214
173389.030401317 -0.258382739 0.488507237 0.543108554 0.561628088 -0.555038069 -0.433405013 0.434357832
173389.063735266 -0.257752246 0.489035782 0.543179148 0.562285740 -0.560664957 -0.430242915 0.429395605
173389.097069215 -0.255833323 0.489227736 0.540238344 0.564209717 -0.566086435 -0.426990331 0.422957210
173389.130403165 -0.252516490 0.489409061 0.533407019 0.567763390 -0.569503965 -0.424146197 0.416425228
173389.163737114 -0.248108213 0.489451790 0.522167384 0.572129565 -0.569527292 -0.423099802 0.411452285
173389.197071063 -0.242856361 0.488977086 0.506647926 0.574769048 -0.568530013 -0.423474409 0.408758597
173389.230405012 -0.237003538 0.487745774 0.486800932 0.573964864 -0.568913734 -0.426847675 0.405835633
173389.263738962 -0.231449380 0.486412500 0.462434976 0.572408072 -0.566502019 -0.433762105 0.404072888
173389.297072911 -0.227199102 0.484738770 0.434243771 0.567304965 -0.561147909 -0.444995795 0.406517949
173389.330406860 -0.224225211 0.482755491 0.402974999 0.559444239 -0.553577167 -0.458025782 0.413263653
173389.363740809 -0.222089257 0.480823400 0.369247106 0.552286714 -0.544282685 -0.470503710 0.421143684
173389.397074758 -0.220766851 0.478854865 0.333876517 0.545994442 -0.534743151 -0.481605696 0.428947299
173389.430408708 -0.219465235 0.476599678 0.298046548 0.541237416 -0.528663059 -0.487456546 0.435848076
173389.463742657 -0.218135691 0.474424310 0.262451658 0.540163985 -0.527012705 -0.487559787 0.439051173
173389.497076606 -0.217915757 0.472247429 0.226680384 0.541416634 -0.528099016 -0.484916879 0.439129912
173389.530410555 -0.218952862 0.470179821 0.189553410 0.542314315 -0.528714307 -0.483231758 0.439139424
173389.563744504 -0.221741151 0.467818553 0.150864815 0.538795301 -0.526449999 -0.485272768 0.443914815
173389.597078454 -0.226401717 0.465888349 0.110423642 0.530453416 -0.517894617 -0.495719457 0.452400883
173389.630412403 -0.232042882 0.464400540 0.069887172 0.519179682 -0.506122443 -0.511006194 0.461698170
173389.663746352 -0.237480737 0.463419472 0.030905425 0.511692626 -0.494370243 -0.526274890 0.465621584
173389.697080301 -0.242128713 0.462776811 -0.005815169 0.508447516 -0.484769910 -0.539604443 0.464011103
173389.730414251 -0.246511494 0.461699230 -0.040201409 0.504595039 -0.478988249 -0.550375143 0.461563978
173389.763748200 -0.250307073 0.460160218 -0.071651352 0.498598853 -0.474738569 -0.560918274 0.459775123
173389.797082149 -0.253805882 0.458402969 -0.100162006 0.490797228 -0.472070319 -0.570940231 0.458579271
173389.830416098 -0.256427422 0.456747937 -0.125590208 0.483448058 -0.470498271 -0.578504177 0.458521831
173389.863750047 -0.258091288 0.454663596 -0.147795867 0.477834612 -0.471819458 -0.581557386 0.459185681
173389.897083997 -0.258854900 0.452532149 -0.166913590 0.473726521 -0.474718143 -0.581244869 0.460847340
173389.930417946 -0.259747796 0.450577649 -0.183504120 0.469265131 -0.475339853 -0.581333573 0.464643453
173389.963751895 -0.261046813 0.448902342 -0.197040808 0.463389528 -0.472716441 -0.583770339 0.470129241
173389.997085844 -0.263124723 0.447430144 -0.205838736 0.456383783 -0.467935479 -0.588052319 0.476387132
173390.030419793 -0.265014718 0.446214529 -0.208080494 0.451663267 -0.463392094 -0.591391955 0.481169009
173390.063753743 -0.265906455 0.444969763 -0.202682273 0.450764618 -0.462059798 -0.590442747 0.484447484
173390.097087692 -0.265808181 0.443997716 -0.190381252 0.453813961 -0.462921344 -0.586426776 0.485654564
173390.130421641 -0.262891297 0.443978690 -0.173613131 0.457640710 -0.464244919 -0.581542468 0.486672368
173390.163755590 -0.260563584 0.443515976 -0.150972944 0.460604980 -0.465922732 -0.577113229 0.487544234
173390.197089540 -0.256595189 0.442897091 -0.123828127 0.462789403 -0.468871092 -0.573316338 0.487128570
173390.230423489 -0.251870306 0.441991091 -0.092674060 0.465206565 -0.473526816 -0.569840806 0.484393087
173390.263757438 -0.245440872 0.440690845 -0.057057996 0.468653212 -0.480229484 -0.566240185 0.478660487
173390.297091387 -0.238904816 0.438921218 -0.016784956 0.472869494 -0.488191805 -0.563471282 0.469641691
173390.330425336 -0.232045896 0.436576347 0.027740093 0.477928087 -0.497922759 -0.558846864 0.459725844
173390.363759286 -0.225177270 0.433786723 0.075803291 0.485953503 -0.509267003 -0.550831987 0.448419931
173390.397093235 -0.219294220 0.430677077 0.126137919 0.495755381 -0.521401903 -0.540168452 0.436560078
173390.430427184 -0.215275871 0.427211379 0.177568583 0.506494127 -0.533075403 -0.526847840 0.426292936
173390.463761133 -0.212548790 0.423995732 0.228203405 0.519451147 -0.543539216 -0.511810113 0.415675395
173390.497095082 -0.212726270 0.420840702 0.276514749 0.529296486 -0.552359066 -0.498438284 0.407803837
173390.530429032 -0.216017803 0.417466511 0.321902544 0.533705171 -0.558711887 -0.489768900 0.403888898
173390.563762981 -0.221616674 0.414307988 0.364044962 0.536762264 -0.562344349 -0.484518589 0.401119486
173390.597096930 -0.229224865 0.411606165 0.403394352 0.542055631 -0.566458619 -0.477561684 0.396528894
173390.630430879 -0.238845153 0.408860248 0.439646626 0.546673933 -0.573314441 -0.469433311 0.389987858
173390.663764829 -0.250994861 0.406022210 0.472594657 0.549837903 -0.582131039 -0.460156701 0.383480827
173390.697098778 -0.264427339 0.403125912 0.501335914 0.552639384 -0.592756767 -0.447703177 0.377876954
173390.730432727 -0.278765033 0.401014675 0.524666557 0.555345016 -0.601606506 -0.435843569 0.373767186
173390.763766676 -0.293376019 0.399556075 0.542762758 0.558398689 -0.607947176 -0.425831759 0.370484072
173390.797100625 -0.306857154 0.398509508 0.555789458 0.560974510 -0.612661262 -0.417019367 0.368847698
173390.830434575 -0.318908802 0.397858925 0.563907781 0.562503024 -0.615748867 -0.411187857 0.367924214
173390.863768524 -0.328818750 0.397557373 0.568029590 0.562216218 -0.617463805 -0.409305559 0.367587178
173390.897102473 -0.336676838 0.397481358 0.568878220 0.560708066 -0.616692346 -0.411901938 0.368284957
173390.930436422 -0.342666998 0.397897877 0.567010435 0.558587039 -0.612717187 -0.418478926 0.370720323
173390.963770371 -0.346721587 0.398456076 0.563486504 0.556770228 -0.607245338 -0.427315644 0.372372600
173390.997104321 -0.347501771 0.398940042 0.559449547 0.556267290 -0.602566557 -0.434931452 0.371907084
173391.030438270 -0.344829342 0.399014740 0.555598367 0.556379388 -0.600544417 -0.439945052 0.369102603
173391.063772219 -0.339817816 0.398357859 0.551424733 0.554011004 -0.600790074 -0.444697245 0.366561665
173391.097106168 -0.333603989 0.397223290 0.547684235 0.548633733 -0.601781715 -0.449908247 0.366663828
173391.130440118 -0.325915403 0.396224891 0.544691989 0.543384812 -0.602789397 -0.454138574 0.367608547
173391.163774067 -0.317660508 0.395860398 0.543105586 0.541826240 -0.600816030 -0.457097815 0.369467199
173391.197108016 -0.309234076 0.395841922 0.543056796 0.544539005 -0.595950673 -0.459031393 0.370958552
173391.230441965 -0.301988178 0.395642100 0.545327954 0.547558893 -0.593564285 -0.458073561 0.371522963
173391.263775914 -0.296566980 0.395164667 0.549918124 0.549132694 -0.592543888 -0.455570461 0.373899157
173391.297109864 -0.293111956 0.394646395 0.555846541 0.548462058 -0.592268013 -0.454407184 0.376725474
173391.330443813 -0.292152944 0.394277993 0.563296179 0.545665889 -0.590361606 -0.456401715 0.381338939
173391.363777762 -0.293090056 0.394777833 0.572938050 0.542154233 -0.585465521 -0.462137995 0.386946229
173391.397111711 -0.294189763 0.395548785 0.585491439 0.538626236 -0.579421725 -0.469796635 0.391718476
173391.430445660 -0.294678656 0.396173081 0.601718180 0.534838167 -0.574387217 -0.477181425 0.395380005
173391.463779610 -0.294888552 0.395787227 0.622269130 0.528313839 -0.572280687 -0.484404017 0.398411911
173391.497113559 -0.294395122 0.394741041 0.646215788 0.519116557 -0.571549352 -0.492871115 0.401157577
173391.530447508 -0.292789543 0.393750817 0.672187751 0.511616593 -0.569446195 -0.502105137 0.402330615
173391.563781457 -0.290375632 0.392540248 0.699453680 0.503722823 -0.567904878 -0.511141560 0.403090154
173391.597115407 -0.286839376 0.391559078 0.727441083 0.498400137 -0.565103113 -0.517876087 0.405043372
173391.630449356 -0.281869716 0.390794326 0.755448479 0.497533753 -0.561454790 -0.521419828 0.406632569
173391.663783305 -0.276863294 0.389477775 0.783246434 0.496389764 -0.561818195 -0.521208849 0.407797565
173391.697117254 -0.272110030 0.387144336 0.809520927 0.491467075 -0.564329984 -0.518059196 0.414254092
173391.730451203 -0.271279649 0.379953715 0.827473798 0.455693733 -0.568022897 -0.520816541 0.445469798
173391.763785153 -0.272704643 0.372517127 0.837951991 0.419923831 -0.558712685 -0.534354737 0.475362101
173391.797119102 -0.272533786 0.364794829 0.844409869 0.393380499 -0.548501301 -0.543754682 0.498727332
173391.830453051 -0.268750744 0.356880622 0.848658654 0.381837662 -0.547680918 -0.540249556 0.512226541
173391.863787000 -0.261812129 0.349678220 0.850381823 0.387660880 -0.552812965 -0.525295424 0.517862515
173391.897120949 -0.255623968 0.344020146 0.847902735 0.397408039 -0.562171365 -0.506003940 0.519605831
173391.930454899 -0.252656239 0.340080890 0.838281100 0.409483970 -0.563622850 -0.496001444 0.518299844
173391.963788848 -0.253487476 0.337132261 0.822051328 0.416810299 -0.558284933 -0.498765470 0.515577457
173391.997122797 -0.257332418 0.334234050 0.801579350 0.417795842 -0.549765330 -0.510368051 0.512571135
173392.030456746 -0.263264053 0.330623147 0.779165126 0.414776014 -0.547516130 -0.519078724 0.508669071
173392.063790696 -0.270139640 0.326777765 0.755889997 0.413127516 -0.552775333 -0.520003004 0.503350735
173392.097124645 -0.277250802 0.323691311 0.730676841 0.416065660 -0.561381701 -0.514852127 0.496656058
173392.130458594 -0.285378922 0.321154012 0.703304601 0.420723769 -0.570413336 -0.506744889 0.490744082
173392.163792543 -0.293814551 0.319563156 0.672212891 0.424934898 -0.576959033 -0.500632978 0.485711053
173392.197126492 -0.302295767 0.318617830 0.637230068 0.426784680 -0.579789117 -0.498659512 0.482740208
173392.230460442 -0.310761970 0.317318840 0.598914969 0.422577103 -0.579285150 -0.503264541 0.482267673
173392.263794391 -0.317405279 0.315821420 0.558815735 0.416752090 -0.574055333 -0.512900289 0.483437135
173392.297128340 -0.322281806 0.314600734 0.518340108 0.412716882 -0.564679759 -0.527737695 0.481969367
173392.330462289 -0.325996914 0.313779555 0.480325015 0.409152943 -0.554978423 -0.543345237 0.478924600
173392.363796238 -0.329075865 0.313285047 0.447002220 0.406475514 -0.547320189 -0.556842870 0.474493715
173392.397130188 -0.331484660 0.313224520 0.419743900 0.406603209 -0.540617502 -0.568102170 0.468685899
173392.430464137 -0.333362899 0.312906178 0.399399993 0.405986343 -0.537312130 -0.575869009 0.463514453
173392.463798086 -0.334659001 0.312663515 0.385264587 0.404978467 -0.533986853 -0.582579889 0.459838183
173392.497132035 -0.334356650 0.312750891 0.376535701 0.406351243 -0.527841270 -0.589430721 0.456983246
173392.530465985 -0.331955982 0.313442631 0.373229792 0.413791230 -0.522803839 -0.591170634 0.453839449
173392.563799934 -0.327427655 0.314924419 0.374300474 0.428262190 -0.520339524 -0.586612173 0.449137434
173392.597133883 -0.322307113 0.317271542 0.378330756 0.442813704 -0.521909879 -0.577572835 0.444899677
173392.630467832 -0.317221528 0.320896397 0.383658819 0.456236581 -0.526802145 -0.564594411 0.442222606
173392.663801781 -0.312249401 0.326373429 0.388444893 0.470453759 -0.531733281 -0.548772039 0.441341396
173392.697135731 -0.307355426 0.334594897 0.391259016 0.488749294 -0.530597492 -0.533177029 0.441941947
173392.730469680 -0.302924102 0.346573176 0.391738354 0.511660243 -0.520980649 -0.518903110 0.444435059
173392.763803629 -0.299078186 0.361197522 0.390206839 0.536889455 -0.504101752 -0.506007794 0.448984687
173392.797137578 -0.295945212 0.378040267 0.387382016 0.562167875 -0.481752330 -0.493941998 0.455964117
173392.830471527 -0.293449155 0.396437849 0.383971223 0.587978013 -0.454608898 -0.480814814 0.465220077
173392.863805477 -0.291924601 0.416237292 0.380312280 0.613129879 -0.423257167 -0.466880029 0.476390765
173392.897139426 -0.291677290 0.436640992 0.376651592 0.635491234 -0.388908211 -0.452744445 0.489820133
173392.930473375 -0.292539159 0.457301553 0.373577650 0.656353732 -0.351964188 -0.438602485 0.502940204
173392.963807324 -0.293690754 0.477051632 0.371865131 0.673579868 -0.319390077 -0.422618172 0.515435758
173392.997141274 -0.295259040 0.495160422 0.371840542 0.687056752 -0.294279940 -0.404484241 0.527015024
173393.030475223 -0.297241633 0.512291833 0.373056578 0.698639558 -0.272675146 -0.386219233 0.537015584
173393.063809172 -0.299804899 0.528898819 0.374815912 0.708539486 -0.254097753 -0.368065780 0.545833042
173393.097143121 -0.302850951 0.544950534 0.376831781 0.717607531 -0.237863776 -0.349083620 0.553715524
173393.130477070 -0.307031530 0.560543159 0.378713779 0.726485714 -0.219921023 -0.328385990 0.562152908
173393.163811020 -0.312648329 0.575700964 0.379889754 0.734244329 -0.199728356 -0.306248397 0.572019029
173393.197144969 -0.320067572 0.590472838 0.380248739 0.740959506 -0.176097694 -0.282630482 0.583171178
173393.230478918 -0.327459629 0.605828257 0.380216510 0.745547214 -0.150396987 -0.258340057 0.595651334
173393.263812867 -0.336953312 0.619234258 0.379525845 0.748971819 -0.124055007 -0.233355878 0.607615507
173393.297146816 -0.346883105 0.631872998 0.378591535 0.750992348 -0.097660065 -0.208599896 0.618836883
173393.330480766 -0.358060908 0.643388690 0.376857912 0.751914494 -0.071288040 -0.183906237 0.629063673
173393.363814715 -0.368794703 0.653554220 0.375828279 0.751591527 -0.046224120 -0.162222921 0.637696818
173393.397148664 -0.379301667 0.662238528 0.375111849 0.750569568 -0.024714626 -0.141988569 0.644882746
173393.430482613 -0.388950307 0.669814742 0.374697927 0.748761197 -0.005880820 -0.125249590 0.650872204
173393.463816563 -0.397737117 0.676467199 0.374892346 0.747531315 0.008471051 -0.110977927 0.654835150
173393.497150512 -0.405216689 0.682035508 0.375018054 0.746606184 0.018214566 -0.099484608 0.657533458
173393.530484461 -0.410817314 0.686878601 0.375341319 0.746031672 0.023018923 -0.090694716 0.659303680
173393.563818410 -0.415018531 0.690148216 0.375897509 0.745905301 0.022700639 -0.085217976 0.660187745
173393.597152359 -0.416681394 0.692331084 0.377408177 0.746315382 0.014993964 -0.083897393 0.660113445
173393.630486309 -0.417717706 0.693941380 0.380442291 0.748001471 -0.000024399 -0.086568253 0.658027154
173393.663820258 -0.414002361 0.692573834 0.384272470 0.750798109 -0.022118826 -0.092688180 0.653622107
173393.697154207 -0.406873550 0.687308517 0.389374826 0.752908711 -0.053929525 -0.101446688 0.648019019
173393.730488156 -0.396408236 0.679084631 0.394736825 0.752329674 -0.095217999 -0.114099773 0.641805918
173393.763822105 -0.383267909 0.666985312 0.398778084 0.749315019 -0.138672482 -0.131444774 0.634049853
173393.797156055 -0.370133745 0.650675910 0.403339331 0.743261453 -0.182268849 -0.153179832 0.625201102
173393.830490004 -0.357221293 0.630623169 0.406538896 0.733928537 -0.224900915 -0.177878387 0.615733515
173393.863823953 -0.344766727 0.607080649 0.408995624 0.721681069 -0.265090104 -0.203753253 0.606125633
173393.897157902 -0.332928032 0.580547501 0.410247749 0.707941797 -0.301532393 -0.231915638 0.595072907
173393.930491852 -0.322550416 0.552080292 0.410959488 0.693525757 -0.333969941 -0.261843243 0.582171984
173393.963825801 -0.314713525 0.521682273 0.411986568 0.678892697 -0.364337513 -0.289752350 0.567808470
173393.997159750 -0.308907181 0.491795846 0.413335077 0.665797789 -0.392248886 -0.315371482 0.550812984
173394.030493699 -0.304895231 0.463310894 0.414883257 0.654454440 -0.417038206 -0.338934664 0.531875751
173394.063827648 -0.302853060 0.436745763 0.416606814 0.643339258 -0.440253911 -0.359763741 0.512699858
173394.097161598 -0.302969937 0.412890251 0.417494183 0.630908149 -0.460778050 -0.379886955 0.495302330
173394.130495547 -0.305068224 0.392026375 0.418233938 0.616987497 -0.477511537 -0.398811010 0.481932505
173394.163829496 -0.308240565 0.374834111 0.418238956 0.604055159 -0.489797274 -0.415593963 0.471696568
173394.197163445 -0.310987238 0.361655144 0.418234414 0.592464141 -0.499371567 -0.426271133 0.466805314
173394.230497394 -0.312697860 0.351714331 0.418744213 0.582306514 -0.508968832 -0.429074874 0.466652551
173394.263831344 -0.315001588 0.342841383 0.419081202 0.572832051 -0.519384544 -0.432415458 0.463810315
173394.297165293 -0.318568311 0.335654387 0.416682245 0.564562485 -0.529293149 -0.442380368 0.453230154
173394.330499242 -0.323898617 0.331014314 0.411011891 0.562018523 -0.534682640 -0.457977219 0.434173378
173394.363833191 -0.329468640 0.327315470 0.403820041 0.562225316 -0.538640486 -0.474381838 0.410768783
173394.397167141 -0.336462858 0.324859926 0.395278534 0.562137099 -0.541153339 -0.491312293 0.386997643
173394.430501090 -0.342544386 0.325501242 0.386958543 0.563313075 -0.542497155 -0.505811699 0.364046346
173394.463835039 -0.348410492 0.326301359 0.379710598 0.555852068 -0.546503548 -0.514504882 0.357277311
173394.497168988 -0.355249087 0.327346997 0.374349241 0.544433880 -0.549565376 -0.521485633 0.360031086
173394.530502937 -0.363285757 0.328396632 0.368183112 0.534621273 -0.551197873 -0.530469209 0.359114769
173394.563836887 -0.371417896 0.331664710 0.361006613 0.529158784 -0.549937878 -0.544186850 0.348453704
173394.597170836 -0.376551247 0.335071476 0.356439246 0.527908888 -0.547208170 -0.551549082 0.343029205
173394.630504785 -0.378897883 0.338489459 0.354482755 0.529183792 -0.545402551 -0.552217440 0.342865091
173394.663838734 -0.380821365 0.341445197 0.354212341 0.527281065 -0.546529412 -0.553290113 0.342272306
173394.697172683 -0.382003715 0.343638491 0.356257767 0.524496682 -0.551631337 -0.551061363 0.341961215
173394.730506633 -0.382612946 0.345137566 0.360177360 0.525348180 -0.557035666 -0.545614276 0.340625335
173394.763840582 -0.381618727 0.346760439 0.365003547 0.530579799 -0.560859837 -0.538787356 0.337089759
173394.797174531 -0.379644214 0.348086629 0.371174168 0.537362714 -0.565549206 -0.529777635 0.332762777
173394.830508480 -0.377053102 0.348568090 0.378432170 0.543818316 -0.572842399 -0.519048954 0.326651815
173394.863842430 -0.372723550 0.349158467 0.386340490 0.547309537 -0.582202109 -0.509826140 0.318700928
173394.897176379 -0.367330370 0.348582249 0.393578832 0.545213651 -0.594160343 -0.502741487 0.311394540
173394.930510328 -0.362271138 0.347716152 0.399144980 0.540537723 -0.604673093 -0.496310145 0.309621804
173394.963844277 -0.357334996 0.347371990 0.403168796 0.537716387 -0.612690762 -0.488835963 0.310661421
173394.997178226 -0.352111750 0.346532056 0.406198462 0.536008634 -0.622939852 -0.478552318 0.309238360
173395.030512176 -0.346997218 0.344427158 0.408438926 0.535127895 -0.639289083 -0.459325142 0.306542034
173395.063846125 -0.342847676 0.342348326 0.408097344 0.535264916 -0.652215000 -0.439619750 0.307963535
173395.097180074 -0.339766390 0.341358416 0.404530903 0.532137909 -0.658658534 -0.428220661 0.315634674
173395.130514023 -0.337962541 0.342114612 0.398143454 0.529068937 -0.653874052 -0.432646702 0.324579135
173395.163847972 -0.336957633 0.345165318 0.390568200 0.528578289 -0.643279441 -0.440817990 0.335374497
173395.197181922 -0.335919160 0.350917494 0.382535824 0.532872032 -0.630222392 -0.447379705 0.344555560
173395.230515871 -0.334695995 0.359392671 0.374423632 0.540070593 -0.618207354 -0.450498218 0.350991135
173395.263849820 -0.333304759 0.370636222 0.366417086 0.545910499 -0.608440553 -0.450820757 0.358528195
173395.297183769 -0.331483704 0.382809776 0.358670019 0.549078667 -0.597956041 -0.455514243 0.365332676
173395.330517719 -0.327951285 0.394308545 0.352092754 0.548436610 -0.594334036 -0.459122825 0.367682703
173395.363851668 -0.323871249 0.407471876 0.346255683 0.547481163 -0.591857626 -0.460206358 0.371724406
173395.397185617 -0.319739795 0.423156319 0.341306980 0.546622126 -0.588937622 -0.459811491 0.378061003
173395.430519566 -0.315614695 0.440743214 0.337521197 0.547919123 -0.587385834 -0.457076101 0.381895213
173395.463853515 -0.311244175 0.459555303 0.334805187 0.552264164 -0.589424637 -0.450284284 0.380561367
173395.497187465 -0.307169017 0.479134153 0.332406697 0.556698928 -0.594568989 -0.441955674 0.375831348
173395.530521414 -0.304239843 0.499065854 0.329394907 0.559308078 -0.601296204 -0.433283393 0.371325801
173395.563855363 -0.302585792 0.519299641 0.324989842 0.559827619 -0.606026782 -0.427694543 0.369326351
173395.597189312 -0.302366126 0.539514989 0.319214994 0.558885747 -0.606566194 -0.426952395 0.370723384
173395.630523261 -0.302818315 0.559136588 0.313130274 0.557938752 -0.605108220 -0.427972982 0.373346378
173395.663857211 -0.303674417 0.577362421 0.306844667 0.556566037 -0.604268031 -0.428061232 0.376640379
173395.697191160 -0.305035733 0.594285243 0.300870355 0.556019077 -0.603588902 -0.427422875 0.379253095
173395.730525109 -0.306580706 0.609775662 0.295242958 0.557838901 -0.601409064 -0.427157941 0.380340626
173395.763859058 -0.308497868 0.623221379 0.290292488 0.559419966 -0.600201717 -0.426176202 0.381026306
173395.797193008 -0.310894454 0.634707649 0.285790391 0.561293176 -0.598000028 -0.426333438 0.381556990
173395.830526957 -0.313451390 0.643518495 0.281783040 0.563093634 -0.594488774 -0.429309380 0.381053950
173395.863860906 -0.316142752 0.649559180 0.278242763 0.565113753 -0.589567901 -0.434115308 0.380263114
173395.897194855 -0.318955902 0.652676804 0.274941885 0.566675860 -0.582774245 -0.441571575 0.379825215
173395.930528804 -0.321724731 0.652536398 0.272109717 0.567417417 -0.575041729 -0.451067376 0.379345103
173395.963862754 -0.324155529 0.649199148 0.270104073 0.567718759 -0.568326720 -0.460393605 0.377806669
173395.997196703 -0.326015302 0.642577655 0.268796337 0.568397438 -0.562962842 -0.468575791 0.374745138
173396.030530652 -0.327488535 0.633208222 0.267889496 0.569712594 -0.558901408 -0.474895414 0.370851888
173396.063864601 -0.328493726 0.620573473 0.267437171 0.571629917 -0.555142778 -0.480369220 0.366471209
173396.097198550 -0.329248977 0.605032889 0.267464251 0.573213513 -0.552130249 -0.485129637 0.362253630
173396.130532500 -0.329657941 0.587116517 0.267624810 0.574487148 -0.550316848 -0.488489990 0.358459779
173396.163866449 -0.330080997 0.566717343 0.268060092 0.575412997 -0.549452434 -0.490537423 0.355492534
173396.197200398 -0.330966658 0.544063214 0.268351683 0.575529741 -0.549076382 -0.492345326 0.353379009
173396.230534347 -0.331970731 0.519351768 0.268577198 0.574122698 -0.548474099 -0.495081687 0.352779553
173396.263868297 -0.333599860 0.493013875 0.268791578 0.570774039 -0.548792002 -0.498600459 0.352763260
173396.297202246 -0.335743695 0.465280925 0.269102705 0.566335704 -0.550581662 -0.501374668 0.353195621
173396.330536195 -0.338369353 0.436594186 0.269685409 0.561369182 -0.554010952 -0.503274779 0.353059490
173396.363870144 -0.341543806 0.407018063 0.270628917 0.556171943 -0.558555220 -0.504527562 0.352336167
173396.397204093 -0.345163059 0.376774360 0.271791709 0.550321956 -0.563469502 -0.505670723 0.352058212
173396.430538043 -0.349323520 0.346317507 0.273072711 0.544112920 -0.568300731 -0.507276759 0.351632903
173396.463871992 -0.353908894 0.315994181 0.274533585 0.538059787 -0.573229113 -0.508975158 0.350491567
173396.497205941 -0.358842819 0.285884172 0.276451221 0.531563743 -0.579533974 -0.509855519 0.348751646
173396.530539890 -0.364416865 0.256266811 0.279073924 0.523779499 -0.588138610 -0.509571320 0.346532944
173396.563873840 -0.370367361 0.227695641 0.282639255 0.515170816 -0.597872150 -0.508069863 0.344982518
173396.597207789 -0.376619538 0.200903523 0.286855124 0.505827548 -0.607350841 -0.506509977 0.344544758
173396.630541738 -0.382962319 0.176314607 0.291650321 0.495786016 -0.615441588 -0.505683372 0.345994515
173396.663875687 -0.390154592 0.154535012 0.296222817 0.485687242 -0.621607358 -0.506318945 0.348358036
173396.697209636 -0.397420045 0.135479733 0.300477409 0.476763433 -0.625661953 -0.507918861 0.351087141
173396.730543586 -0.404559900 0.119346057 0.305307364 0.469512247 -0.630036738 -0.507943847 0.352994346
173396.763877535 -0.411284181 0.106069944 0.311112306 0.466132174 -0.635491106 -0.505027903 0.351878769
173396.797211484 -0.417488373 0.095582860 0.317506589 0.467291865 -0.640919197 -0.500306863 0.347208782
173396.830545433 -0.423239098 0.087026127 0.323901224 0.471071068 -0.643909528 -0.496339980 0.342226815
173396.863879382 -0.428083065 0.080248506 0.330146130 0.475278768 -0.648489870 -0.491929410 0.334030592
173396.897213332 -0.432186733 0.074719539 0.335748226 0.478056472 -0.656944549 -0.485320543 0.323032259
