# timestamp tx ty tz qx qy qz qw
173373.363445186 0.002067085 0.003038380 0.000618882 0.526466132 -0.515873551 -0.441508940 0.511642207
173373.396779135 0.001859478 0.003013430 0.000971454 0.528125493 -0.518429996 -0.439651766 0.508940200
173373.430113085 0.001834667 0.002717905 0.000596238 0.527535883 -0.517045773 -0.442447893 0.508536549
173373.463447034 0.001905791 0.002179155 -0.000673400 0.519486511 -0.511179336 -0.452730287 0.513677660
173373.496780983 0.001905221 0.001943531 -0.001674952 0.506668749 -0.502481902 -0.466931416 0.522277484
173373.530114932 0.001573828 0.001576655 -0.002891842 0.490015201 -0.488432524 -0.489151866 0.531083068
173373.563448882 0.000411891 0.001191399 -0.003702711 0.462965782 -0.469767797 -0.518675415 0.544019039
173373.596782831 -0.003221222 0.001356430 -0.003125501 0.424327897 -0.442300008 -0.545221986 0.571882439
173373.630116780 -0.012555309 0.002469407 -0.000603684 0.363840601 -0.401490569 -0.572826338 0.615057173
173373.663450729 -0.028790389 0.005316087 0.005753849 0.285084918 -0.346133311 -0.589573408 0.671804672
173373.696784678 -0.048501405 0.011396392 0.019015713 0.205201118 -0.286544129 -0.597747814 0.720057299
173373.730118628 -0.067197283 0.022067145 0.038845481 0.146367847 -0.238872219 -0.609544059 0.741601346
173373.763452577 -0.081910649 0.037393532 0.062773897 0.120658092 -0.218670575 -0.635654071 0.730457874
173373.796786526 -0.090984195 0.055694172 0.087577530 0.129369160 -0.230871614 -0.675464341 0.688265822
173373.830120475 -0.056143982 0.036491315 0.113814002 0.166396725 -0.261270324 -0.720207071 0.620767043
173373.863454424 -0.111649569 0.031272692 0.136400835 0.211322240 -0.299575904 -0.743223054 0.559657645
173373.896788374 -0.105692455 0.053882481 0.157188474 0.249957388 -0.338554909 -0.757983119 0.498360782
173373.930122323 -0.092261205 0.082434834 0.195227692 0.293477910 -0.384855436 -0.758062904 0.437147165
173373.963456272 -0.087066055 0.090691573 0.228629179 0.328292705 -0.423926587 -0.739210980 0.407525797
173373.996790221 -0.093433142 0.096714739 0.265206081 0.345399475 -0.454257877 -0.706205378 0.419073917
173374.030124171 -0.093935221 0.105234317 0.287748595 0.342928002 -0.477650988 -0.664405986 0.461318333
173374.063458120 -0.105621651 0.114097333 0.317822509 0.324128868 -0.493753118 -0.618893042 0.517802798
173374.096792069 -0.122224110 0.134338693 0.355044331 0.292772389 -0.502392786 -0.576379163 0.574171470
173374.130126018 -0.138581234 0.147991952 0.379579851 0.267296834 -0.507085383 -0.539098540 0.617081503
173374.163459967 -0.160127634 0.163665699 0.391895033 0.263438181 -0.511373021 -0.520523384 0.630993949
173374.196793917 -0.182120691 0.201664434 0.404059584 0.273881984 -0.511963102 -0.536410712 0.612491624
173374.230127866 -0.200587361 0.231304302 0.401141263 0.306959818 -0.509176470 -0.557496538 0.579407113
173374.263461815 -0.223721505 0.261921067 0.391572017 0.336125451 -0.500607385 -0.579734345 0.548014614
173374.296795764 -0.251929096 0.292338102 0.380524195 0.352298741 -0.480335150 -0.599998041 0.534009449
173374.330129713 -0.277023244 0.311779619 0.366585604 0.355441688 -0.458943145 -0.613757113 0.535102423
173374.363463663 -0.309774221 0.330766787 0.354132256 0.355057561 -0.431002637 -0.627196794 0.542950308
173374.396797612 -0.337646169 0.350233017 0.334758440 0.361560596 -0.406343376 -0.644404790 0.537495547
173374.430131561 -0.367626431 0.371298657 0.315223236 0.374934601 -0.383976297 -0.669761633 0.513230555
173374.463465510 -0.398909074 0.391893007 0.294337201 0.385852734 -0.361183141 -0.702408282 0.476746277
173374.496799460 -0.431006012 0.412154426 0.272384490 0.385772478 -0.340191507 -0.740195521 0.433081892
173374.530133409 -0.464122712 0.423657128 0.251133144 0.371164526 -0.317438897 -0.764487309 0.420747663
173374.563467358 -0.488110524 0.435096228 0.238597448 0.350242445 -0.302699563 -0.763090617 0.450994362
173374.596801307 -0.500620913 0.446484651 0.227180866 0.352938982 -0.288174977 -0.742410527 0.491137320
173374.630135256 -0.509098069 0.458647910 0.215372819 0.363365133 -0.284311393 -0.731936695 0.501399528
173374.663469206 -0.516050129 0.471634934 0.204515487 0.380311719 -0.287785244 -0.733055009 0.484946393
173374.696803155 -0.528903960 0.473772975 0.197484737 0.403140120 -0.289915082 -0.732514049 0.465672049
173374.730137104 -0.536623113 0.473809375 0.191685309 0.420205054 -0.294606866 -0.734891126 0.443361636
173374.763471053 -0.550067833 0.468033573 0.186388131 0.435546430 -0.304480747 -0.738937183 0.414201186
173374.796805002 -0.558976895 0.465785233 0.183800595 0.454552691 -0.315619237 -0.730434060 0.400290435
173374.830138952 -0.564398492 0.458872971 0.181634847 0.484566459 -0.321816945 -0.701511845 0.411716324
173374.863472901 -0.568328652 0.455340072 0.178261557 0.512307504 -0.325721815 -0.682606927 0.406809665
173374.896806850 -0.574412210 0.449350761 0.177041901 0.535791232 -0.329362297 -0.661741897 0.408100349
173374.930140799 -0.573528755 0.445870143 0.174733698 0.553587589 -0.332767119 -0.645379760 0.407788904
173374.963474749 -0.570316500 0.440109375 0.172674690 0.572137126 -0.336779295 -0.632750488 0.398579523
173374.996808698 -0.563079060 0.434525169 0.175524247 0.591401337 -0.345091450 -0.623280242 0.377727533
173375.030142647 -0.555813942 0.425735965 0.179867761 0.609731670 -0.360320799 -0.614914129 0.346809496
173375.063476596 -0.549033455 0.415356328 0.185033373 0.624079955 -0.378274318 -0.606528747 0.315524371
173375.096810545 -0.540599946 0.404682284 0.191475716 0.635944413 -0.399737497 -0.592610813 0.290855741
173375.130144495 -0.531303008 0.395655844 0.198514539 0.643908256 -0.422746884 -0.578535778 0.268260291
173375.163478444 -0.520439594 0.388540964 0.206276587 0.648702346 -0.446690622 -0.564084933 0.247913178
173375.196812393 -0.509714468 0.383212521 0.213817461 0.653158806 -0.467170029 -0.547664716 0.234944883
173375.230146342 -0.499667642 0.380068968 0.219661666 0.656463500 -0.469041266 -0.542844419 0.233186409
173375.263480291 -0.487412461 0.379324954 0.222637571 0.663044585 -0.460092360 -0.539460946 0.240143262
173375.296814241 -0.474203616 0.379517235 0.225994542 0.671789264 -0.453838143 -0.529272200 0.250202044
173375.330148190 -0.460219771 0.380120760 0.228747527 0.678796002 -0.454858464 -0.512428435 0.264115247
173375.363482139 -0.445882299 0.381035230 0.231169924 0.678371484 -0.462462257 -0.497392467 0.280252608
173375.396816088 -0.430460681 0.381292798 0.232581923 0.670823008 -0.479213069 -0.481039778 0.298248316
173375.430150038 -0.415056327 0.382121720 0.235648032 0.658676484 -0.500632120 -0.463700108 0.317009433
173375.463483987 -0.400395537 0.382373632 0.239171704 0.641089629 -0.531158748 -0.442540310 0.333215464
173375.496817936 -0.385710805 0.382718006 0.245227211 0.622659825 -0.559900788 -0.421323901 0.348270039
173375.530151885 -0.374433419 0.385243595 0.253377265 0.611298067 -0.572979048 -0.411387780 0.358845062
173375.563485834 -0.365067787 0.389097856 0.263781488 0.603580371 -0.574185907 -0.414263887 0.366587931
173375.596819784 -0.359443298 0.393302274 0.273793992 0.593471716 -0.568034137 -0.424165861 0.381066744
173375.630153733 -0.357495123 0.396761614 0.285788650 0.581206072 -0.559696118 -0.437813127 0.396559482
173375.663487682 -0.357631936 0.399993415 0.301329401 0.573069998 -0.549119962 -0.453265157 0.405720030
173375.696821631 -0.359884785 0.404325799 0.320107395 0.568933233 -0.538211903 -0.467189412 0.410337638
173375.730155580 -0.363429455 0.407199913 0.341538924 0.567321434 -0.532879821 -0.473986667 0.411730648
173375.763489530 -0.368020216 0.407091923 0.365406870 0.569312077 -0.533317926 -0.473750290 0.408676415
173375.796823479 -0.372728651 0.406504580 0.389947620 0.574178351 -0.537340801 -0.469988364 0.400867837
173375.830157428 -0.377363353 0.405109266 0.414422722 0.581998994 -0.544772414 -0.461092490 0.389735685
173375.863491377 -0.383627419 0.402543662 0.436990427 0.592152031 -0.551932098 -0.449631955 0.377568584
173375.896825327 -0.389280630 0.399951629 0.458821697 0.602890858 -0.556395415 -0.438073998 0.367475070
173375.930159276 -0.396176653 0.396062196 0.477841402 0.613141852 -0.558386153 -0.428466711 0.358717509
173375.963493225 -0.403809238 0.391842587 0.494676599 0.621053425 -0.561029040 -0.419383744 0.351648026
173375.996827174 -0.412076035 0.386217805 0.510683955 0.627223122 -0.568532650 -0.406190327 0.344051157
173376.030161123 -0.418992041 0.379139546 0.526438121 0.631887174 -0.579741063 -0.390648480 0.334682931
173376.063495073 -0.426148529 0.372307398 0.539452152 0.634541576 -0.590696033 -0.375989868 0.327210641
173376.096829022 -0.434146071 0.363406632 0.549345624 0.635929326 -0.596953340 -0.367053931 0.323283179
173376.130162971 -0.442604046 0.354469994 0.557211272 0.636580520 -0.600878982 -0.363451171 0.318767843
173376.163496920 -0.448619438 0.344713837 0.565489276 0.637438371 -0.606851805 -0.357893293 0.311954485
173376.196830869 -0.453251902 0.335829868 0.573522585 0.638521948 -0.613270345 -0.350181480 0.305879285
173376.230164819 -0.456757829 0.329897018 0.580689685 0.642701351 -0.616080836 -0.341547876 0.301204955
173376.263498768 -0.458334153 0.325812019 0.586135459 0.649663182 -0.610975989 -0.335099110 0.303899123
173376.296832717 -0.458479085 0.324810323 0.588817682 0.655645432 -0.598904411 -0.332819841 0.317290920
173376.330166666 -0.457068258 0.326655707 0.589458980 0.659088797 -0.585249716 -0.332934800 0.335021114
173376.363500616 -0.454125268 0.329953108 0.589451595 0.659694436 -0.574815709 -0.332208362 0.352175746
173376.396834565 -0.449584570 0.334932558 0.589184656 0.659259857 -0.568685706 -0.329990964 0.364799908
173376.430168514 -0.443484527 0.340619546 0.588995267 0.656802814 -0.565901647 -0.327653390 0.375511179
173376.463502463 -0.435829788 0.347627769 0.587754523 0.650389112 -0.565816430 -0.326040305 0.387999344
173376.496836412 -0.425916210 0.354266179 0.587311016 0.643351593 -0.569127542 -0.325856575 0.394981089
173376.530170362 -0.413126348 0.360867207 0.587909536 0.636002267 -0.575398303 -0.324853540 0.398607685
173376.563504311 -0.398314690 0.367583046 0.588524179 0.627864663 -0.581002591 -0.324365272 0.403743886
173376.596838260 -0.380508076 0.374400805 0.588106695 0.618322874 -0.583871488 -0.329433418 0.410176221
173376.630172209 -0.360741003 0.380600945 0.587362491 0.609647053 -0.582417997 -0.339697107 0.416804059
173376.663506158 -0.338332335 0.387465964 0.587817859 0.606222734 -0.579235042 -0.347374722 0.419894708
173376.696840108 -0.312804953 0.394606884 0.589658447 0.604633537 -0.578845311 -0.350016199 0.420529490
173376.730174057 -0.286916522 0.400693354 0.592019139 0.601096310 -0.583895121 -0.349872347 0.418735065
173376.763508006 -0.260908918 0.406886557 0.594300984 0.596986560 -0.591936675 -0.347291013 0.415459953
173376.796841955 -0.235813927 0.412642433 0.595983787 0.592785158 -0.600643474 -0.344252558 0.411489186
173376.830175905 -0.211679491 0.417677551 0.596516944 0.590433979 -0.605069617 -0.344479163 0.408182044
173376.863509854 -0.189390182 0.421919799 0.596010868 0.588186099 -0.608246867 -0.346218219 0.405223156
173376.896843803 -0.170184788 0.424056157 0.595188492 0.583956202 -0.614173594 -0.347302129 0.401456326
173376.930177752 -0.153724983 0.424409351 0.593390729 0.577596225 -0.621955547 -0.349202341 0.397003303
173376.963511701 -0.140852457 0.424718272 0.589570012 0.569342321 -0.628443061 -0.355544436 0.393060803
173376.996845651 -0.131640678 0.425595323 0.584437462 0.560465142 -0.632167215 -0.366779256 0.389507913
173377.030179600 -0.125739404 0.426338546 0.579181158 0.552390930 -0.635151799 -0.378440346 0.385005659
173377.063513549 -0.123048199 0.427282109 0.574318061 0.545967581 -0.637365248 -0.388349079 0.380617832
173377.096847498 -0.124440778 0.429875335 0.570080995 0.540946126 -0.638149635 -0.397106892 0.377423434
173377.130181447 -0.129815414 0.433209081 0.566295005 0.537096582 -0.637687322 -0.404946766 0.375366829
173377.163515397 -0.139873259 0.438140294 0.562865751 0.536354461 -0.634006048 -0.411271918 0.375786684
173377.196849346 -0.154395861 0.444307555 0.559329064 0.536795914 -0.629512767 -0.414443843 0.379209868
173377.230183295 -0.173510186 0.451290764 0.554226911 0.536094042 -0.624667175 -0.416645887 0.385746423
173377.263517244 -0.197162167 0.458625084 0.546529396 0.533135098 -0.619384590 -0.422714050 0.391717409
173377.296851194 -0.223194526 0.465873725 0.537382633 0.530171884 -0.615491233 -0.431881911 0.391875402
173377.330185143 -0.248766637 0.472894586 0.528131012 0.530109116 -0.613784240 -0.439409189 0.386228943
173377.363519092 -0.272512961 0.478786395 0.518921118 0.529182644 -0.614626340 -0.444626252 0.380141668
173377.396853041 -0.294297206 0.483566656 0.510529378 0.525169151 -0.615561142 -0.452072157 0.375383282
173377.430186990 -0.314118730 0.488306798 0.502076511 0.519688985 -0.616780734 -0.458836121 0.372792569
173377.463520940 -0.331480621 0.492477148 0.495741485 0.516278377 -0.617300624 -0.461717177 0.373113690
173377.496854889 -0.347024599 0.496014531 0.490791843 0.514408836 -0.617583509 -0.461734703 0.375200244
173377.530188838 -0.360234031 0.499817074 0.486854188 0.514691249 -0.615920760 -0.461913472 0.377320130
173377.563522787 -0.370482833 0.504329318 0.484086705 0.517663296 -0.613406097 -0.460997531 0.378469218
173377.596856736 -0.378054414 0.509612852 0.482071978 0.522797483 -0.611708415 -0.457899391 0.377920303
173377.630190686 -0.382263017 0.515071545 0.481204377 0.528381383 -0.610880466 -0.454758132 0.375277513
173377.663524635 -0.383495201 0.521026476 0.481222994 0.533857276 -0.610439605 -0.452365296 0.371113912
173377.696858584 -0.382873595 0.527210255 0.481757056 0.540935353 -0.608208577 -0.450007072 0.367375702
173377.730192533 -0.380588647 0.532866459 0.482507821 0.550814388 -0.603606692 -0.446139613 0.364995777
173377.763526483 -0.376530337 0.538032680 0.484226940 0.560970609 -0.598869301 -0.439622757 0.365238780
173377.796860432 -0.371719926 0.541661547 0.486483786 0.567692441 -0.596138943 -0.431812279 0.368621498
173377.830194381 -0.365648859 0.543744767 0.488375385 0.569631025 -0.594874643 -0.425968655 0.374426707
173377.863528330 -0.358675673 0.544308811 0.490568019 0.568225745 -0.595351900 -0.421996481 0.380255951
173377.896862279 -0.350609427 0.542780673 0.492792740 0.566163488 -0.596753476 -0.419232144 0.384172622
173377.930196229 -0.341153546 0.539117293 0.496037931 0.564290651 -0.600215362 -0.415934137 0.385118651
173377.963530178 -0.331330703 0.532795395 0.500215122 0.560802154 -0.607129508 -0.411011451 0.384661269
173377.996864127 -0.321490974 0.523426756 0.505334680 0.556455640 -0.616080840 -0.405909040 0.382150980
173378.030198076 -0.312287510 0.511608352 0.510793106 0.550545357 -0.625680009 -0.402978991 0.378196072
173378.063532025 -0.304023369 0.497036289 0.516448376 0.542641036 -0.636017899 -0.401853888 0.373544363
173378.096865975 -0.297244772 0.479666361 0.522216192 0.532984236 -0.646515697 -0.403923185 0.367139372
173378.130199924 -0.292731472 0.459407320 0.528358493 0.520482975 -0.659457505 -0.407967392 0.357457521
173378.163533873 -0.290890997 0.436546777 0.534645541 0.504445360 -0.675571287 -0.411379484 0.346273353
173378.196867822 -0.293128133 0.411410072 0.540475119 0.484126646 -0.692852549 -0.417097384 0.334075602
173378.230201772 -0.299550285 0.384777842 0.545651452 0.460389320 -0.712075648 -0.422471423 0.320168459
173378.263535721 -0.310248041 0.356676802 0.549611930 0.434994628 -0.731394626 -0.427766181 0.304725565
173378.296869670 -0.324889078 0.328824809 0.551390276 0.409381426 -0.748407090 -0.435194013 0.287923334
173378.330203619 -0.343251474 0.301468707 0.550747317 0.383118255 -0.762382001 -0.445948543 0.270414469
173378.363537568 -0.365281322 0.275201992 0.547694992 0.355509472 -0.773300315 -0.460549255 0.252019883
173378.396871518 -0.390772427 0.250758315 0.542767502 0.325748175 -0.783081692 -0.476516279 0.231524137
173378.430205467 -0.418792452 0.228584665 0.536372511 0.295782911 -0.791419925 -0.492752523 0.208235258
173378.463539416 -0.448065023 0.209300392 0.528718069 0.266578373 -0.798191864 -0.508081121 0.183519193
173378.496873365 -0.478079221 0.192760559 0.520295160 0.238369100 -0.803204866 -0.521858850 0.160329212
173378.530207314 -0.507846654 0.179277570 0.511341966 0.210135542 -0.806863412 -0.533885805 0.140642939
173378.563541264 -0.536085873 0.168853423 0.502234017 0.183615711 -0.808685411 -0.544576663 0.125496752
173378.596875213 -0.561774798 0.161229216 0.493322369 0.158908207 -0.809593847 -0.553002777 0.116163305
173378.630209162 -0.582971690 0.155821940 0.485518962 0.136959156 -0.809724305 -0.559071586 0.114138959
173378.663543111 -0.598539933 0.152677188 0.477696058 0.120658198 -0.806923329 -0.566113171 0.117610448
173378.696877061 -0.607664113 0.151205902 0.469795415 0.113124515 -0.799453200 -0.576733834 0.124320191
173378.730211010 -0.609851633 0.152132824 0.459986741 0.114856488 -0.787971129 -0.589772143 0.134455591
173378.763544959 -0.606229826 0.153682449 0.450694560 0.119069160 -0.776315250 -0.600378344 0.150675185
173378.796878908 -0.596572142 0.155550172 0.442465013 0.121665617 -0.768976564 -0.602497250 0.175697427
173378.830212857 -0.582781628 0.158240110 0.434524084 0.125377762 -0.767468168 -0.592780396 0.209486110
173378.863546807 -0.563741499 0.163014344 0.425972798 0.132069968 -0.767236712 -0.576015994 0.249220639
173378.896880756 -0.540978845 0.170716959 0.417038538 0.146745809 -0.763295913 -0.557922793 0.290804355
173378.930214705 -0.516620177 0.183593764 0.404588448 0.169978582 -0.753554043 -0.541944064 0.330998818
173378.963548654 -0.491260501 0.199954368 0.392147040 0.199571220 -0.739410090 -0.527365704 0.367871528
173378.996882603 -0.466439750 0.219472674 0.379702136 0.231338893 -0.723211166 -0.513861475 0.399242171
173379.030216553 -0.443148618 0.241814277 0.368360361 0.264444082 -0.708011031 -0.498381283 0.424742046
173379.063550502 -0.421842795 0.266755059 0.358372313 0.300756066 -0.691737503 -0.480980127 0.446881565
173379.096884451 -0.404323723 0.293603794 0.350249658 0.339006381 -0.671751935 -0.464768869 0.466705377
173379.130218400 -0.390391868 0.321078445 0.344856707 0.377401179 -0.649619436 -0.449934852 0.482826643
173379.163552350 -0.379701982 0.347636534 0.342591331 0.413556761 -0.629788499 -0.433134514 0.494703694
173379.196886299 -0.371866848 0.372974884 0.342912840 0.447449827 -0.612054668 -0.414957819 0.502978871
173379.230220248 -0.365948206 0.396521571 0.345566921 0.479978009 -0.596233788 -0.395314977 0.507791738
173379.263554197 -0.361220820 0.417537963 0.348721546 0.508391422 -0.579834835 -0.378838641 0.511674712
173379.296888146 -0.358228704 0.435063520 0.353194145 0.530576546 -0.565842492 -0.367752902 0.512902141
173379.330222096 -0.355358132 0.450036196 0.358794106 0.546266216 -0.555508705 -0.356702725 0.515525427
173379.363556045 -0.353687117 0.462961273 0.364913007 0.557618250 -0.549369682 -0.345769923 0.517395400
173379.396889994 -0.352628725 0.474052533 0.370947484 0.567819231 -0.546115484 -0.332275912 0.518586462
173379.430223943 -0.351435623 0.484013751 0.376256389 0.579210397 -0.541980056 -0.318189727 0.519161085
173379.463557892 -0.350069245 0.492228277 0.380507137 0.591001637 -0.534788274 -0.304303859 0.521649048
173379.496891842 -0.349093776 0.497143096 0.382934011 0.598983996 -0.526294600 -0.295426782 0.526265317
173379.530225791 -0.348178910 0.498953119 0.383869892 0.603302809 -0.519133695 -0.290490376 0.531169717
173379.563559740 -0.346306662 0.496440795 0.384510261 0.605877569 -0.517926832 -0.286212592 0.531739147
173379.596893689 -0.343743999 0.489773820 0.384982212 0.606994898 -0.522628746 -0.283241882 0.527437602
173379.630227639 -0.339923999 0.479342193 0.384994729 0.605474718 -0.531660580 -0.283113291 0.520177141
173379.663561588 -0.335420847 0.463756608 0.384034491 0.601796712 -0.542977540 -0.286963396 0.510556675
173379.696895537 -0.331863275 0.446938035 0.382936457 0.596904929 -0.553945491 -0.293344754 0.500797119
173379.730229486 -0.328793761 0.427880733 0.381992303 0.590593739 -0.566327452 -0.300421350 0.490121685
173379.763563435 -0.326592868 0.407693097 0.381405590 0.582532839 -0.579244060 -0.307328661 0.480292520
173379.796897385 -0.325726722 0.386419606 0.380436270 0.570617095 -0.592066194 -0.318253737 0.471771461
173379.830231334 -0.325976160 0.364844150 0.379615535 0.557315563 -0.604291033 -0.329961518 0.464065844
173379.863565283 -0.326960150 0.343784683 0.378977215 0.544356544 -0.615838356 -0.340000264 0.456967058
173379.896899232 -0.328724444 0.324035772 0.378200593 0.532580409 -0.626246480 -0.349156251 0.449736996
173379.930233181 -0.330750430 0.306602262 0.377102420 0.523695442 -0.634310651 -0.357615594 0.442158534
173379.963567131 -0.333232549 0.291987955 0.375629669 0.517075305 -0.640395739 -0.364670330 0.435364190
173379.996901080 -0.336086500 0.280591884 0.374274515 0.511592980 -0.644763388 -0.369567350 0.431245603
173380.030235029 -0.339481886 0.272213322 0.372734449 0.505798999 -0.647438929 -0.374252204 0.430029642
173380.063568978 -0.343079976 0.266276240 0.370810766 0.499032985 -0.648924058 -0.379583702 0.431021879
173380.096902928 -0.346844457 0.262602151 0.368735726 0.492727761 -0.649726948 -0.384413686 0.432782122
173380.130236877 -0.350465371 0.261329277 0.366787905 0.487991708 -0.650136651 -0.388985078 0.433447850
173380.163570826 -0.353486576 0.261770024 0.364645389 0.485703426 -0.649216125 -0.393762773 0.433083690
173380.196904775 -0.355564543 0.263868474 0.362656865 0.485840265 -0.647014535 -0.398168161 0.432196187
173380.230238724 -0.356419116 0.267136391 0.360837612 0.487637606 -0.643286854 -0.402041598 0.432150601
173380.263572674 -0.357409826 0.273286074 0.359141834 0.490726576 -0.638415394 -0.405577023 0.432574260
173380.296906623 -0.357143080 0.280254685 0.358012592 0.495525081 -0.632289458 -0.408523690 0.433328201
173380.330240572 -0.355766157 0.288252370 0.358136262 0.501415828 -0.626146257 -0.410004005 0.434073436
173380.363574521 -0.354166663 0.298015419 0.359391885 0.507373623 -0.621312101 -0.410160405 0.433948984
173380.396908470 -0.352358504 0.308115560 0.361584124 0.512293586 -0.617435661 -0.410538574 0.433343472
173380.430242420 -0.350453805 0.319000592 0.364714694 0.516009128 -0.614174558 -0.411752997 0.432416075
173380.463576369 -0.348291029 0.330784264 0.368631960 0.519569191 -0.611026344 -0.412476493 0.431923379
173380.496910318 -0.345787985 0.343063036 0.373299087 0.523879353 -0.608185977 -0.411919689 0.431256780
173380.530244267 -0.343319754 0.355964987 0.378249733 0.528928485 -0.605733967 -0.410877193 0.429535739
173380.563578217 -0.341465283 0.368854763 0.382820458 0.533889013 -0.603377565 -0.411402798 0.426199218
173380.596912166 -0.339808535 0.381949758 0.386906504 0.538694942 -0.601735881 -0.412608766 0.421278644
173380.630246115 -0.338568920 0.395361142 0.390304725 0.543713132 -0.600693030 -0.413644389 0.415261644
173380.663580064 -0.337343435 0.408317168 0.393274132 0.548934306 -0.599394298 -0.414250804 0.409626507
173380.696914013 -0.336198474 0.420876735 0.395441643 0.554217497 -0.596686271 -0.415472300 0.405205167
173380.730247963 -0.335406769 0.432461859 0.397044389 0.559164264 -0.593511825 -0.416388646 0.402118807
173380.763581912 -0.335094488 0.443466060 0.398472555 0.563272061 -0.591194088 -0.415436808 0.400782228
173380.796915861 -0.335171618 0.453664904 0.399353278 0.564378125 -0.589871197 -0.413995678 0.402662243
173380.830249810 -0.335562093 0.462280549 0.399393549 0.562662363 -0.588714289 -0.414137040 0.406592011
173380.863583759 -0.336248168 0.469591347 0.398667684 0.559543556 -0.587770802 -0.414862089 0.411492333
173380.896917709 -0.335729204 0.474669862 0.397500140 0.555592266 -0.587137277 -0.415220947 0.417347119
173380.930251658 -0.334337778 0.477313476 0.395629716 0.550860777 -0.586387569 -0.416045504 0.423802032
173380.963585607 -0.332698782 0.477232418 0.392878569 0.544869082 -0.585725492 -0.418476896 0.430023743
173380.996919556 -0.329754205 0.473764313 0.389668377 0.537990378 -0.585116338 -0.421694021 0.436324852
173381.030253506 -0.325806402 0.467158928 0.386378993 0.530699324 -0.586077968 -0.424742852 0.440981125
173381.063587455 -0.320832617 0.457561812 0.383152372 0.523652284 -0.587526530 -0.427393470 0.444899632
173381.096921404 -0.315785111 0.445650313 0.379898821 0.517442640 -0.587838417 -0.430369837 0.448866253
173381.130255353 -0.310522960 0.432132101 0.377683984 0.512703857 -0.587834096 -0.431865008 0.452855877
173381.163589302 -0.305637907 0.417958559 0.376893239 0.509371499 -0.588638976 -0.430859463 0.456513916
173381.196923252 -0.301505214 0.403568120 0.377753360 0.505332366 -0.592323823 -0.427904255 0.459009408
173381.230257201 -0.298780487 0.389970877 0.379445607 0.499140206 -0.597745357 -0.425801566 0.460708768
173381.263591150 -0.297473882 0.377546901 0.381658355 0.492609623 -0.602784528 -0.424949836 0.461956935
173381.296925099 -0.297182329 0.366239173 0.384730011 0.487327780 -0.608466012 -0.422727264 0.462149767
173381.330259049 -0.297797877 0.356796060 0.387757631 0.483545432 -0.612840426 -0.420606096 0.462277990
173381.363592998 -0.299066281 0.349265742 0.390582088 0.481707882 -0.615838352 -0.419690027 0.461043297
173381.396926947 -0.300984493 0.343377119 0.393196528 0.481118236 -0.618012784 -0.418604639 0.459734270
173381.430260896 -0.303280043 0.338717471 0.395311710 0.481382157 -0.618829756 -0.417581071 0.459289670
173381.463594845 -0.306125703 0.335349970 0.396893748 0.481944361 -0.618869742 -0.417188675 0.459002707
173381.496928795 -0.309319935 0.332818329 0.397653520 0.482602114 -0.617404482 -0.418350192 0.459227636
173381.530262744 -0.312731653 0.331079520 0.397858824 0.484033317 -0.615510216 -0.419642223 0.459085315
173381.563596693 -0.315879643 0.330178023 0.397958000 0.488776471 -0.612847468 -0.419537087 0.457716259
173381.596930642 -0.318736346 0.329534772 0.398075160 0.496572778 -0.610104275 -0.417861496 0.454510748
173381.630264591 -0.321802563 0.329341710 0.397836654 0.504891198 -0.607142077 -0.416741423 0.450322067
173381.663598541 -0.324741970 0.328954808 0.397405809 0.513053335 -0.604274855 -0.416463140 0.445181567
173381.696932490 -0.327695706 0.328867716 0.396937638 0.521248930 -0.601597029 -0.415230512 0.440413658
173381.730266439 -0.330934277 0.329021504 0.395898137 0.529214128 -0.597194321 -0.414629258 0.437463060
173381.763600388 -0.334531687 0.329494175 0.394327789 0.536393317 -0.591826028 -0.414855563 0.435796998
173381.796934338 -0.338243326 0.330523749 0.392502469 0.542568836 -0.586574317 -0.415055003 0.435062034
173381.830268287 -0.342482531 0.331672187 0.390573533 0.547504949 -0.582708877 -0.414190377 0.434896570
173381.863602236 -0.346664983 0.332961854 0.388670858 0.551520002 -0.580247248 -0.412214847 0.434991654
173381.896936185 -0.350719286 0.334097569 0.386521708 0.554608577 -0.578073497 -0.410618234 0.435468740
173381.930270134 -0.354423894 0.335052857 0.384216074 0.557041596 -0.575652674 -0.409322331 0.436788151
173381.963604084 -0.357433732 0.336006225 0.382021256 0.559531007 -0.572933888 -0.407335479 0.439032595
173381.996938033 -0.359982073 0.336633537 0.379923689 0.561953035 -0.569460124 -0.405399019 0.442239289
173382.030271982 -0.361858044 0.336997742 0.378096805 0.563939707 -0.565219187 -0.403979844 0.446429797
173382.063605931 -0.363166612 0.337487724 0.376846838 0.565742386 -0.560835899 -0.401652672 0.451745258
173382.096939880 -0.363999459 0.338155659 0.376274732 0.566854238 -0.557493793 -0.398304212 0.457417423
173382.130273830 -0.364276511 0.338914738 0.376165586 0.568093717 -0.554385212 -0.394050856 0.463303883
173382.163607779 -0.364269995 0.339862883 0.376236692 0.569455538 -0.551303700 -0.390033963 0.468676998
173382.196941728 -0.364279252 0.341104733 0.376259206 0.570857702 -0.548210599 -0.386346765 0.473627280
173382.230275677 -0.363906140 0.342425702 0.376426065 0.572171702 -0.545607116 -0.382515048 0.478136650
173382.263609627 -0.363512786 0.343735078 0.376448865 0.572714951 -0.543535600 -0.379504388 0.482227182
173382.296943576 -0.363203672 0.344917016 0.376268456 0.572263873 -0.541555124 -0.377942286 0.486201332
173382.330277525 -0.363305990 0.346070195 0.375753606 0.571088226 -0.539723927 -0.377351783 0.490063212
173382.363611474 -0.363503167 0.347176382 0.375019253 0.569484557 -0.537745459 -0.377509469 0.493967369
173382.396945423 -0.363755489 0.348354112 0.374198702 0.568221601 -0.535407157 -0.378268166 0.497369665
173382.430279373 -0.364141738 0.349637814 0.373386840 0.567278527 -0.532921283 -0.380087343 0.499723514
173382.463613322 -0.364762623 0.350842778 0.372715594 0.566035804 -0.531111970 -0.382766066 0.501012657
173382.496947271 -0.365674238 0.351611919 0.372138718 0.563153125 -0.531761450 -0.386828500 0.500451826
173382.530281220 -0.366572644 0.351609854 0.371404725 0.558734844 -0.534835090 -0.393133996 0.497204648
173382.563615169 -0.367001338 0.350506490 0.370456472 0.554241825 -0.539549156 -0.402792037 0.489347813
173382.596949119 -0.366426358 0.348741716 0.370166178 0.552686873 -0.546138195 -0.412016886 0.475933165
173382.630283068 -0.364188607 0.345667138 0.371454527 0.554882785 -0.555368732 -0.418230253 0.456896183
173382.663617017 -0.361280921 0.341548946 0.374647921 0.558095589 -0.566820335 -0.422341451 0.434593741
173382.696950966 -0.358900937 0.336640404 0.379792554 0.559741172 -0.579589172 -0.425779806 0.411676778
173382.730284916 -0.357360794 0.331909484 0.387571797 0.558461893 -0.593259077 -0.427959319 0.391171065
173382.763618865 -0.357275014 0.327921059 0.398345606 0.553813168 -0.610425820 -0.425713142 0.373416141
173382.796952814 -0.359189317 0.325271605 0.411622543 0.545309523 -0.630967745 -0.419734570 0.358245893
173382.830286763 -0.361586986 0.325459486 0.427003484 0.533808766 -0.653551514 -0.409557033 0.346672260
173382.863620712 -0.360488570 0.329954212 0.444241464 0.531011718 -0.670137774 -0.392378835 0.339088144
173382.896954662 -0.359220346 0.337057113 0.460599105 0.533344011 -0.681809863 -0.378713295 0.327499185
173382.930288611 -0.360322312 0.344455237 0.476526442 0.534748170 -0.693451817 -0.368995845 0.311465951
173382.963622560 -0.364998647 0.351759812 0.494453312 0.532013029 -0.713283145 -0.353009799 0.289090597
173382.996956509 -0.372760909 0.359130219 0.513046354 0.527852868 -0.736391247 -0.331306436 0.263316020
173383.030290458 -0.379311185 0.367700439 0.531647387 0.525915942 -0.752919862 -0.310979978 0.244572191
173383.063624408 -0.384421880 0.377629028 0.550176808 0.527644436 -0.763464835 -0.292830933 0.230136569
173383.096958357 -0.388838742 0.387483607 0.567397249 0.531628428 -0.769964327 -0.277165432 0.218415826
173383.130292306 -0.392018549 0.396609498 0.582965728 0.533028786 -0.775296472 -0.264589411 0.211632081
173383.163626255 -0.393791705 0.404833221 0.596071361 0.533421996 -0.778324426 -0.253896923 0.212622707
173383.196960205 -0.393950869 0.412409030 0.604781690 0.533132448 -0.776434581 -0.252489002 0.221739573
173383.230294154 -0.390993777 0.419053060 0.608630249 0.532088323 -0.769253082 -0.261546730 0.238170150
173383.263628103 -0.386418378 0.424629221 0.608211758 0.529502385 -0.759731464 -0.275665689 0.257766861
173383.296962052 -0.381961401 0.429181428 0.603835369 0.523517195 -0.750178966 -0.293547225 0.277473049
173383.330296001 -0.377112686 0.433180316 0.596332614 0.516153247 -0.739903231 -0.312116449 0.297846198
173383.363629951 -0.371639772 0.437031274 0.586199182 0.510815136 -0.728310327 -0.327775561 0.318111846
173383.396963900 -0.366451323 0.440361542 0.573076955 0.503819838 -0.716328429 -0.345086851 0.337571055
173383.430297849 -0.363256469 0.442648013 0.556088219 0.493140200 -0.703092264 -0.370337006 0.354012026
173383.463631798 -0.361104545 0.443447248 0.535264817 0.477938799 -0.685408035 -0.406315548 0.369726934
173383.496965747 -0.361446458 0.443323328 0.510606900 0.456215258 -0.660078641 -0.453471369 0.387978792
173383.530299697 -0.364701392 0.442819747 0.483739050 0.425159456 -0.629259342 -0.508311390 0.406068526
173383.563633646 -0.370895850 0.441836631 0.456302340 0.387091545 -0.594070826 -0.561218836 0.426934898
173383.596967595 -0.379695371 0.440275872 0.430743259 0.344743936 -0.560688214 -0.602753558 0.451074820
173383.630301544 -0.389341771 0.438011027 0.408875880 0.306367616 -0.533304285 -0.629416568 0.474931792
173383.663635494 -0.397766485 0.434699605 0.391591698 0.278506770 -0.515500249 -0.640420017 0.496543729
173383.696969443 -0.405378051 0.429695001 0.377556275 0.257276887 -0.504636701 -0.643528724 0.514802083
173383.730303392 -0.413846704 0.422777599 0.366164689 0.235930355 -0.497318195 -0.645582224 0.529372338
173383.763637341 -0.422890798 0.413644813 0.357362022 0.215592166 -0.492353821 -0.647792266 0.539882314
173383.796971290 -0.432173593 0.404042428 0.351089501 0.199263873 -0.486398179 -0.659858575 0.536933311
173383.830305240 -0.439965602 0.394100581 0.350288817 0.195810534 -0.488846951 -0.664664153 0.530007979
173383.863639189 -0.443564777 0.382841835 0.353410349 0.204442587 -0.502664539 -0.662779834 0.515998529
173383.896973138 -0.443308874 0.370655987 0.360029644 0.221571277 -0.526778398 -0.654999438 0.494354554
173383.930307087 -0.440421433 0.357855636 0.370690647 0.243121543 -0.555637212 -0.643279836 0.467279634
173383.963641036 -0.437015240 0.345314613 0.385166361 0.267150314 -0.582758102 -0.632753637 0.434334593
173383.996974986 -0.433391471 0.332986424 0.403866949 0.295409788 -0.605030964 -0.620029200 0.402783292
173384.030308935 -0.430295121 0.323009210 0.426824745 0.326344791 -0.623993601 -0.604800410 0.371950976
173384.063642884 -0.428138749 0.314522067 0.454132893 0.358880778 -0.643461757 -0.583826463 0.341039904
173384.096976833 -0.426651337 0.308344296 0.484757040 0.393141449 -0.662963412 -0.555089805 0.312721319
173384.130310783 -0.425584033 0.304549052 0.517541958 0.427856920 -0.682733382 -0.515485995 0.291698088
173384.163644732 -0.424480862 0.302498370 0.550667445 0.462487562 -0.700254406 -0.470117518 0.273383507
173384.196978681 -0.424770925 0.304160663 0.582882045 0.493448683 -0.716374222 -0.422332895 0.254855445
173384.230312630 -0.425955886 0.309046365 0.612808369 0.520716743 -0.730299193 -0.374092642 0.235736837
173384.263646579 -0.427846949 0.316423414 0.639476968 0.545095921 -0.740460052 -0.329594071 0.214376064
173384.296980529 -0.429299679 0.325643399 0.662447754 0.567045284 -0.746027931 -0.289960525 0.194486160
173384.330314478 -0.430004193 0.336796697 0.681673632 0.586564395 -0.748525766 -0.251056496 0.180615682
173384.363648427 -0.429684092 0.348855918 0.696440795 0.602283594 -0.749477550 -0.213155521 0.173501003
173384.396982376 -0.427804912 0.361521857 0.706579411 0.616949088 -0.745035156 -0.186674963 0.171606812
173384.430316325 -0.425078775 0.374013011 0.714184381 0.631519783 -0.736523384 -0.172712749 0.169959919
173384.463650275 -0.421326492 0.387003137 0.719920932 0.644102648 -0.727518684 -0.161172105 0.172834881
173384.496984224 -0.417092218 0.399438453 0.723587345 0.653732251 -0.719493400 -0.152414699 0.178138010
173384.530318173 -0.412712067 0.412359603 0.723722560 0.663640445 -0.708437939 -0.152161923 0.185859613
173384.563652122 -0.407746478 0.425330556 0.722007214 0.672198537 -0.697322575 -0.154754173 0.194785775
173384.596986072 -0.401254919 0.438252846 0.717236610 0.679468989 -0.685213136 -0.164435034 0.204367247
173384.630320021 -0.393476164 0.450453378 0.708044991 0.681920501 -0.671976448 -0.184334637 0.222379914
173384.663653970 -0.384753248 0.462253218 0.694079198 0.678101405 -0.656330066 -0.213468333 0.252666975
173384.696987919 -0.375253222 0.472774070 0.675843815 0.668365269 -0.637481819 -0.250679225 0.289939173
173384.730321868 -0.367693807 0.482150702 0.653534856 0.652262798 -0.615791066 -0.291608696 0.332143002
173384.763655818 -0.360724583 0.490879806 0.628724451 0.630747260 -0.589254199 -0.331303563 0.381018808
173384.796989767 -0.354937057 0.500269153 0.602876424 0.609434345 -0.554747647 -0.368002991 0.430602631
173384.830323716 -0.352016023 0.510113008 0.577397836 0.588908563 -0.516579233 -0.399726745 0.475973876
173384.863657665 -0.351144723 0.520158529 0.554503825 0.568223625 -0.478973920 -0.423885925 0.517712872
173384.896991614 -0.349219361 0.528850126 0.535040487 0.551634344 -0.446798697 -0.439442909 0.550418391
173384.930325564 -0.347798095 0.537482977 0.519743367 0.540638115 -0.419431822 -0.449026564 0.574597702
173384.963659513 -0.346080785 0.544507162 0.509133573 0.532981377 -0.401395364 -0.455893300 0.589044916
173384.996993462 -0.342860502 0.549213212 0.503346718 0.530384593 -0.396300686 -0.460100939 0.591561557
173385.030327411 -0.338550598 0.552320558 0.502128860 0.533277388 -0.402936392 -0.461312061 0.583479797
173385.063661361 -0.332507069 0.552513952 0.503927297 0.539493965 -0.419300616 -0.459571028 0.567386751
173385.096995310 -0.328454893 0.550929797 0.508363677 0.545615566 -0.442429482 -0.456240934 0.546263688
173385.130329259 -0.322891588 0.543754128 0.513123393 0.548629839 -0.469144509 -0.454003421 0.522292660
173385.163663208 -0.318480677 0.533439586 0.518414693 0.547611183 -0.496736459 -0.454702399 0.496609113
173385.196997157 -0.316024619 0.519948294 0.522805623 0.542228206 -0.523121298 -0.459805058 0.470012754
173385.230331107 -0.315428600 0.503744500 0.526428273 0.531313893 -0.549851898 -0.467762148 0.443358784
173385.263665056 -0.316688820 0.485367871 0.529389183 0.515020638 -0.576141164 -0.476906317 0.418778541
173385.296999005 -0.320427006 0.465597632 0.531879703 0.494061571 -0.600199885 -0.488652924 0.396082797
173385.330332954 -0.325989065 0.445251235 0.534532850 0.471502132 -0.622394120 -0.498077246 0.377134401
173385.363666903 -0.333158797 0.424989983 0.537615517 0.448046424 -0.643474314 -0.505594594 0.359957379
173385.397000853 -0.340866581 0.405446771 0.541092263 0.427216690 -0.662690605 -0.509960764 0.343899811
173385.430334802 -0.348747084 0.386496983 0.544947606 0.408803703 -0.681598226 -0.510361741 0.328381309
173385.463668751 -0.357056964 0.368426494 0.548443767 0.390098062 -0.698583660 -0.510993667 0.314149398
173385.497002700 -0.366096434 0.351542884 0.551395403 0.370599042 -0.713385235 -0.513051437 0.300858902
173385.530336650 -0.374828288 0.335237040 0.553599955 0.351361895 -0.725403608 -0.516762602 0.288601519
173385.563670599 -0.383721750 0.319725821 0.555118000 0.331464651 -0.734954688 -0.522872561 0.276725633
173385.597004548 -0.392338228 0.304867132 0.556048597 0.311215084 -0.742573825 -0.530494947 0.265149763
173385.630338497 -0.400990911 0.291116056 0.556240795 0.291292998 -0.748775678 -0.538928607 0.253059931
173385.663672446 -0.410226067 0.278623168 0.555930022 0.270865156 -0.753963500 -0.548460761 0.239503450
173385.697006396 -0.418423714 0.266965593 0.555126642 0.252733672 -0.758171471 -0.557336463 0.225117257
173385.730340345 -0.426065886 0.256198401 0.554268843 0.237383088 -0.762146583 -0.564404542 0.210307794
173385.763674294 -0.433728706 0.245933524 0.553278922 0.221885977 -0.765821829 -0.571051702 0.195405970
173385.797008243 -0.442150767 0.236152742 0.552117335 0.204901410 -0.768269145 -0.578580122 0.181722247
173385.830342192 -0.450987018 0.226905934 0.551048263 0.186014538 -0.769071703 -0.587413039 0.169921246
173385.863676142 -0.460359512 0.218021869 0.550021032 0.165260471 -0.768871044 -0.596646785 0.159808974
173385.897010091 -0.470080587 0.210479724 0.549261827 0.144496696 -0.768546701 -0.605164523 0.149105914
173385.930344040 -0.479666794 0.203795602 0.548719006 0.124407767 -0.769150785 -0.611852447 0.136258434
173385.963677989 -0.489015276 0.198444065 0.548415970 0.104888875 -0.771046674 -0.616449200 0.120315145
173385.997011939 -0.497917732 0.193982464 0.548498092 0.085414403 -0.774878168 -0.618161432 0.100720645
173386.030345888 -0.507172976 0.191049988 0.548424423 0.065255546 -0.780473353 -0.616891035 0.077772165
173386.063679837 -0.516768351 0.189645386 0.548131053 0.042913333 -0.786677760 -0.613666330 0.052059417
173386.097013786 -0.526648483 0.188982724 0.547237422 0.017976495 -0.791245201 -0.610755962 0.024187426
173386.130347735 -0.537361490 0.191274473 0.545362792 0.008413019 0.792456697 0.609846310 0.005392874
173386.163681685 -0.548132575 0.195949156 0.542729103 0.035103426 0.791029772 0.609673000 0.036585279
173386.197015634 -0.559603784 0.203539020 0.539817536 0.063282485 0.786956448 0.609908626 0.068602797
173386.230349583 -0.572101367 0.211992878 0.537577897 0.091932314 0.781365873 0.609269397 0.099028399
173386.263683532 -0.584116396 0.222080926 0.535494728 0.119273849 0.775466003 0.607028491 0.126264166
173386.297017481 -0.596196012 0.233326800 0.533958972 0.145098999 0.769101103 0.603909470 0.150741918
173386.330351431 -0.608371680 0.245953184 0.532755249 0.170930520 0.762775228 0.599344013 0.172462929
173386.363685380 -0.620346059 0.260017864 0.531615055 0.197529267 0.755944944 0.593986509 0.191597122
173386.397019329 -0.632902645 0.275036941 0.530873051 0.224428838 0.748207676 0.587985231 0.209976993
173386.430353278 -0.644673354 0.290460391 0.529956308 0.251381562 0.739825599 0.581161052 0.227414215
173386.463687228 -0.655824617 0.306497963 0.529071363 0.276744902 0.731140061 0.573841991 0.244032456
173386.497021177 -0.666022660 0.322961126 0.528284839 0.300477927 0.721476930 0.566660920 0.260920402
173386.530355126 -0.675198378 0.339877084 0.527144182 0.323341197 0.711107401 0.559156101 0.277707021
173386.563689075 -0.683479233 0.356507818 0.526262730 0.345533711 0.700144919 0.551436905 0.293804163
173386.597023024 -0.691152598 0.372464150 0.525320664 0.366781843 0.689051226 0.543317455 0.309007493
173386.630356974 -0.697557365 0.388761717 0.524077809 0.387875057 0.677686212 0.534275361 0.323796504
173386.663690923 -0.703121160 0.405509108 0.522499220 0.409031972 0.665063896 0.525215617 0.338424904
173386.697024872 -0.708520664 0.421761391 0.520961465 0.428913873 0.651847699 0.516552317 0.352563711
173386.730358821 -0.712684299 0.436915805 0.518928442 0.445746293 0.638268459 0.509140771 0.367014021
173386.763692770 -0.715974082 0.451168232 0.516523681 0.459028761 0.625748799 0.502686536 0.380837607
173386.797026720 -0.718918553 0.463483922 0.514757797 0.469959571 0.615691176 0.496091825 0.392371353
173386.830360669 -0.721383088 0.474252101 0.513925455 0.480009994 0.607919999 0.489233290 0.400842200
173386.863694618 -0.722991924 0.483470241 0.513885748 0.489905494 0.601267857 0.482715742 0.406761705
173386.897028567 -0.723838418 0.491251779 0.514324958 0.498782383 0.595197996 0.477578769 0.410942817
173386.930362517 -0.724057360 0.496210463 0.514596260 0.504804104 0.590505951 0.474320181 0.414120640
173386.963696466 -0.723839747 0.498741026 0.514588753 0.507938251 0.587786835 0.472555584 0.416168944
173386.997030415 -0.723603664 0.498369688 0.514557523 0.508231278 0.587701311 0.472303326 0.416218339
173387.030364364 -0.722912223 0.495358836 0.514365510 0.505711796 0.590135202 0.473739411 0.414206461
173387.063698313 -0.722028734 0.489617447 0.514272051 0.500523707 0.594364122 0.477304682 0.410350520
173387.097032263 -0.720675956 0.481233354 0.514184792 0.492598412 0.601057564 0.482031966 0.404625497
173387.130366212 -0.719117832 0.470418998 0.514174381 0.481983116 0.610004581 0.487798545 0.397038116
173387.163700161 -0.717440398 0.457247427 0.514062920 0.468323356 0.620616689 0.494578662 0.388458629
173387.197034110 -0.715830265 0.441948342 0.514014160 0.452112973 0.632536068 0.502253196 0.378462295
173387.230368059 -0.713984756 0.425158367 0.513997574 0.433834875 0.644905368 0.511018710 0.367075258
173387.263702009 -0.711671542 0.407025192 0.514236348 0.413089329 0.657808685 0.520989622 0.353856968
173387.297035958 -0.708511738 0.388105673 0.514688783 0.390515141 0.671126610 0.531597494 0.338365338
173387.330369907 -0.704535794 0.368910080 0.515441476 0.366740066 0.684625569 0.541885357 0.321169449
173387.363703856 -0.699584483 0.349696520 0.516537830 0.341719846 0.698524521 0.551040074 0.302730702
173387.397037806 -0.693568693 0.330810883 0.517826680 0.315164787 0.712486123 0.559116142 0.283590939
173387.430371755 -0.686559269 0.312517844 0.519448281 0.287502926 0.726339853 0.565978206 0.263516900
173387.463705704 -0.678270793 0.294915286 0.521470890 0.258402864 0.739966797 0.572030013 0.241782470
173387.497039653 -0.668475749 0.277671292 0.523964239 0.227298947 0.752255377 0.578920803 0.217480437
173387.530373602 -0.656628482 0.261576932 0.527057177 0.195509063 0.762849621 0.586370694 0.189752658
173387.563707552 -0.642838338 0.247868610 0.530343990 0.165689785 0.771156865 0.593215666 0.161118461
173387.597041501 -0.627370455 0.235711514 0.533187112 0.137356530 0.777311817 0.599347948 0.133047211
173387.630375450 -0.610572572 0.225297403 0.535586119 0.110499179 0.781810411 0.604446350 0.105863224
173387.663709399 -0.592528749 0.217115286 0.537194032 0.084570520 0.784797770 0.608656517 0.080483122
173387.697043348 -0.573319906 0.210959122 0.538010241 0.058793940 0.786990745 0.611485080 0.057226201
173387.730377298 -0.553331617 0.206593141 0.538294549 0.033385456 0.788752183 0.612719241 0.036476521
173387.763711247 -0.532699665 0.203706970 0.538032230 0.008700989 0.789833209 0.612982483 0.018446440
173387.797045196 -0.511616842 0.201838576 0.537239856 -0.015136748 0.790609657 0.612129071 0.002291416
173387.830379145 -0.490568302 0.201218337 0.535975841 0.037802801 -0.791177310 -0.610277463 0.013070230
173387.863713095 -0.469408715 0.201232936 0.534294482 0.060852946 -0.790497623 -0.608747435 0.028930744
173387.897047044 -0.448582679 0.202021800 0.532207834 0.084268255 -0.788316685 -0.607747400 0.045812263
173387.930380993 -0.428148271 0.203761807 0.529877141 0.107812815 -0.783712462 -0.608303728 0.064325335
173387.963714942 -0.407771876 0.206610395 0.527388047 0.133612728 -0.776288842 -0.609954287 0.086481451
173387.997048891 -0.387549220 0.211355185 0.524920493 0.161233701 -0.766329281 -0.611693364 0.112135432
173388.030382841 -0.367909822 0.217556107 0.523000726 0.188340787 -0.755499852 -0.612043879 0.138383569
173388.063716790 -0.348581788 0.224933169 0.522123475 0.214174325 -0.744836356 -0.610507711 0.163182400
173388.097050739 -0.329487823 0.233174232 0.521937563 0.240543140 -0.734206203 -0.607039610 0.185965482
173388.130384688 -0.311141194 0.242395552 0.522539900 0.268126350 -0.724730107 -0.600077694 0.206836392
173388.163718637 -0.293451134 0.252712611 0.523843591 0.296918848 -0.716231083 -0.589608439 0.226305375
173388.197052587 -0.277375451 0.264242515 0.525164304 0.326658811 -0.707116377 -0.577211395 0.245168221
173388.230386536 -0.263257297 0.276758573 0.526011689 0.356365828 -0.696063249 -0.564421295 0.264438937
173388.263720485 -0.251449918 0.290605759 0.526350334 0.384923253 -0.682734748 -0.551907986 0.284789270
173388.297054434 -0.241548849 0.305138696 0.525975003 0.411599306 -0.666973355 -0.540209252 0.306441705
173388.330388384 -0.234997040 0.319826258 0.525153498 0.436070564 -0.649664734 -0.528926646 0.328656051
173388.363722333 -0.230324625 0.334948415 0.524391488 0.459005646 -0.631980506 -0.516911599 0.350309658
173388.397056282 -0.227361220 0.350274986 0.524132221 0.481219778 -0.614342575 -0.503722306 0.370505822
173388.430390231 -0.226181799 0.365599855 0.524317538 0.501610491 -0.597295498 -0.490357585 0.388811576
173388.463724180 -0.226637651 0.380748168 0.525119551 0.519470490 -0.581584623 -0.477559460 0.404779816
173388.497058130 -0.228501588 0.395404103 0.526397584 0.534361912 -0.567550506 -0.465757931 0.418823733
173388.530392079 -0.231826095 0.409155219 0.527810903 0.546499851 -0.554864196 -0.455543361 0.431212109
173388.563726028 -0.235602643 0.422358146 0.529254993 0.557054855 -0.543072427 -0.447229558 0.441302560
173388.597059977 -0.239470536 0.434310128 0.530417219 0.566263887 -0.532707623 -0.440870092 0.448554748
173388.630393926 -0.243399697 0.444785991 0.531070571 0.573757515 -0.524695264 -0.436382386 0.452843910
173388.663727876 -0.246147009 0.453744948 0.531228767 0.579446416 -0.518941180 -0.433242487 0.455239333
173388.697061825 -0.249601197 0.460304897 0.530694358 0.582894930 -0.515149946 -0.431492900 0.456801829
173388.730395774 -0.252471600 0.466258020 0.529957573 0.583825819 -0.514147572 -0.430364947 0.457805307
173388.763729723 -0.255028932 0.471179490 0.529162726 0.583063096 -0.515901076 -0.429393695 0.457716681
173388.797063673 -0.257665808 0.475097365 0.528493892 0.580611825 -0.519379886 -0.429335478 0.456952393
173388.830397622 -0.260641412 0.478396613 0.528110435 0.576987922 -0.524582166 -0.430001670 0.454969288
173388.863731571 -0.264036191 0.481098854 0.527997769 0.572171002 -0.530068860 -0.432274698 0.452532799
173388.897065520 -0.267397086 0.483622711 0.528300609 0.567512247 -0.534466024 -0.436212373 0.449438188
173388.930399469 -0.270214519 0.485974181 0.529768500 0.563856766 -0.539722611 -0.438769307 0.445248858
173388.963733419 -0.272699633 0.487544991 0.531995466 0.560840007 -0.545877928 -0.439496095 0.440816238
173388.997067368 -0.274047731 0.489011603 0.534600749 0.559127987 -0.551902614 -0.438199734 0.436761253
173389.030401317 -0.274488856 0.490099077 0.536646708 0.558983252 -0.557536394 -0.435408717 0.432562299
173389.063735266 -0.274035806 0.490649096 0.536729384 0.559650320 -0.563134374 -0.432182241 0.427656062
173389.097069215 -0.272177884 0.490847837 0.533803475 0.561568619 -0.568546634 -0.428867507 0.421269595
173389.130403165 -0.268917167 0.491020348 0.527118160 0.565133391 -0.571955943 -0.425957160 0.414790486
173389.163737114 -0.264511837 0.491103185 0.516004748 0.569527026 -0.571981867 -0.424858726 0.409842376
173389.197071063 -0.259278277 0.490573404 0.500573191 0.572203748 -0.570966036 -0.425197929 0.407169961
173389.230405012 -0.254034705 0.489317631 0.480595287 0.571509200 -0.571280105 -0.428469805 0.404264643
173389.263738962 -0.248743046 0.488056642 0.456251515 0.570026648 -0.568836017 -0.435303277 0.402500018
173389.297072911 -0.244343922 0.486184112 0.428173268 0.564979981 -0.563432313 -0.446535387 0.404904678
173389.330406860 -0.241263927 0.484031840 0.396934700 0.557170551 -0.555811901 -0.459575006 0.411612586
173389.363740809 -0.239019404 0.482119667 0.363249177 0.550053301 -0.546485109 -0.472069685 0.419458704
173389.397074758 -0.237461185 0.480229437 0.327940791 0.543800669 -0.536896850 -0.483211682 0.427234215
173389.430408708 -0.236122125 0.478099444 0.292135071 0.539094634 -0.530744644 -0.489077709 0.434154457
173389.463742657 -0.234947849 0.475874297 0.256399402 0.538079604 -0.529028477 -0.489154637 0.437409364
173389.497076606 -0.234830251 0.473798713 0.220551220 0.539359896 -0.530093065 -0.486472376 0.437534996
173389.530410555 -0.236095217 0.471738579 0.183273419 0.540313102 -0.530698239 -0.484747004 0.437540254
173389.563744504 -0.239127137 0.469355887 0.144458492 0.536845314 -0.528441038 -0.486760768 0.442279474
173389.597078454 -0.243778481 0.467620752 0.104059938 0.528522844 -0.519908039 -0.497217468 0.450703920
173389.630412403 -0.249458465 0.466210037 0.063528680 0.517284400 -0.508109320 -0.512522637 0.459959037
173389.663746352 -0.254923012 0.465260281 0.024597407 0.509829059 -0.496320410 -0.527785031 0.463878586
173389.697080301 -0.259213111 0.464717755 -0.011988629 0.506582749 -0.486692719 -0.541130667 0.462257197
173389.730414251 -0.263356084 0.463537824 -0.045997687 0.502753417 -0.480870166 -0.551896339 0.459797038
173389.763748200 -0.267060482 0.462064891 -0.077398850 0.496776562 -0.476605326 -0.562425170 0.457971986
173389.797082149 -0.270298291 0.460341711 -0.105869085 0.488979834 -0.473893270 -0.572461568 0.456740237
173389.830416098 -0.272699236 0.458944245 -0.131390789 0.481599249 -0.472317963 -0.580058717 0.456628722
173389.863750047 -0.273904203 0.456825623 -0.153658331 0.475954378 -0.473594488 -0.583159274 0.457275575
173389.897083997 -0.274271103 0.454583114 -0.172707916 0.471819161 -0.476468003 -0.582881695 0.458926846
173389.930417946 -0.275079071 0.452743569 -0.189549573 0.467357333 -0.477093487 -0.582978519 0.462703982
173389.963751895 -0.276911137 0.450684262 -0.203572034 0.461580798 -0.474425567 -0.585382037 0.468178832
173389.997085844 -0.278669465 0.449033163 -0.212529978 0.454587370 -0.469608908 -0.589699362 0.474418020
173390.030419793 -0.280189682 0.447968511 -0.214981167 0.449826377 -0.465065267 -0.593107330 0.479159914
173390.063753743 -0.280954751 0.446281734 -0.209699589 0.448956898 -0.463665264 -0.592172489 0.482476912
173390.097087692 -0.280399896 0.445178710 -0.197733059 0.451978526 -0.464521322 -0.588188685 0.483703860
173390.130421641 -0.278809586 0.444490927 -0.180009012 0.455859468 -0.465885209 -0.583306045 0.484661919
173390.163755590 -0.275928523 0.444064508 -0.158131039 0.458774084 -0.467592529 -0.578925498 0.485519139
173390.197089540 -0.272304207 0.443437573 -0.131874112 0.460955698 -0.470565471 -0.575128483 0.485092991
173390.230423489 -0.267342130 0.442437178 -0.101218989 0.463345650 -0.475217316 -0.571652540 0.482382302
173390.263757438 -0.261025618 0.441106954 -0.065521432 0.466740644 -0.481965473 -0.568053016 0.476632170
173390.297091387 -0.254216434 0.439308255 -0.025648225 0.470902177 -0.489950640 -0.565271327 0.467619328
173390.330425336 -0.247348029 0.437171337 0.018745958 0.475886421 -0.499737658 -0.560628096 0.457701349
173390.363759286 -0.240460893 0.434466526 0.066950008 0.483827477 -0.511140497 -0.552600846 0.446406396
173390.397093235 -0.234878941 0.431674954 0.117479652 0.493563696 -0.523361491 -0.541884451 0.434567452
173390.430427184 -0.230934173 0.428473165 0.168978552 0.504210172 -0.535129716 -0.528550272 0.424314623
173390.463761133 -0.228364506 0.425516185 0.219669634 0.517112860 -0.545675285 -0.513463758 0.413748404
173390.497095082 -0.228410721 0.422636556 0.268126507 0.526904267 -0.554576572 -0.500067455 0.405893162
173390.530429032 -0.231168482 0.419900911 0.313633646 0.531187095 -0.561044339 -0.491423980 0.401960186
173390.563762981 -0.236541815 0.417104756 0.355887900 0.534175000 -0.564734611 -0.486185690 0.399193391
173390.597096930 -0.243972791 0.414790285 0.395403743 0.539405123 -0.568902860 -0.479233035 0.394623046
173390.630430879 -0.253486317 0.412285603 0.431719071 0.543979262 -0.575794425 -0.471086683 0.388103954
173390.663764829 -0.265222483 0.409769067 0.464695894 0.547069971 -0.584631727 -0.461816211 0.381635925
173390.697098778 -0.278532962 0.407135539 0.493414186 0.549805839 -0.595289095 -0.449350310 0.376070116
173390.730432727 -0.293172355 0.405456186 0.516746501 0.552452793 -0.604205413 -0.437457002 0.371971909
173390.763766676 -0.308064866 0.403707221 0.534483515 0.555531707 -0.610538479 -0.427415659 0.368704682
173390.797100625 -0.321375947 0.402373194 0.547404743 0.558120457 -0.615237198 -0.418597697 0.367097691
173390.830434575 -0.332889807 0.401577164 0.555531780 0.559627047 -0.618328300 -0.412791778 0.366183875
173390.863768524 -0.343239719 0.401696758 0.559965992 0.559307979 -0.620103872 -0.410889716 0.365807893
173390.897102473 -0.351116131 0.401473435 0.560595836 0.557805653 -0.619349250 -0.413497267 0.366441496
173390.930436422 -0.357017598 0.401967848 0.558542981 0.555691460 -0.615391202 -0.420085620 0.368820744
173390.963770371 -0.360935859 0.402711126 0.555027244 0.553860208 -0.609945081 -0.428953314 0.370411828
173390.997104321 -0.362626193 0.403226823 0.551024408 0.553421887 -0.605272689 -0.436522761 0.369887909
173391.030438270 -0.359813369 0.403262423 0.547026924 0.553557091 -0.603225897 -0.441522831 0.367083987
173391.063772219 -0.354662470 0.402479101 0.542825968 0.551208604 -0.603441010 -0.446267131 0.364518409
173391.097106168 -0.348166430 0.401316514 0.538832654 0.545827293 -0.604400521 -0.451487582 0.364597778
173391.130440118 -0.340242077 0.400183343 0.535867582 0.540553357 -0.605385047 -0.455749134 0.365518454
173391.163774067 -0.332414486 0.399876108 0.534430855 0.539005757 -0.603434204 -0.458687378 0.367349758
173391.197108016 -0.323599615 0.400055301 0.534330097 0.541672711 -0.598617246 -0.460671112 0.368822712
173391.230441965 -0.316142298 0.400060675 0.536532183 0.544660465 -0.596270686 -0.459756024 0.369365193
173391.263775914 -0.310519405 0.399586756 0.540849591 0.546223393 -0.595272846 -0.457282668 0.371729478
173391.297109864 -0.306876477 0.399081143 0.546848424 0.545538403 -0.595006264 -0.456148453 0.374545039
173391.330443813 -0.305787717 0.398746071 0.554080131 0.542745448 -0.593110565 -0.458154712 0.379132557
173391.363777762 -0.306949729 0.399221819 0.563452478 0.539272602 -0.588214861 -0.463889968 0.384700448
173391.397111711 -0.308352928 0.400026639 0.575926328 0.535800726 -0.582152962 -0.471540409 0.389442106
173391.430445660 -0.308848701 0.400442641 0.592073140 0.532066735 -0.577072298 -0.478938838 0.393077782
173391.463779610 -0.309018811 0.400010029 0.612522337 0.525575606 -0.574917851 -0.486180729 0.396065708
173391.497113559 -0.308733062 0.399165783 0.636428562 0.516373635 -0.574179151 -0.494646797 0.398749442
173391.530447508 -0.307202122 0.398123063 0.662407713 0.508886410 -0.572044716 -0.503891808 0.399865616
173391.563781457 -0.304558714 0.396718592 0.689630640 0.500998136 -0.570451248 -0.512959349 0.400573273
173391.597115407 -0.301086752 0.395579289 0.717619596 0.495702477 -0.567612944 -0.519689950 0.402513300
173391.630449356 -0.296357320 0.394851493 0.745577283 0.494862811 -0.563962732 -0.523224206 0.404095614
173391.663783305 -0.291466234 0.393483659 0.773368555 0.493741309 -0.564302788 -0.523011525 0.405266367
173391.697117254 -0.286763741 0.391169036 0.799753824 0.488859392 -0.566778934 -0.519885900 0.411699873
173391.730451203 -0.286378853 0.383932321 0.817937362 0.453169667 -0.570361294 -0.522730280 0.442807296
173391.763785153 -0.287832055 0.376751085 0.828460232 0.417364949 -0.560974992 -0.536470497 0.472560010
173391.797119102 -0.287502606 0.369136144 0.834948937 0.390741955 -0.550647200 -0.546108968 0.495856210
173391.830453051 -0.284013339 0.360929776 0.839150802 0.379147477 -0.549740270 -0.542706982 0.509413347
173391.863787000 -0.277281962 0.353616558 0.841014001 0.384892596 -0.554896377 -0.527844165 0.515100220
173391.897120949 -0.271250426 0.347813991 0.838528674 0.394553513 -0.564336222 -0.508569097 0.516923232
173391.930454899 -0.268163802 0.343788677 0.828898032 0.406602269 -0.565892959 -0.498528466 0.515663769
173391.963788848 -0.268475495 0.341071819 0.813310146 0.413878042 -0.560659182 -0.501314349 0.512884169
173391.997122797 -0.272299160 0.338036530 0.792653614 0.414931670 -0.552143182 -0.512901524 0.509805494
173392.030456746 -0.277911259 0.334612764 0.770232807 0.411867882 -0.549884481 -0.521679287 0.505808884
173392.063790696 -0.284852919 0.330621550 0.746927527 0.410198569 -0.555104298 -0.522591103 0.500494647
173392.097124645 -0.292168621 0.327118344 0.721616830 0.413135562 -0.563690025 -0.517388258 0.493844059
173392.130458594 -0.300305072 0.324568334 0.693875647 0.417739315 -0.572764012 -0.509262721 0.487941320
173392.163792543 -0.309196721 0.322645571 0.662553515 0.421990330 -0.579323268 -0.503062235 0.482946270
173392.197126492 -0.317721706 0.321357856 0.627358065 0.423902954 -0.582133311 -0.501004740 0.480022234
173392.230460442 -0.326082180 0.319759654 0.589021092 0.419764950 -0.581575531 -0.505550038 0.479569022
173392.263794391 -0.333026791 0.318025130 0.548975870 0.414035630 -0.576288882 -0.515114966 0.480751697
173392.297128340 -0.338088227 0.316974761 0.508616708 0.410028165 -0.566918525 -0.529937443 0.479214563
173392.330462289 -0.342036988 0.316189300 0.470598684 0.406517977 -0.557197045 -0.545532502 0.476097550
173392.363796238 -0.345336302 0.315899813 0.437340202 0.403851513 -0.549540893 -0.559024200 0.471593794
173392.397130188 -0.348043896 0.315897436 0.410058902 0.404014156 -0.542842589 -0.570260070 0.465723026
173392.430464137 -0.349848423 0.315618001 0.389839675 0.403422829 -0.539496927 -0.578001964 0.460550558
173392.463798086 -0.351364869 0.315377501 0.375679416 0.402434154 -0.536185256 -0.584687123 0.456829390
173392.497132035 -0.351895236 0.316110716 0.366840311 0.403795350 -0.530143507 -0.591521621 0.453871512
173392.530465985 -0.349535678 0.316934482 0.363592248 0.411211981 -0.525139862 -0.593277158 0.450727242
173392.563799934 -0.345131480 0.318693013 0.364698223 0.425642737 -0.522772030 -0.588727341 0.446024419
173392.597133883 -0.340281540 0.321366243 0.368694680 0.440170010 -0.524439700 -0.579665038 0.441816485
173392.630467832 -0.334903303 0.325202115 0.374172525 0.453498822 -0.529419073 -0.566725419 0.439177143
173392.663801781 -0.329352733 0.330781437 0.379097725 0.467616625 -0.534427486 -0.550948620 0.438380625
173392.697135731 -0.324379838 0.339479917 0.382016362 0.485863746 -0.533442185 -0.535338547 0.439076868
173392.730469680 -0.319514021 0.351512577 0.382563811 0.508811831 -0.523939131 -0.521065728 0.441688595
173392.763803629 -0.315268513 0.366377844 0.381067917 0.534098544 -0.507217584 -0.508192421 0.446328950
173392.797137578 -0.311684069 0.383281166 0.378212469 0.559480585 -0.485011412 -0.496178100 0.453379200
173392.830471527 -0.308750528 0.401854403 0.374741761 0.585415423 -0.458022174 -0.483113177 0.462716034
173392.863805477 -0.306972340 0.421586092 0.370929408 0.610754827 -0.426793632 -0.469235814 0.473965703
173392.897139426 -0.306357814 0.441919239 0.367219076 0.633305496 -0.392555175 -0.455169476 0.487488801
173392.930473375 -0.307034604 0.462639737 0.364073644 0.654373338 -0.355735069 -0.441101204 0.500677365
173392.963807324 -0.308196682 0.482616518 0.362234083 0.671784173 -0.323252009 -0.425187310 0.513254240
173392.997141274 -0.309727416 0.501061597 0.362202010 0.685399203 -0.298200563 -0.407097597 0.524953239
173393.030475223 -0.311301166 0.518555939 0.363425838 0.697064222 -0.276693322 -0.388933580 0.535044808
173393.063809172 -0.313598891 0.535360967 0.365207088 0.707052500 -0.258180218 -0.370847490 0.543959444
173393.097143121 -0.316500270 0.551525110 0.367313060 0.716204717 -0.241993897 -0.351916844 0.551945914
173393.130477070 -0.320485711 0.567307057 0.369201508 0.725177826 -0.224092294 -0.331264142 0.560503196
173393.163811020 -0.326161526 0.582793064 0.370538236 0.733045536 -0.203960695 -0.309171433 0.570488652
173393.197144969 -0.333433830 0.597869605 0.370954356 0.739880469 -0.180391961 -0.285641625 0.581759824
173393.230478918 -0.341517572 0.612439810 0.370509321 0.744663056 -0.154624927 -0.261325398 0.594371181
173393.263812867 -0.351202667 0.625591760 0.370148033 0.748247084 -0.128275602 -0.236407463 0.606451302
173393.297146816 -0.361299989 0.637595431 0.369275415 0.750437411 -0.101813950 -0.211666953 0.617798278
173393.330480766 -0.371619037 0.648857296 0.367394386 0.751496628 -0.075382831 -0.187016344 0.628168077
173393.363814715 -0.382599803 0.658030363 0.365728405 0.751347392 -0.050256602 -0.165323461 0.636882660
173393.397148664 -0.393144923 0.666829810 0.364852389 0.750433448 -0.028731865 -0.145104448 0.644180735
173393.430482613 -0.402559031 0.673879262 0.364193796 0.748731455 -0.009812736 -0.128354196 0.650253888
173393.463816563 -0.411462412 0.680620338 0.363864737 0.747571925 0.004528335 -0.114092463 0.654292458
173393.497150512 -0.418676045 0.685517120 0.363827881 0.746707375 0.014366506 -0.102565430 0.657040358
173393.530484461 -0.423682938 0.690078153 0.363903525 0.746153425 0.019245712 -0.093767440 0.658856841
173393.563818410 -0.427342688 0.693185421 0.364381531 0.746022741 0.018972057 -0.088295897 0.659768115
173393.597152359 -0.428835559 0.694042981 0.365859076 0.746427291 0.011322773 -0.086950849 0.659664796
173393.630486309 -0.427830248 0.694734964 0.368349570 0.748035392 -0.003605527 -0.089658624 0.657564738
173393.663820258 -0.423560861 0.693004760 0.371974526 0.750723400 -0.025675649 -0.095770503 0.653133332
173393.697154207 -0.415715067 0.688564430 0.376627618 0.752646591 -0.057501897 -0.104549381 0.647523025
173393.730488156 -0.404452222 0.680719797 0.381490177 0.751834049 -0.098809278 -0.117221101 0.641281142
173393.763822105 -0.391757991 0.669185849 0.386524379 0.748580763 -0.142333197 -0.134542529 0.633455926
173393.797156055 -0.379119485 0.653549344 0.390811481 0.742291143 -0.185976236 -0.156230400 0.624506814
173393.830490004 -0.366693147 0.634033935 0.393953802 0.732739646 -0.228631115 -0.180877573 0.614901397
173393.863823953 -0.354510079 0.610050265 0.396000750 0.720317331 -0.268761496 -0.206686456 0.605137100
173393.897157902 -0.343283705 0.583874196 0.396999914 0.706377355 -0.305222618 -0.234803591 0.593917048
173393.930491852 -0.333047574 0.555288602 0.397291490 0.691785349 -0.337630418 -0.264689415 0.580842703
173393.963825801 -0.324952088 0.525150126 0.397873617 0.676941199 -0.367995861 -0.292594305 0.566319902
173393.997159750 -0.319100010 0.495166971 0.399071899 0.663668921 -0.395885843 -0.318163395 0.549172119
173394.030493699 -0.315240086 0.467058937 0.400364950 0.652166349 -0.420661844 -0.341650996 0.530091749
173394.063827648 -0.313153578 0.440921205 0.401914620 0.640891160 -0.443865190 -0.362411629 0.510783737
173394.097161598 -0.313456821 0.417371363 0.402636374 0.628337717 -0.464364186 -0.382455928 0.493239374
173394.130495547 -0.315534722 0.396900451 0.402949154 0.614303799 -0.481065903 -0.401323828 0.479734952
173394.163829496 -0.319076821 0.379837014 0.402722844 0.601305470 -0.493305442 -0.418052138 0.469376056
173394.197163445 -0.321931920 0.366720102 0.402242368 0.589653875 -0.502823948 -0.428736298 0.464393769
173394.230497394 -0.323859836 0.356995552 0.402309537 0.579438129 -0.512376668 -0.431556923 0.464198479
173394.263831344 -0.325662608 0.348981187 0.401966979 0.569856047 -0.522768919 -0.434873004 0.461369931
173394.297165293 -0.330146551 0.342815966 0.398807132 0.561493280 -0.532721608 -0.444739525 0.450710262
173394.330499242 -0.335159619 0.338223522 0.392898889 0.558900550 -0.538094821 -0.460229106 0.431593917
173394.363833191 -0.342375189 0.335212530 0.385321772 0.559109127 -0.542125997 -0.476455845 0.408027224
173394.397167141 -0.348257888 0.334235685 0.376648809 0.558883833 -0.544723642 -0.493300211 0.384161316
173394.430501090 -0.354645911 0.333809135 0.368129879 0.560120640 -0.546023227 -0.507695048 0.361066811
173394.463835039 -0.361472628 0.334723203 0.362051185 0.552709370 -0.549981323 -0.516321156 0.354182666
173394.497168988 -0.368891137 0.335778637 0.356607364 0.541299755 -0.552988675 -0.523303563 0.356863394
173394.530502937 -0.377231978 0.336881227 0.350608353 0.531504001 -0.554549729 -0.532248132 0.355935416
173394.563836887 -0.385987916 0.338664669 0.344154553 0.526153965 -0.553166716 -0.545893617 0.345208268
173394.597170836 -0.392026130 0.341777638 0.340327176 0.524982137 -0.550402793 -0.553204797 0.339727794
173394.630504785 -0.394676274 0.344688254 0.338304002 0.526323914 -0.548547141 -0.553861179 0.339583517
173394.663838734 -0.396687404 0.347352742 0.338062459 0.524455043 -0.549620414 -0.554921892 0.339007378
173394.697172683 -0.397932414 0.349398089 0.340215908 0.521647959 -0.554679478 -0.552703635 0.338722268
173394.730506633 -0.398115526 0.351021426 0.344114286 0.522463320 -0.560058921 -0.547251412 0.337464036
173394.763840582 -0.397020587 0.352595276 0.349062912 0.527664971 -0.563894143 -0.540410403 0.333990524
173394.797174531 -0.394779337 0.353904469 0.355259568 0.534417345 -0.568594144 -0.531388194 0.329735329
173394.830508480 -0.391853974 0.354605580 0.362861893 0.540821024 -0.575902993 -0.520631390 0.323714871
173394.863842430 -0.387322951 0.355186644 0.370984422 0.544275978 -0.585251039 -0.511359494 0.315842284
173394.897176379 -0.381714675 0.354422847 0.378438367 0.542155034 -0.597145512 -0.504235944 0.308595640
173394.930510328 -0.376611423 0.353459740 0.384168380 0.537424736 -0.607630669 -0.497804629 0.306839004
173394.963844277 -0.371727979 0.352941234 0.388246357 0.534590289 -0.615597232 -0.490333759 0.307938430
173394.997178226 -0.366253033 0.351882804 0.391211842 0.532823530 -0.625802328 -0.480076659 0.306589194
173395.030512176 -0.360938069 0.349787623 0.393510188 0.531817062 -0.642149615 -0.460886784 0.303970158
173395.063846125 -0.356599282 0.347733233 0.393208641 0.531855108 -0.655103664 -0.441195959 0.305475792
173395.097180074 -0.353344720 0.346823815 0.389695407 0.528648747 -0.661599666 -0.429820638 0.313162263
173395.130514023 -0.351421393 0.347719208 0.383292612 0.525568695 -0.656849006 -0.434272611 0.322077987
173395.163847972 -0.350363672 0.350799474 0.375727599 0.525101703 -0.646288246 -0.442517223 0.332803564
173395.197181922 -0.349296303 0.356661264 0.367661727 0.529427067 -0.633293109 -0.449135099 0.341942219
173395.230515871 -0.348020972 0.365275883 0.359546638 0.536637626 -0.621369009 -0.452328008 0.348310188
173395.263849820 -0.346618092 0.376793687 0.351481192 0.542487404 -0.611703878 -0.452683293 0.355814021
173395.297183769 -0.344989647 0.389309461 0.343511025 0.545700844 -0.601290620 -0.457380120 0.362579101
173395.330517719 -0.341370231 0.400810016 0.336866484 0.545076250 -0.597666249 -0.461010492 0.364905828
173395.363851668 -0.337084357 0.413955613 0.330997398 0.544107679 -0.595207110 -0.462130249 0.368932193
173395.397185617 -0.332797496 0.429566697 0.326083085 0.543243451 -0.592300522 -0.461789880 0.375255581
173395.430519566 -0.328367445 0.447082666 0.322439649 0.544501632 -0.590771278 -0.459114364 0.379105883
173395.463853515 -0.323646391 0.465642209 0.319941088 0.548818200 -0.592811034 -0.452333084 0.377847116
173395.497187465 -0.319306619 0.485029864 0.317731438 0.553204904 -0.597981180 -0.443985694 0.373174953
173395.530521414 -0.315929869 0.504862929 0.314860186 0.555747687 -0.604735772 -0.435306469 0.368710501
173395.563855363 -0.314013844 0.524832559 0.310542308 0.556248825 -0.609471654 -0.429695369 0.366733470
173395.597189312 -0.313461678 0.544732410 0.304869412 0.555311356 -0.610005137 -0.428960965 0.368124330
173395.630523261 -0.313472637 0.564283762 0.298916553 0.554328581 -0.608568176 -0.430036163 0.370720241
173395.663857211 -0.314015245 0.582476340 0.292709238 0.552924860 -0.607742612 -0.430173145 0.373997435
173395.697191160 -0.315218815 0.599310406 0.286668759 0.552365912 -0.607074018 -0.429545682 0.376621219
173395.730525109 -0.316481651 0.614804425 0.281131644 0.554161067 -0.604930166 -0.429305596 0.377705853
173395.763859058 -0.318246554 0.627986276 0.276290465 0.555753043 -0.603725445 -0.428343060 0.378386529
173395.797193008 -0.320695359 0.639260374 0.271686763 0.557656035 -0.601536221 -0.428487645 0.378909302
173395.830526957 -0.323555458 0.647991316 0.267528922 0.559487308 -0.598057785 -0.431436444 0.378369440
173395.863860906 -0.326256263 0.653838549 0.263925453 0.561554223 -0.593137636 -0.436226384 0.377559455
173395.897194855 -0.329024875 0.656866480 0.260593015 0.563160483 -0.586352760 -0.443674739 0.377085452
173395.930528804 -0.331683693 0.656997174 0.257619549 0.563915726 -0.578653352 -0.453179652 0.376546884
173395.963862754 -0.333940796 0.653788845 0.255622786 0.564223877 -0.571954324 -0.462522540 0.374956755
173395.997196703 -0.336047257 0.647267024 0.254049233 0.564938934 -0.566595948 -0.470681339 0.371849578
173396.030530652 -0.337783263 0.637590451 0.253129713 0.566309358 -0.562507058 -0.476977005 0.367929962
173396.063864601 -0.339085878 0.625280170 0.252543347 0.568219783 -0.558800901 -0.482429832 0.363495926
173396.097198550 -0.339888275 0.609837084 0.252550396 0.569816219 -0.555782399 -0.487173672 0.359273176
173396.130532500 -0.340635310 0.591907077 0.252841495 0.571099443 -0.553979096 -0.490513776 0.355455797
173396.163866449 -0.341343150 0.571555104 0.253282977 0.572033503 -0.553112570 -0.492544043 0.352483365
173396.197200398 -0.342102540 0.548940769 0.253637395 0.572123854 -0.552739318 -0.494371024 0.350358148
173396.230534347 -0.343380169 0.524521798 0.253723659 0.570702383 -0.552147981 -0.497107059 0.349737001
173396.263868297 -0.345304960 0.498411204 0.253790633 0.567326252 -0.552467536 -0.500641581 0.349683504
173396.297202246 -0.347830863 0.470848850 0.254041064 0.562864269 -0.554237170 -0.503429640 0.350090804
173396.330536195 -0.350778771 0.442141050 0.254621811 0.557865814 -0.557635710 -0.505338108 0.349945059
173396.363870144 -0.354329238 0.412744458 0.255429975 0.552626300 -0.562160623 -0.506589154 0.349209156
173396.397204093 -0.358460465 0.382697987 0.256383277 0.546747360 -0.567046432 -0.507717691 0.348924655
173396.430538043 -0.362923860 0.352261099 0.257670186 0.540521559 -0.571812825 -0.509308930 0.348526830
173396.463871992 -0.367807372 0.321797533 0.259092354 0.534478199 -0.576657512 -0.510971536 0.347429502
173396.497205941 -0.373039836 0.291698599 0.261082266 0.527975039 -0.582890860 -0.511810561 0.345731910
173396.530539890 -0.378759051 0.261831375 0.263854741 0.520204383 -0.591371936 -0.511487035 0.343580626
173396.563873840 -0.384912525 0.233151991 0.267488945 0.511542006 -0.601045493 -0.509976822 0.342042003
173396.597207789 -0.391384990 0.206323741 0.271835375 0.502172484 -0.610445333 -0.508390458 0.341640796
173396.630541738 -0.398263133 0.181712343 0.276707502 0.492152801 -0.618448209 -0.507509642 0.343134663
173396.663875687 -0.405648915 0.160085594 0.281471391 0.482005028 -0.624570612 -0.508156162 0.345485193
173396.697209636 -0.412956543 0.141197521 0.285975942 0.473045267 -0.628578741 -0.509777406 0.348201001
173396.730543586 -0.420324517 0.125154453 0.290849457 0.465787204 -0.632897080 -0.509792737 0.350135591
173396.763877535 -0.427223957 0.112024186 0.296514033 0.462377742 -0.638323100 -0.506859491 0.349061457
173396.797211484 -0.433599489 0.101540600 0.302836454 0.463529855 -0.643744005 -0.502092100 0.344437588
173396.830545433 -0.439106703 0.093660037 0.309427949 0.467184079 -0.646815583 -0.498129045 0.339464421
173396.863879382 -0.444091446 0.086846353 0.315573674 0.471398877 -0.651394305 -0.493663696 0.331307582
173396.897213332 -0.447794845 0.081852509 0.321269045 0.474042412 -0.659903148 -0.487037556 0.320321785
