# timestamp tx ty tz qx qy qz qw
173373.763452577 0.017773031 0.003529197 -0.001400689 -0.865387928 -0.044338795 0.497707716 0.037746978
173373.796786526 0.035480560 0.000164769 0.007905469 -0.912896153 -0.075992482 0.397419536 0.053883843
173373.830120475 0.054463928 -0.007103410 0.024458568 -0.945120307 -0.098240426 0.304669526 0.065367460
173373.863454424 0.070800571 -0.019233436 0.046877687 -0.962490452 -0.092866896 0.244762232 0.071269348
173373.896788374 0.082177842 -0.035600261 0.072165016 -0.968492803 -0.052885421 0.231462318 0.075166596
173373.930122323 0.121302817 -0.087491685 0.094943048 -0.959123822 0.013518420 0.270065560 0.083446632
173373.963456272 0.123631507 -0.115952503 0.128413933 -0.923795662 0.119661797 0.354525059 0.081207214
173373.996790221 0.121996377 -0.135431606 0.158439938 -0.881215325 0.187412995 0.426492115 0.080252074
173374.030124171 0.121293967 -0.151652579 0.192312988 -0.838072691 0.224801927 0.490692939 0.079490235
173374.063458120 0.117668860 -0.143690011 0.230096235 -0.807842636 0.226295121 0.538347066 0.079769854
173374.096792069 0.126324239 -0.154222022 0.269719867 -0.794084348 0.186190594 0.571329986 0.091351833
173374.130126018 0.138998000 -0.164235437 0.305408034 -0.794822628 0.122241624 0.584379595 0.108694359
173374.163459967 0.107949577 -0.204332567 0.338349938 -0.806055177 0.043600711 0.574293276 0.136239724
173374.196793917 0.124543466 -0.222147684 0.367597690 -0.812412833 -0.029312288 0.558723733 0.164176642
173374.230127866 0.142916062 -0.243787885 0.389117264 -0.814061847 -0.073244223 0.546884963 0.181260672
173374.263461815 0.109834902 -0.286490426 0.402525301 -0.813602708 -0.082836739 0.545126617 0.184460509
173374.296795764 0.128090001 -0.317145860 0.408160058 -0.807952520 -0.057107182 0.562138111 0.167189230
173374.330129713 0.147865271 -0.349009496 0.408210520 -0.801410292 -0.017840145 0.580244222 0.144013594
173374.363463663 0.170607034 -0.381489162 0.404811850 -0.801503909 0.016288875 0.585231662 0.121778724
173374.396797612 0.195438989 -0.412863909 0.398450188 -0.810201598 0.034842080 0.576573065 0.099613758
173374.430131561 0.222469191 -0.442719858 0.390041564 -0.823460610 0.042382712 0.559648495 0.083125752
173374.463465510 0.250782866 -0.471521850 0.379166048 -0.837630816 0.049181459 0.540239353 0.064009694
173374.496799460 0.278858644 -0.499776073 0.365090555 -0.844661087 0.071274519 0.529081690 0.039244814
173374.530133409 0.307251446 -0.527270095 0.348582382 -0.845092487 0.111322919 0.522719303 0.013799487
173374.563467358 0.336779736 -0.553245733 0.330622239 0.842578964 -0.162990327 -0.513250014 0.008322693
173374.596801307 0.367054134 -0.576229886 0.311799004 0.841603246 -0.215335076 -0.494842849 0.021571649
173374.630135256 0.393471040 -0.594297600 0.296886766 0.855498219 -0.225378025 -0.465678945 0.021694780
173374.663469206 0.409202919 -0.612677284 0.289433072 0.874176922 -0.189618876 -0.446492717 0.022442015
173374.696803155 0.415398387 -0.631335827 0.280746271 0.883794522 -0.150929066 -0.441255763 0.037696303
173374.730137104 0.419954802 -0.650311093 0.273308798 0.880173364 -0.146732225 -0.448903074 0.047439793
173374.763471053 0.424214050 -0.666866105 0.267354455 0.868759278 -0.159619213 -0.464847149 0.060795989
173374.796805002 0.428683206 -0.678834811 0.262730834 0.855477770 -0.174355804 -0.482064185 0.073293661
173374.830138952 0.434089204 -0.686011544 0.259029785 0.840525654 -0.190502576 -0.500616047 0.081295552
173374.863472901 0.440821750 -0.691492545 0.257264898 0.822412531 -0.216703550 -0.519372987 0.083240021
173374.896806850 0.439525104 -0.699610062 0.258996545 0.809763280 -0.204221215 -0.542193396 0.092754773
173374.930140799 0.433811616 -0.709399406 0.260799347 0.795680595 -0.184234474 -0.566446050 0.109949634
173374.963474749 0.427500645 -0.719477775 0.262707499 0.780491548 -0.176232401 -0.586694213 0.124759707
173374.996808698 0.418710776 -0.728849171 0.265146836 0.768311964 -0.163013463 -0.603736526 0.136475435
173375.030142647 0.407128869 -0.737570277 0.268478861 0.756720620 -0.154252320 -0.618226832 0.146204338
173375.063476596 0.392045010 -0.746042713 0.273763879 0.740367723 -0.156258044 -0.635031590 0.155479703
173375.096810545 0.373969649 -0.753649326 0.281640772 0.717569703 -0.167496203 -0.656529562 0.161268961
173375.130144495 0.354463333 -0.759745994 0.291246985 0.690089008 -0.186005277 -0.680696676 0.160720980
173375.163478444 0.420316761 -0.924926852 0.316736830 0.659560571 -0.186284442 -0.714331786 0.141449850
173375.196812393 0.404116127 -0.941056867 0.329241751 0.632802091 -0.192635199 -0.738218016 0.132239762
173375.230146342 0.337827567 -0.986488569 0.303128925 0.610034685 -0.195726391 -0.758689738 0.118062463
173375.263480291 0.318452208 -1.007711596 0.315034582 0.585424247 -0.196449830 -0.779520695 0.105039995
173375.296814241 0.299421255 -1.032110217 0.325825266 0.569147425 -0.192871919 -0.793510806 0.095980370
173375.330148190 0.280107498 -1.060504967 0.333123928 0.569207497 -0.189365535 -0.793720574 0.100753015
173375.363482139 0.259145035 -1.091444936 0.338887944 0.571899958 -0.179857762 -0.792492882 0.111967210
173375.396816088 0.236839635 -1.123521220 0.344377010 0.571494149 -0.162326612 -0.795354024 0.120235123
173375.430150038 0.213631399 -1.156483932 0.349222788 0.571188381 -0.139495029 -0.799660745 0.121768897
173375.463483987 0.189983211 -1.189743753 0.353362602 0.571895703 -0.115925519 -0.804383339 0.111642388
173375.496817936 0.166047518 -1.223339289 0.357169525 0.573424706 -0.090350113 -0.808960430 0.092757678
173375.530151885 0.141760746 -1.256986253 0.361650494 0.572434843 -0.063577499 -0.814873767 0.065245659
173375.563485834 0.117656788 -1.291038896 0.368003967 0.566899704 -0.035596857 -0.822470900 0.029986796
173375.596819784 0.095053927 -1.327572879 0.376221687 0.562222039 -0.011051733 -0.826912010 0.000874513
173375.630153733 0.075061628 -1.367432670 0.386386505 -0.563932408 0.000637495 0.825727723 0.012391909
173375.663487682 0.057458379 -1.409618303 0.397582457 -0.574365899 -0.001346657 0.818401473 0.017917288
173375.696821631 0.076392990 -1.455837879 0.437531661 -0.589959312 -0.006030946 0.807159512 0.020128602
173375.730155580 0.050870705 -1.498044195 0.425327770 -0.615703941 -0.005655849 0.787601459 0.023677220
173375.763489530 0.039270934 -1.543460437 0.443252309 -0.631247036 0.000436093 0.775272245 0.021907417
173375.796823479 0.028947191 -1.590442320 0.464831591 -0.642360807 0.006790485 0.766140580 0.018843954
173375.830157428 0.018844975 -1.636838403 0.489457232 -0.645651877 0.009763419 0.763366184 0.017618162
173375.863491377 0.008877602 -1.682423184 0.516121703 -0.641775402 0.011809001 0.766606881 0.017285012
173375.896825327 -0.000754520 -1.727559698 0.543599108 -0.631785348 0.014020530 0.774826351 0.017170483
173375.930159276 -0.009964401 -1.772641936 0.570595020 -0.616892655 0.014891703 0.786733206 0.016509163
173375.963493225 -0.018689512 -1.817843109 0.596067318 -0.600790170 0.014688776 0.799154041 0.013719699
173375.996827174 -0.033388463 -1.860134415 0.618358913 -0.588095140 0.014421210 0.808610128 0.009262615
173376.030161123 -0.040879502 -1.904841886 0.639054865 -0.576681249 0.014071930 0.816840365 0.003540696
173376.063495073 0.009877273 -1.937922627 0.709182248 0.560113303 -0.014080410 -0.828284688 0.004393817
173376.096829022 0.006632403 -1.980566880 0.729167893 0.543889664 -0.009334336 -0.839100988 0.002536741
173376.130162971 0.003255730 -2.021532237 0.747329764 -0.526451670 0.004492621 0.850190589 0.002101814
173376.163496920 -0.000256159 -2.062060178 0.762524968 -0.512702016 -0.000693125 0.858535488 0.007278671
173376.196830869 -0.004480615 -2.102826149 0.774561653 -0.505661730 -0.002814632 0.862673141 0.009661439
173376.230164819 0.023696409 -2.151104758 0.789796046 -0.494850531 -0.004392200 0.868909246 0.010019144
173376.263498768 0.058508131 -2.193624504 0.817983933 -0.483514037 -0.005931853 0.875250908 0.010716205
173376.296832717 0.054362280 -2.237466153 0.828029405 -0.473706936 -0.007718902 0.880544508 0.013547197
173376.330166666 0.048401975 -2.284660350 0.836635501 -0.465659080 -0.011560032 0.884834951 0.009751741
173376.363500616 0.040613667 -2.335750843 0.842307981 -0.466993397 -0.019551874 0.884044621 0.000001280
173376.396834565 0.031199110 -2.390393536 0.844853271 0.477769052 0.030858538 -0.877855976 0.012384214
173376.430168514 0.020101294 -2.448041712 0.845564759 0.490808949 0.042984975 -0.869918874 0.022361131
173376.463502463 0.007230336 -2.508201457 0.845493333 0.501500518 0.054734912 -0.862965744 0.028132615
173376.496836412 -0.007385746 -2.570206190 0.845366167 0.507794345 0.064401606 -0.858531597 0.030345234
173376.530170362 -0.023701130 -2.634470788 0.844352558 0.514061783 0.073798130 -0.854100364 0.028405763
173376.563504311 -0.041797129 -2.700556754 0.842240893 0.521292927 0.082664405 -0.849069445 0.022391003
173376.596838260 -0.062568042 -2.767199677 0.841325975 0.524046546 0.086523054 -0.847177269 0.013403523
173376.630172209 -0.085838414 -2.835214156 0.840896379 0.525432212 0.090518350 -0.846001558 0.002963588
173376.663506158 -0.111691928 -2.904269312 0.839585335 -0.529275728 -0.093877521 0.843209584 0.007198030
173376.696840108 -0.139881323 -2.973765082 0.837152308 -0.538645146 -0.093650526 0.837155549 0.016173191
173376.730174057 -0.170264746 -3.043924701 0.834725282 -0.549605734 -0.090048452 0.830304803 0.020463326
173376.763508006 -0.258626869 -3.061239794 0.831400190 -0.556153124 -0.078907796 0.826955404 0.024739073
173376.796841955 -0.295582202 -3.131108891 0.831128508 -0.556764565 -0.077686052 0.826573912 0.027452964
173376.830175905 -0.332691028 -3.200487493 0.831032224 -0.554156996 -0.076726541 0.828124869 0.035103611
173376.863509854 -0.370131668 -3.270619818 0.830727171 -0.548707549 -0.076938527 0.831259792 0.044806772
173376.896843803 -0.406851473 -3.341127692 0.829466723 -0.544056928 -0.075960897 0.833937350 0.052730417
173376.930177752 -0.442152749 -3.411694586 0.826909627 -0.542524611 -0.072881608 0.834919254 0.057141560
173376.963511701 -0.475386137 -3.481978235 0.823738604 -0.540883620 -0.070103229 0.835855435 0.062258643
173376.996845651 -0.505329486 -3.551431532 0.820205283 -0.538283571 -0.066443851 0.837151224 0.070808474
173377.030179600 -0.534910452 -3.625023595 0.815950808 -0.537021326 -0.061997239 0.837316776 0.081639789
173377.063513549 -0.557945364 -3.694979591 0.809389754 -0.539341280 -0.053780213 0.835309673 0.092067483
173377.096847498 -0.577284934 -3.766295077 0.801617532 -0.544393958 -0.042421261 0.831608160 0.101309045
173377.130181447 -0.593070336 -3.839213658 0.793825332 -0.548064387 -0.031109231 0.828642294 0.109588287
173377.163515397 -0.605038571 -3.913923590 0.786357401 -0.551269850 -0.021446876 0.826000660 0.115604902
173377.196849346 -0.612905596 -3.990526374 0.779282723 -0.554574079 -0.013460097 0.823338565 0.119916740
173377.230183295 -0.884111824 -4.095086971 0.788476170 -0.572218790 -0.009288074 0.810639867 0.123864421
173377.263517244 -0.893122000 -4.240682161 0.777743265 -0.577622673 -0.010600619 0.807230729 0.120905849
173377.296851194 -0.902516786 -4.328963187 0.770874631 -0.582354752 -0.011964917 0.804177805 0.118396962
173377.330185143 -0.907816767 -4.419207073 0.762023259 -0.589408866 -0.014515327 0.799297457 0.116232825
173377.363519092 -0.909565274 -4.510716618 0.751097050 -0.597777759 -0.012207968 0.793106537 0.116166850
173377.396853041 -0.904183818 -4.639202187 0.741811606 -0.602868292 -0.005347353 0.789205544 0.116943740
173377.430186990 -0.906961740 -4.732307882 0.729871110 -0.603008470 0.003514332 0.789088461 0.117080464
173377.463520940 -0.912291533 -4.826633258 0.717879291 -0.602649547 0.011218148 0.788911953 0.119606053
173377.496854889 -0.919604259 -4.921154161 0.706199414 -0.604652058 0.019861785 0.786444244 0.124526500
173377.530188838 -0.929632487 -5.016534042 0.695531481 -0.607168867 0.024963526 0.783552757 0.129490794
173377.563522787 -0.942692112 -5.112818121 0.686219964 -0.608816433 0.025298580 0.781769783 0.132433148
173377.596856736 -0.958174444 -5.210310821 0.677775716 -0.610351999 0.023613624 0.780389246 0.133811278
173377.630190686 -0.976534697 -5.309655976 0.669775508 -0.612127874 0.022340462 0.779345386 0.131989162
173377.663524635 -0.998353003 -5.411004121 0.662516805 -0.611830205 0.020614845 0.780237308 0.128329929
173377.696858584 -0.939945889 -5.630865573 0.663270411 -0.609732786 0.008777240 0.783597043 0.118846808
173377.730192533 -0.967609829 -5.738508168 0.657197542 -0.605989657 0.008502563 0.787092897 0.114843430
173377.763526483 -0.998687470 -5.849345723 0.651476154 -0.601824447 0.009561940 0.790874802 0.110602673
173377.796860432 -1.032273042 -5.961645520 0.645937108 -0.598302265 0.009998155 0.794513564 0.103356826
173377.830194381 -1.068226701 -6.075016062 0.640681415 -0.594847753 0.008003528 0.798435924 0.092693958
173377.863528330 -1.106098177 -6.188785890 0.636052125 -0.591517709 0.002135514 0.802002512 0.083031379
173377.896862279 -1.145526165 -6.302512355 0.631557870 -0.589844878 -0.006310219 0.803743000 0.077719957
173377.930196229 -1.186380787 -6.415768620 0.626994732 -0.590625969 -0.014408372 0.803162887 0.076699020
173377.963530178 -1.228683106 -6.528537332 0.622614071 -0.592017767 -0.021149165 0.801769019 0.078956419
173377.996864127 -1.256220751 -6.697900039 0.609806706 -0.592363118 -0.028275307 0.801102044 0.080882372
173378.030198076 -1.301497256 -6.811853573 0.606632764 -0.589701610 -0.031875397 0.802427159 0.085712456
173378.063532025 -1.347508913 -6.924701539 0.604549956 -0.585116539 -0.035612505 0.804720389 0.093784227
173378.096865975 -1.393788757 -7.036325270 0.603489785 -0.579132360 -0.037739067 0.807756532 0.103493277
173378.130199924 -1.439928588 -7.146858631 0.603056800 -0.573803311 -0.037512864 0.809994984 0.115111555
173378.163533873 -1.512677030 -7.377445613 0.554066215 -0.568483754 -0.036810235 0.811378584 0.130904625
173378.196867822 -1.556900811 -7.489222419 0.553767192 -0.564319054 -0.030560610 0.811933076 0.146201008
173378.230201772 -1.599180126 -7.599532793 0.554452416 -0.558109028 -0.021780212 0.812771235 0.165658853
173378.263535721 -1.638640762 -7.708992338 0.555505162 -0.551003105 -0.012256450 0.812606379 0.189515779
173378.296869670 -1.674420174 -7.818157628 0.556310308 -0.543835814 -0.000556794 0.810573532 0.217285172
173378.330203619 -1.706564399 -7.927550539 0.556602944 -0.534717867 0.011952375 0.807626546 0.248341107
173378.363537568 -1.735244233 -8.037805662 0.555479676 -0.524916487 0.025966519 0.803470480 0.279684839
173378.396871518 -1.760769298 -8.149633516 0.552159002 -0.515875613 0.042654937 0.797610010 0.309630715
173378.430205467 -1.783162027 -8.263590228 0.546247974 -0.509211709 0.062864397 0.789031334 0.337906874
173378.463539416 -1.802433399 -8.380343078 0.537975746 -0.503808639 0.086534515 0.777641478 0.366008694
173378.496873365 -1.819023506 -8.500606934 0.527706736 -0.497222037 0.112561146 0.764526363 0.394461247
173378.530207314 -1.833968451 -8.625168950 0.515515007 -0.488836991 0.140628988 0.750658484 0.421632214
173378.563541264 -1.848318469 -8.754264989 0.501780087 -0.479256857 0.168409557 0.736391246 0.446854583
173378.596875213 -1.862880535 -8.888008487 0.486633704 -0.470173953 0.193592659 0.721323930 0.470266015
173378.630209162 -1.878780480 -9.026592475 0.470380377 -0.462832020 0.215174453 0.704926832 0.492508516
173378.663543111 -1.897372007 -9.169873230 0.453393441 -0.458007636 0.232418154 0.688334733 0.512255896
173378.696877061 -1.919957649 -9.317604944 0.436133620 -0.456247721 0.243398893 0.672015369 0.530085220
173378.730211010 -1.947963351 -9.469463006 0.418470847 -0.458602166 0.248361264 0.656633851 0.544823570
173378.763544959 -1.982574503 -9.625115250 0.399629720 -0.466384722 0.251503436 0.643098098 0.552861781
173378.796878908 -2.024570798 -9.784209148 0.379065885 -0.479740461 0.255293228 0.632918692 0.551442098
173378.830212857 -2.073977638 -9.946243587 0.356866248 -0.497658859 0.257735794 0.625897362 0.542365571
173378.863546807 -2.129653778 -10.110865189 0.333813194 -0.517839627 0.252033566 0.619393317 0.533547674
173378.896880756 -2.254364985 -9.802235612 0.396637230 -0.538682503 0.242494079 0.609551324 0.528644461
173378.930214705 -2.359549937 -9.913170024 0.377395603 -0.556116775 0.211541703 0.606966895 0.526854276
173378.963548654 -2.215461942 -10.410125857 0.226054903 -0.576009802 0.156149731 0.616266795 0.513853293
173378.996882603 -2.290027490 -10.582660829 0.197868297 -0.594648485 0.115177943 0.620414106 0.498210355
173379.030216553 -2.368117421 -10.762709137 0.166878446 -0.614510647 0.076773705 0.626843089 0.472810961
173379.063550502 -2.447593973 -10.948077880 0.134009031 -0.633119315 0.042558338 0.634725539 0.440990035
173379.096884451 -2.526996366 -11.138414632 0.100925158 -0.647993938 0.012411521 0.643387673 0.407433569
173379.130218400 -2.616881144 -11.331062330 0.069103011 -0.657550642 -0.014996325 0.654297012 0.373226049
173379.163552350 -2.694741513 -11.530672059 0.037927379 -0.664664175 -0.041788093 0.666590586 0.334861584
173379.196886299 -2.769759079 -11.733935253 0.008844961 -0.671305325 -0.065425948 0.677726399 0.292840459
173379.230220248 -2.842399404 -11.939863703 -0.017447471 -0.675742048 -0.085236240 0.688095723 0.250263349
173379.263554197 -2.913053101 -12.146965614 -0.040365986 -0.674955857 -0.104793017 0.699059648 0.211585974
173379.296888146 -2.981874289 -12.355028087 -0.060417340 -0.670978021 -0.122321069 0.710119355 0.174804329
173379.330222096 -3.049783198 -12.563313264 -0.078247291 -0.663913816 -0.138787056 0.721272083 0.140439239
173379.363556045 -3.050563139 -12.794040855 -0.099078866 -0.658349378 -0.154253475 0.728981359 0.106621482
173379.396889994 -3.115821597 -13.000469656 -0.114384743 -0.654042830 -0.162166523 0.734232223 0.082662197
173379.430223943 -3.181355831 -13.207532046 -0.128679280 -0.649788458 -0.171556934 0.737587983 0.065628856
173379.463557892 -3.247099851 -13.414382756 -0.142609156 -0.644173998 -0.180893168 0.741236393 0.053722734
173379.496891842 -3.313114616 -13.621365092 -0.156611120 -0.636255009 -0.191513465 0.746044277 0.043818869
173379.530225791 -3.380060323 -13.828785633 -0.171531497 -0.628358805 -0.202363947 0.750492705 0.031220896
173379.563559740 -3.447614755 -14.035829608 -0.187465233 -0.622488703 -0.213702799 0.752687693 0.017325255
173379.596893689 -3.515224602 -14.241458734 -0.205056968 -0.621895045 -0.222017309 0.750942092 0.006390769
173379.630227639 -3.583601622 -14.445266422 -0.223292703 0.622072266 0.228185984 -0.748970772 0.000189766
173379.663561588 -3.653349982 -14.646986032 -0.241292827 0.618868933 0.230737014 -0.750839213 0.001466404
173379.696895537 -3.724607602 -14.846278629 -0.259055462 -0.613262932 -0.229856561 0.755690089 0.002650904
173379.730229486 -3.797019394 -15.043191748 -0.276965518 -0.607572865 -0.224867928 0.761682262 0.011391264
173379.763563435 -3.870364993 -15.238401655 -0.295171998 -0.603058775 -0.216064732 0.767532595 0.023018715
173379.796897385 -3.944334205 -15.432673304 -0.313372241 -0.599820082 -0.205604912 0.772462260 0.035278116
173379.830231334 -4.018528010 -15.626917808 -0.331043138 -0.595848965 -0.194614314 0.777570444 0.049734136
173379.863565283 -4.092598317 -15.821781381 -0.348532566 -0.593178291 -0.184050663 0.780979005 0.065853343
173379.896899232 -4.166055463 -16.017622274 -0.366296930 -0.593657349 -0.171057508 0.781725110 0.084947820
173379.930233181 -4.239522091 -16.215253307 -0.383953700 -0.594451006 -0.159035696 0.781368881 0.103914968
173379.963567131 -4.313117588 -16.415655913 -0.401785354 -0.594564630 -0.148201016 0.780819018 0.121864765
173379.996901080 -4.387003687 -16.619539350 -0.420326823 -0.594185306 -0.137726494 0.780387489 0.137733810
173380.030235029 -4.461405215 -16.827771588 -0.439913501 -0.593408340 -0.127406660 0.780555029 0.149559124
173380.063568978 -4.536273307 -17.040883075 -0.460461198 -0.592675999 -0.119178171 0.780578681 0.158835279
173380.096902928 -4.611749004 -17.258813646 -0.481895409 -0.592906918 -0.114107913 0.779680480 0.165949150
173380.130236877 -4.687586441 -17.481300394 -0.504377137 -0.595176637 -0.110607401 0.776982655 0.172709951
173380.163570826 -4.764042126 -17.708157009 -0.527919864 -0.599208562 -0.107995058 0.772772175 0.179190768
173380.196904775 -4.841558787 -17.939274177 -0.552233721 -0.602996758 -0.105975728 0.768782477 0.184763522
173380.230238724 -4.920418769 -18.174426867 -0.577327832 -0.606075351 -0.103146612 0.765813541 0.188581722
173380.263572674 -5.000920171 -18.413393308 -0.603195548 -0.608965323 -0.099514448 0.763746672 0.189602560
173380.296906623 -5.083209192 -18.656012095 -0.629546442 -0.611530843 -0.095952698 0.762493919 0.188218309
173380.330240572 -5.167345039 -18.902120435 -0.656340044 -0.614734117 -0.093371858 0.761141148 0.184520498
173380.363574521 -5.253258442 -19.151733053 -0.683442162 -0.618137528 -0.091362213 0.759944264 0.179007425
173380.396908470 -5.340858958 -19.404893903 -0.710643595 -0.621483234 -0.089861535 0.759123590 0.171507639
173380.430242420 -5.430022261 -19.661566936 -0.737440817 -0.623522590 -0.089385696 0.759229462 0.163708281
173380.463576369 -5.520526744 -19.921648606 -0.763663580 -0.624177785 -0.089292867 0.760181864 0.156692090
173380.496910318 -5.612049820 -20.184958413 -0.789507806 -0.624858766 -0.088355099 0.760801862 0.151411445
173380.530244267 -5.050393109 -20.726937060 -0.905346203 -0.624277571 -0.106724982 0.763122394 0.128574897
173380.563578217 -5.021832371 -21.044876453 -0.946290230 -0.624609823 -0.109702414 0.763653051 0.121086605
173380.596912166 -5.104905348 -21.325652241 -0.972869945 -0.624160818 -0.109931678 0.764756848 0.116126068
173380.630246115 -5.188836864 -21.609506890 -0.999763165 -0.622881197 -0.109445075 0.766642465 0.110905911
173380.663580064 -5.069229505 -21.991169983 -1.060193200 -0.621277563 -0.112524247 0.768914389 0.100613843
173380.696914013 -5.150871286 -22.281543642 -1.089217770 -0.619305442 -0.108519690 0.771623125 0.096343134
173380.730247963 -5.233273317 -22.574622285 -1.119084599 -0.616488089 -0.104158253 0.775003111 0.091998222
173380.763581912 -5.316216921 -22.869595099 -1.149852204 -0.614039770 -0.100312058 0.777992953 0.087290420
173380.796915861 -5.399662612 -23.166181610 -1.181694971 -0.613050812 -0.096831499 0.779825859 0.081633281
173380.830249810 -5.483645818 -23.464386968 -1.214145398 -0.612366830 -0.094770927 0.781150157 0.076352930
173380.863583759 -5.568224879 -23.764157824 -1.246877573 -0.611514874 -0.095671177 0.782078630 0.072454127
173380.896917709 -5.653067757 -24.065209050 -1.280384883 -0.612655360 -0.098533743 0.780904853 0.071638829
173380.930251658 -5.738535641 -24.367170560 -1.314856400 -0.615817689 -0.101541475 0.777898646 0.073017795
173380.963585607 -5.825225054 -24.669761987 -1.349944633 -0.619463723 -0.105069742 0.774312761 0.075264821
173380.996919556 -5.913494464 -24.972507049 -1.385577676 -0.623521373 -0.109419725 0.770125295 0.078456684
173381.030253506 -6.003473965 -25.274936225 -1.421829086 -0.628247081 -0.113397459 0.765311238 0.082129962
173381.063587455 -6.095133823 -25.576719739 -1.458595799 -0.633892481 -0.116273186 0.759674605 0.086921595
173381.096921404 -6.188733660 -25.877648896 -1.495541469 -0.639678571 -0.118459374 0.753792061 0.092607945
173381.130255353 -6.284559723 -26.177686411 -1.532147940 -0.643783897 -0.120002356 0.749174005 0.099398382
173381.163589302 -6.382249242 -26.477417895 -1.568577668 -0.647675325 -0.121278433 0.744714432 0.105870816
173381.196923252 -6.481310964 -26.777698246 -1.604677798 -0.651821430 -0.122484007 0.740151395 0.110916203
173381.230257201 -6.581442832 -27.079453927 -1.639815000 -0.654721197 -0.124993441 0.736615720 0.114516704
173381.263591150 -6.682108288 -27.383612375 -1.673704578 -0.655547744 -0.129004003 0.734636522 0.118001280
173381.296925099 -6.782752446 -27.690592423 -1.706406055 -0.654239156 -0.133541691 0.733980218 0.124140175
173381.330259049 -6.882770243 -28.001038076 -1.738883966 -0.653139483 -0.136641665 0.732916819 0.132554923
173381.363592998 -6.982317682 -28.315211318 -1.771260051 -0.652199121 -0.138866015 0.731824433 0.140661066
173381.396926947 -7.081765102 -28.633539755 -1.803570552 -0.649651051 -0.141685891 0.732117622 0.147927036
173381.430260896 -7.181024912 -28.956175637 -1.836803057 -0.647831719 -0.143512512 0.732343329 0.152942709
173381.463594845 -7.280235539 -29.283053692 -1.870904042 -0.645917465 -0.143862882 0.733320429 0.155997590
173381.496928795 -7.379679494 -29.614003909 -1.905997789 -0.644318647 -0.144530176 0.734287852 0.157435256
173381.530262744 -7.479388090 -29.948781550 -1.942236412 -0.643469069 -0.145397811 0.734794790 0.157745522
173381.563596693 -7.579358398 -30.287025587 -1.979655063 -0.643438727 -0.145771333 0.734836578 0.157329357
173381.596930642 -7.679669548 -30.628477666 -2.018406446 -0.644825198 -0.145209771 0.733987445 0.156131406
173381.630264591 -7.780783555 -30.973230856 -2.058165539 -0.645791788 -0.144498622 0.733803755 0.153639722
173381.663598541 -7.883169461 -31.321174546 -2.098530849 -0.645027949 -0.143985207 0.735783033 0.147751598
173381.696932490 -7.986546148 -31.672115729 -2.139444882 -0.642643296 -0.143046358 0.739579969 0.139888540
173381.730266439 -8.090666466 -32.025778285 -2.181191792 -0.640425809 -0.140874556 0.743391896 0.131824244
173381.763600388 -8.195646970 -32.382114464 -2.223471738 -0.637676161 -0.137852024 0.747646168 0.124061035
173381.796934338 -8.301437612 -32.741298104 -2.266400558 -0.635135893 -0.135985116 0.751424854 0.116065214
173381.830268287 -8.407821023 -33.103331124 -2.310395573 -0.634459233 -0.134504153 0.753558554 0.107329497
173381.863602236 -8.514679243 -33.468278802 -2.355319812 -0.634932489 -0.133319232 0.754523477 0.098899139
173381.896936185 -8.621658244 -33.836474475 -2.401068917 -0.635709391 -0.132996768 0.754867182 0.091438327
173381.930270134 -8.857792860 -34.150611830 -2.427883066 -0.635831959 -0.131525027 0.755404468 0.088221184
173381.963604084 -8.972202991 -34.523450220 -2.472625580 -0.635249489 -0.133282093 0.756073001 0.083949909
173381.996938033 -9.084072628 -34.898582331 -2.519720081 -0.635189435 -0.135023458 0.756179021 0.080599854
173382.030271982 -9.197397566 -35.276384094 -2.567403821 -0.635776973 -0.137283014 0.755622085 0.077306401
173382.063605931 -9.312401222 -35.656801793 -2.615434977 -0.636481367 -0.140673529 0.754758809 0.073766979
173382.096939880 -9.429023273 -36.039846091 -2.663864620 -0.638141012 -0.144343219 0.753038517 0.069814576
173382.130273830 -9.547254461 -36.425647083 -2.712502426 -0.640670379 -0.148519608 0.750433155 0.065829108
173382.163607779 -8.005337311 -37.526696102 -2.989912181 -0.638713360 -0.183184280 0.746560426 0.033708947
173382.196941728 -8.106691746 -37.930461495 -3.041080202 -0.640125583 -0.189943325 0.743778605 0.030889466
173382.230275677 -8.209748960 -38.339011235 -3.092696091 -0.641136838 -0.197245432 0.741122958 0.027830844
173382.263609627 -8.313897595 -38.750743557 -3.144773632 -0.642068185 -0.203883675 0.738625794 0.024735164
173382.296943576 -8.419088951 -39.165622748 -3.197365782 -0.642879332 -0.210171981 0.736251459 0.021626182
173382.330277525 -8.525173519 -39.583554456 -3.250481609 -0.643267682 -0.216151452 0.734249394 0.019054319
173382.363611474 -8.631947323 -40.004340744 -3.304289512 -0.644089713 -0.221166218 0.732069595 0.017551440
173382.396945423 -8.739377071 -40.427904401 -3.358843962 -0.645722544 -0.225194538 0.729411856 0.016975293
173382.430279373 -8.847472726 -40.854302695 -3.414071968 -0.647880402 -0.228572188 0.726439837 0.017055900
173382.463613322 -8.956328526 -41.283608563 -3.469971011 -0.650511160 -0.231380194 0.723184852 0.017381201
173382.496947271 -9.065955595 -41.715943011 -3.526429827 -0.653274760 -0.233281882 0.720082497 0.017112831
173382.530281220 -9.176212712 -42.151321074 -3.583355424 -0.656215873 -0.233670803 0.717285559 0.016736522
173382.563615169 -9.287089455 -42.589587858 -3.640557231 -0.658863552 -0.232781812 0.715123882 0.017586418
173382.596949119 -9.398645672 -43.030407676 -3.698052675 -0.660872096 -0.229538250 0.714208080 0.021612108
173382.630283068 -9.511243814 -43.473373414 -3.756070415 -0.662673638 -0.222654424 0.714490138 0.028151356
173382.663617017 -9.625445869 -43.918382368 -3.814447287 -0.663219945 -0.210434759 0.717353682 0.035499450
173382.696950966 -9.742003867 -44.365895001 -3.872395528 -0.659560364 -0.195469473 0.724637022 0.040902292
173382.730284916 -9.860999977 -44.816114596 -3.929157327 -0.650426433 -0.179033916 0.736799669 0.044928387
173382.763618865 -9.981617835 -45.269009562 -3.984352197 -0.638340267 -0.162025310 0.750867575 0.049672804
173382.796952814 -10.102861600 -45.725100027 -4.037833735 -0.625627202 -0.145717848 0.764320397 0.056313795
173382.830286763 -10.223923428 -46.185093886 -4.089290042 -0.612682742 -0.132522703 0.776323532 0.066176770
173382.863620712 -10.344397052 -46.649768305 -4.138435334 -0.597171960 -0.125032688 0.788237509 0.080212880
173382.896954662 -10.463532426 -47.119430043 -4.186140533 -0.580218582 -0.121531350 0.799143097 0.099733841
173382.930288611 -10.584252984 -47.596484468 -4.233319456 -0.561739275 -0.125143138 0.809168584 0.118466808
173382.963622560 -10.708449407 -48.081474640 -4.281483456 -0.542429920 -0.133337678 0.819838635 0.125918459
173382.996956509 -10.832323701 -48.571042720 -4.332039999 -0.525440126 -0.133912400 0.830330466 0.128574727
173383.030290458 -10.954444088 -49.063789698 -4.382673694 -0.505508990 -0.130312792 0.842352068 0.133873935
173383.063624408 -11.074047491 -49.559918515 -4.431503421 -0.475091046 -0.128036661 0.858208014 0.146198893
173383.096958357 -11.192557775 -50.059692760 -4.480605980 -0.440651418 -0.126821045 0.874426981 0.158493553
173383.130292306 -11.313292510 -50.564190448 -4.530947536 -0.414103212 -0.129875778 0.885651489 0.165143123
173383.163626255 -11.435986760 -51.072868691 -4.582831512 -0.391922701 -0.132856083 0.895189484 0.165474002
173383.196960205 -11.560218435 -51.584427566 -4.636963564 -0.374173163 -0.136265485 0.902523100 0.163945772
173383.230294154 -11.686339041 -52.098312480 -4.693572100 -0.361606173 -0.141355601 0.906736886 0.164583685
173383.263628103 -11.814802245 -52.613970485 -4.753655266 -0.356636216 -0.150691945 0.907172219 0.164745598
173383.296962052 -11.946329917 -53.131123363 -4.819127260 -0.365206879 -0.157826189 0.902642741 0.164167331
173383.330296001 -12.080916813 -53.649482786 -4.889847331 -0.384849581 -0.163257600 0.893651056 0.163173360
173383.363629951 -12.217500386 -54.169053705 -4.965181053 -0.409098751 -0.167049359 0.882097043 0.163210081
173383.396963900 -12.354645183 -54.689648155 -5.044596445 -0.435364060 -0.168552180 0.868477516 0.166718631
173383.430297849 -12.493281074 -55.212241406 -5.127493080 -0.461630475 -0.170509353 0.853903759 0.169328779
173383.463631798 -12.633730193 -55.736983387 -5.213615715 -0.486234248 -0.173950635 0.839321269 0.169874186
173383.496965747 -12.774163299 -56.262984590 -5.303269005 -0.512113471 -0.174059954 0.823299685 0.172106230
173383.530299697 -12.913868999 -56.789803443 -5.396520376 -0.542377677 -0.165712045 0.804315737 0.177319395
173383.563633646 -13.052595655 -57.317703198 -5.493401410 -0.580349669 -0.149202803 0.779024286 0.184537116
173383.596967595 -13.189464911 -57.847016511 -5.593629940 -0.627381314 -0.125782832 0.743556310 0.194152979
173383.630301544 -13.323890697 -58.378253513 -5.695800070 -0.677414303 -0.097143228 0.698801963 0.208203919
173383.663635494 -13.456506512 -58.912518445 -5.798346629 -0.725772747 -0.072824699 0.646466931 0.223676083
173383.696969443 -13.588128414 -59.450194774 -5.898531337 -0.765213016 -0.059232569 0.593271738 0.242835722
173383.730303392 -13.720944968 -59.992233066 -5.995452660 -0.793313906 -0.056249192 0.548571571 0.257988966
173383.763637341 -13.856788834 -60.538246526 -6.088737070 -0.809766685 -0.063140081 0.517144585 0.269912440
173383.796971290 -13.994600593 -61.087232670 -6.179461720 -0.820242415 -0.072003525 0.493461845 0.280202214
173383.830305240 -14.133022483 -61.638394266 -6.267442723 -0.827730407 -0.078796212 0.472142648 0.292805142
173383.863639189 -14.272723702 -62.192092804 -6.352561872 -0.832579513 -0.082085859 0.454283786 0.306103754
173383.896973138 -14.413560353 -62.750273433 -6.435201881 -0.837015989 -0.068079644 0.442789993 0.314175775
173383.930307087 -14.558603405 -63.313718828 -6.513654281 -0.833690956 -0.061882371 0.447630251 0.317422621
173383.963641036 -14.709155511 -63.881337893 -6.589555968 -0.821720346 -0.056113845 0.469497933 0.318117275
173383.996974986 -14.864242890 -64.453664172 -6.662956227 -0.801831032 -0.050213717 0.503384195 0.318040768
173384.030308935 -15.022394753 -65.030980076 -6.733403492 -0.776475632 -0.043177680 0.543288225 0.316321331
173384.063642884 -15.181639864 -65.613444799 -6.800916425 -0.749895224 -0.031518944 0.583369964 0.310392001
173384.096976833 -15.342041362 -66.202148131 -6.865334506 -0.723552120 -0.022118078 0.621946935 0.298605309
173384.130310783 -15.503604270 -66.797189346 -6.926426287 -0.695626542 -0.015096418 0.660229624 0.282794370
173384.163644732 -15.665976483 -67.398749121 -6.984736068 -0.663565722 -0.012457044 0.699538173 0.264899415
173384.196978681 -15.828822043 -68.007030123 -7.041413800 -0.627577205 -0.018237017 0.738803222 0.244916441
173384.230312630 -15.991885861 -68.621860343 -7.097916977 -0.588555071 -0.035724635 0.776220169 0.223179139
173384.263646579 -16.154844404 -69.242859773 -7.155898260 -0.547003589 -0.057028098 0.810869051 0.200065618
173384.296980529 -16.367038070 -69.847176314 -7.208979759 -0.503320347 -0.078388585 0.841679606 0.179162771
173384.330314478 -16.529501341 -70.479218494 -7.273668052 -0.458712469 -0.098593772 0.868730096 0.158651058
173384.363648427 -16.692127911 -71.115880663 -7.343163263 -0.415949884 -0.113452478 0.891601428 0.138423707
173384.396982376 -16.855829917 -71.756786044 -7.417804807 -0.378449166 -0.126983109 0.909335700 0.117303471
173384.430316325 -17.020842922 -72.401894585 -7.497834708 -0.344505365 -0.144746412 0.922350268 0.098155551
173384.463650275 -17.187438203 -73.050420576 -7.583696817 -0.316479897 -0.165313630 0.930612041 0.080455621
173384.496984224 -17.355922321 -73.701658543 -7.674793610 -0.301406825 -0.178652213 0.934537759 0.062261466
173384.530318173 -17.526549443 -74.355364733 -7.768813739 -0.294592106 -0.186239985 0.936271781 0.043878361
173384.563652122 -17.698794507 -75.012468325 -7.865642798 -0.291212343 -0.195527841 0.936033111 0.028394536
173384.596986072 -17.872176892 -75.672003301 -7.965819317 -0.292010901 -0.204462796 0.934177863 0.015372702
173384.630320021 -17.976169349 -76.372651354 -8.081957570 -0.299984091 -0.209404731 0.930676024 0.001158186
173384.663653970 -18.151872641 -77.038471042 -8.189111064 0.310962806 0.212512061 -0.926298134 0.010607708
173384.696987919 -18.329902679 -77.706601818 -8.300464275 0.328855481 0.211684813 -0.920128903 0.020159723
173384.730321868 -18.510292146 -78.376287601 -8.416794159 0.359874192 0.211304007 -0.908446743 0.023784389
173384.763655818 -18.692437689 -79.047403370 -8.538388768 0.404457877 0.212963854 -0.889134856 0.022347945
173384.796989767 -18.874876470 -79.719658505 -8.664391778 0.456846711 0.213227826 -0.863449851 0.016713224
173384.830323716 -19.056911484 -80.392942848 -8.794193235 0.514054513 0.214804212 -0.830392851 0.007404088
173384.863657665 -19.238819230 -81.068788711 -8.926662570 -0.573224420 -0.221434452 0.788909405 0.001580535
173384.896991614 -19.420097042 -81.748325139 -9.060739382 -0.629670843 -0.227305161 0.742854091 0.003846131
173384.930325564 -19.600373953 -82.431740813 -9.194530369 -0.679998757 -0.233828368 0.694918287 0.003815750
173384.963659513 -19.781379742 -83.119495033 -9.326216917 -0.720777043 -0.242381940 0.649406011 0.001811818
173384.996993462 -19.963909257 -83.811855826 -9.455098775 0.750220666 0.250177075 -0.612026273 0.002055275
173385.030327411 -20.148092144 -84.508755677 -9.580579397 0.771100069 0.256318460 -0.582791879 0.007691320
173385.063661361 -20.334711798 -85.209684107 -9.701524330 0.783109068 0.258191897 -0.565659986 0.010291330
173385.096995310 -20.524893006 -85.914450090 -9.818229077 0.785511969 0.256156745 -0.563251637 0.010112472
173385.130329259 -20.718854917 -86.622513124 -9.931493390 0.779340724 0.250546686 -0.574275174 0.007900576
173385.163663208 -20.916076296 -87.332817889 -10.041871613 0.766194390 0.243196277 -0.594806366 0.002667296
173385.196997157 -21.115442848 -88.044138161 -10.150173238 -0.749084101 -0.234106294 0.619699388 0.006318407
173385.230331107 -21.315786638 -88.755807388 -10.257002822 -0.730560810 -0.222446419 0.645282902 0.020210646
173385.263665056 -21.516009790 -89.467999542 -10.363200691 -0.712908750 -0.207322578 0.668870841 0.037286207
173385.296999005 -21.715626733 -90.180620733 -10.469461139 -0.697267138 -0.188249690 0.689188343 0.058309692
173385.330332954 -21.914565190 -90.894132123 -10.575742794 -0.682433919 -0.167953750 0.706427264 0.083880901
173385.363666903 -22.112656637 -91.609261876 -10.682232842 -0.669192876 -0.147867106 0.719359644 0.113304531
173385.397000853 -22.309967045 -92.326941854 -10.789360857 -0.658391658 -0.127131622 0.727600951 0.144757838
173385.430334802 -22.506617710 -93.048183594 -10.896592025 -0.647780480 -0.110758391 0.732847992 0.176201163
173385.463668751 -22.703254519 -93.773581117 -11.004117000 -0.636521146 -0.096284794 0.736881799 0.206337790
173385.497002700 -22.900740930 -94.503857599 -11.112349406 -0.623843602 -0.085109986 0.741184270 0.232854737
173385.530336650 -23.099239050 -95.238858445 -11.221538955 -0.609641024 -0.076055905 0.745914150 0.257226363
173385.563670599 -23.298001884 -95.978512236 -11.332160149 -0.596975656 -0.067348641 0.748427935 0.280962368
173385.597004548 -24.077432010 -96.295109031 -11.313342982 -0.585985745 -0.052776166 0.747504903 0.308337159
173385.630338497 -24.282373503 -97.038742890 -11.426185065 -0.577246903 -0.042336806 0.745844559 0.329711240
173385.663672446 -24.488094946 -97.786686626 -11.540699232 -0.570417412 -0.030024490 0.741983821 0.350973666
173385.697006396 -24.694886027 -98.539136024 -11.657097148 -0.564921841 -0.016984111 0.736858992 0.370963177
173385.730340345 -24.902143686 -99.296528118 -11.775372572 -0.559405276 -0.002178829 0.731125079 0.390534388
173385.763674294 -25.110586519 -100.058857437 -11.895491015 -0.553966555 0.014201720 0.724777276 0.409410878
173385.797008243 -25.320973961 -100.826035572 -12.017448930 -0.547713603 0.030379960 0.719759552 0.425479794
173385.830342192 -25.532823800 -101.598126931 -12.140694029 -0.540479065 0.045687440 0.716028409 0.439429581
173385.863676142 -25.745474881 -102.374793769 -12.265089341 -0.533215784 0.060959460 0.711464362 0.453633480
173385.897010091 -25.958801837 -103.155909476 -12.390616234 -0.527574541 0.076217255 0.704604598 0.468389148
173385.930344040 -26.172591563 -103.941643628 -12.517129259 -0.523699877 0.091180632 0.695072045 0.484044815
173385.963677989 -26.387037159 -104.732205877 -12.644717937 -0.520571783 0.105569307 0.683694582 0.500421681
173385.997011939 -26.602677873 -105.527901031 -12.773416841 -0.516038652 0.120020453 0.672799610 0.516371847
173386.030345888 -26.819580043 -106.329084774 -12.903283935 -0.508671392 0.134829954 0.663430728 0.531915376
173386.063679837 -27.037787117 -107.135825043 -13.034440201 -0.497447964 0.150363241 0.655905202 0.547471264
173386.097013786 -27.257338698 -107.948048375 -13.166949344 -0.481495939 0.166294228 0.650378893 0.563484859
173386.130347735 -27.477831364 -108.765772361 -13.300943966 -0.461163360 0.182686801 0.645734401 0.580500621
173386.163681685 -27.698742926 -109.589094517 -13.436860903 -0.437470809 0.200161905 0.640156684 0.598960702
173386.197015634 -27.919961300 -110.418101157 -13.575067079 -0.412852093 0.220278232 0.631865267 0.617881003
173386.230349583 -28.141807351 -111.252731035 -13.715584264 -0.388749711 0.243565303 0.620785033 0.635748023
173386.263683532 -28.364203004 -112.093813590 -13.858589125 -0.364102723 0.268932141 0.608053831 0.652207980
173386.297017481 -28.587107203 -112.941471517 -14.003501679 -0.339362455 0.295263245 0.592373236 0.668391120
173386.330351431 -28.811199177 -113.794638714 -14.149533805 -0.315119359 0.319474772 0.575464523 0.683722343
173386.363685380 -29.036781309 -114.653068894 -14.296495842 -0.292233524 0.340335723 0.558652123 0.697623801
173386.397019329 -29.263721515 -115.517087460 -14.444705357 -0.270599698 0.358658386 0.541784372 0.710358825
173386.430353278 -29.491856470 -116.386836742 -14.593875354 -0.249611071 0.373902678 0.524040858 0.723375614
173386.463687228 -29.721488454 -117.261899075 -14.744208061 -0.229536518 0.387314681 0.505044811 0.736362726
173386.497021177 -29.952817531 -118.142089089 -14.895959427 -0.209241996 0.400096634 0.484881923 0.749019353
173386.530355126 -30.186121465 -119.027162060 -15.048934974 -0.189142391 0.411576920 0.464341328 0.761062892
173386.563689075 -30.421867217 -119.917004188 -15.203362935 -0.169494228 0.422440888 0.444600712 0.771456810
173386.597023024 -30.660307614 -120.811752613 -15.359388676 -0.150145845 0.433805122 0.424898954 0.780211651
173386.630356974 -30.901483174 -121.710959353 -15.516765490 -0.130806773 0.444690072 0.405329036 0.787939529
173386.663690923 -31.145196449 -122.614118080 -15.675020323 -0.112037814 0.455123289 0.385494021 0.794798515
173386.697024872 -31.391586586 -123.521112751 -15.834455696 -0.093513145 0.464357619 0.366230379 0.800938576
173386.730358821 -31.640897221 -124.432716032 -15.995609902 -0.074621715 0.473107047 0.346213293 0.806683133
173386.763692770 -31.892636845 -125.348175461 -16.158160702 -0.056101995 0.481968866 0.325492463 0.811549897
173386.797026720 -32.146936389 -126.267171313 -16.321955051 -0.038593017 0.490907740 0.305382276 0.815022598
173386.830360669 -32.404241744 -127.189501427 -16.486999757 -0.022530436 0.500845109 0.287349052 0.816135453
173386.863694618 -32.664258604 -128.114696026 -16.652763331 -0.008186539 0.509895821 0.272512000 0.815889969
173386.897028567 -32.926933394 -129.042693766 -16.818528526 0.004520281 0.516294079 0.260198692 0.815914598
173386.930362517 -33.192564106 -129.973627180 -16.984140161 0.015459823 0.519838605 0.249330881 0.816922842
173386.963696466 -33.461423192 -130.907590587 -17.149794320 0.024523344 0.521773287 0.238720826 0.818635212
173386.997030415 -33.733353170 -131.843920522 -17.315754054 0.031114110 0.523368445 0.229455481 0.820041197
173387.030364364 -34.008109680 -132.781966542 -17.482185749 0.035356353 0.524945519 0.223098498 0.820615129
173387.063698313 -34.285524040 -133.721514999 -17.648981863 0.037237772 0.525920234 0.219956373 0.820756023
173387.097032263 -34.374894448 -134.762771476 -17.838935872 0.035389129 0.525350352 0.221825706 0.820699685
173387.130366212 -34.655965141 -135.705834786 -18.006321294 0.031397986 0.524089267 0.225343551 0.820709992
173387.163700161 -34.939996352 -136.650883469 -18.174102925 0.024344564 0.522184866 0.231800402 0.820365090
173387.197034110 -35.226826779 -137.597627298 -18.342075571 0.015055162 0.518845286 0.241483071 0.819913921
173387.230368059 -35.516301721 -138.546103012 -18.510344172 0.003451025 0.514368748 0.254223348 0.819013657
173387.263702009 -35.808211183 -139.496451688 -18.679004849 -0.009990623 0.509325223 0.269959564 0.817073949
173387.297035958 -36.102431460 -140.449005943 -18.847973168 -0.025273732 0.503402599 0.287690613 0.814359363
173387.330369907 -36.399110976 -141.404140809 -19.017445431 -0.042898020 0.496961170 0.306917347 0.810549874
173387.363703856 -36.698584879 -142.362301104 -19.187447423 -0.062881689 0.489501817 0.327702160 0.805633389
173387.397037806 -37.000915003 -143.323976813 -19.358132027 -0.084910316 0.480513489 0.349416922 0.799878015
173387.430371755 -37.306108584 -144.289602660 -19.529638816 -0.107774916 0.469835485 0.371689215 0.793401734
173387.463705704 -37.722155620 -145.009372657 -19.622951273 -0.130316248 0.458048031 0.393787470 0.786219502
173387.497039653 -38.033911686 -145.981213723 -19.795858666 -0.152992745 0.444496551 0.417677315 0.777535656
173387.530373602 -38.348568116 -146.958059226 -19.969855058 -0.175699461 0.429292675 0.441870931 0.767846064
173387.563707552 -38.399007968 -148.231486656 -20.231974157 -0.200220225 0.411498944 0.468145282 0.755923591
173387.597041501 -38.718135313 -149.220641344 -20.408587808 -0.227125042 0.393221905 0.492240963 0.742623447
173387.630375450 -39.040849499 -150.215267497 -20.586583084 -0.256157014 0.373149751 0.514487382 0.728316951
173387.663709399 -39.366722447 -151.216077889 -20.766566877 -0.284654551 0.352865020 0.533506687 0.714022884
173387.697043348 -39.695512424 -152.222217072 -20.948742053 -0.312011758 0.333061556 0.550196241 0.699287322
173387.730377298 -40.871063714 -152.919859929 -21.053934598 -0.335590481 0.316264726 0.561426046 0.687136411
173387.763711247 -42.939848616 -153.138252980 -21.032171840 -0.355358285 0.303807509 0.567912032 0.677419671
173387.797045196 -43.548003723 -154.162802020 -21.245012213 -0.376203675 0.287447163 0.580735427 0.662262250
173387.830379145 -43.841277990 -155.078136135 -21.389828068 -0.394940365 0.271591521 0.594370944 0.645742468
173387.863713095 -43.975076772 -156.217775616 -21.607051384 -0.411626896 0.256436809 0.608213458 0.628394662
173387.897047044 -44.336696812 -157.244396107 -21.800225198 -0.425597799 0.242542801 0.620709177 0.612176136
173387.930380993 -44.699916310 -158.275856066 -21.994984917 -0.438623900 0.228725313 0.632274553 0.596257239
173387.963714942 -45.093165556 -159.509470095 -22.255662497 -0.452513838 0.214421400 0.643324881 0.579126745
173387.997048891 -45.459712051 -160.551394723 -22.454008941 -0.467837858 0.200572524 0.652804992 0.561020538
173388.030382841 -45.827548408 -161.597641107 -22.653625578 -0.485862104 0.186637256 0.660544243 0.541096899
173388.063716790 -46.196981020 -162.648913606 -22.854693885 -0.507636432 0.170706390 0.667024676 0.517921483
173388.097050739 -47.153554166 -163.272650522 -22.933909021 -0.530672253 0.155584670 0.670510208 0.494566913
173388.130384688 -47.529716471 -164.330169064 -23.135476141 -0.553032150 0.136902497 0.674729960 0.469204251
173388.163718637 -47.190367758 -165.714287000 -23.408770337 -0.573757893 0.115503712 0.680192537 0.441360267
173388.197052587 -47.472089308 -166.939181888 -23.657857858 -0.590783204 0.096233980 0.685236855 0.414927319
173388.230386536 -47.900871081 -168.017847512 -23.859276185 -0.603940885 0.076512606 0.691895577 0.388177458
173388.263720485 -47.194425251 -170.032224458 -24.337404813 -0.615195239 0.049723900 0.701796357 0.355730551
173388.297054434 -47.562695084 -171.128072483 -24.545155588 -0.624123629 0.027973927 0.709502899 0.326025751
173388.330388384 -47.930308884 -172.227741319 -24.754037124 -0.633354297 0.005940250 0.715345272 0.295140965
173388.363722333 -48.297258250 -173.331488933 -24.964208530 -0.643431623 -0.016064728 0.718341398 0.264051711
173388.397056282 -48.663596374 -174.439127385 -25.175529515 -0.654625628 -0.037943266 0.718123234 0.233076416
173388.430390231 -49.029285680 -175.550533309 -25.387464561 -0.665750075 -0.059687511 0.715537131 0.203029193
173388.463724180 -49.394914475 -176.665738619 -25.599642841 -0.675438533 -0.081296889 0.712091480 0.173491578
173388.497058130 -49.760798269 -177.784876023 -25.811928881 -0.683126943 -0.102400782 0.708517206 0.144412703
173388.530392079 -50.126806859 -178.907746681 -26.024209526 -0.689197338 -0.121993929 0.704534023 0.117287343
173388.563726028 -50.493468140 -180.034129516 -26.236440079 -0.693677638 -0.139679467 0.700457248 0.093062471
173388.597059977 -50.860896759 -181.163709690 -26.448608942 -0.697179263 -0.155513276 0.696082026 0.072294598
173388.630393926 -51.229280825 -182.296209249 -26.660897838 -0.700306120 -0.169112446 0.691382128 0.054434102
173388.663727876 -51.428745135 -183.566436638 -26.910970963 -0.702957875 -0.180516442 0.686898398 0.037876505
173388.697061825 -51.799654122 -184.705525999 -27.124947920 -0.704888292 -0.188052448 0.683505583 0.024267063
173388.730395774 -52.173024430 -185.846870898 -27.339877767 -0.705872954 -0.192768754 0.681464600 0.013768783
173388.763729723 -52.548947517 -186.990491874 -27.555926936 -0.706446391 -0.195868914 0.680095957 0.006193090
173388.797063673 -52.916044165 -188.154685879 -27.777848157 -0.706928552 -0.198086727 0.678977246 0.001889640
173388.830397622 -53.296287434 -189.303051456 -27.995522938 -0.706692474 -0.199840343 0.678710476 0.001293858
173388.863731571 -53.678538748 -190.454158317 -28.213745910 -0.705554420 -0.201144259 0.679500927 0.003526716
173388.897065520 -54.062675402 -191.608274740 -28.432444491 -0.704219038 -0.201579684 0.680717009 0.008095149
173388.930399469 -54.448672933 -192.765584692 -28.651424136 -0.702466105 -0.200891853 0.682618853 0.014674338
173388.963733419 -54.836376076 -193.926357650 -28.870889501 -0.701749381 -0.198675438 0.683799460 0.022230051
173388.997067368 -55.226233152 -195.091128277 -29.090720928 -0.701362396 -0.195045220 0.684986579 0.029009279
173389.030401317 -55.618819632 -196.259866542 -29.310465152 -0.699232134 -0.192020784 0.687707780 0.035502828
173389.063735266 -56.878585173 -196.880347326 -29.378842833 -0.696221078 -0.186758947 0.691669668 0.044613641
173389.097069215 -57.282286930 -198.051124591 -29.598549028 -0.691827365 -0.186561157 0.695833885 0.048836820
173389.130403165 -57.688842404 -199.225694614 -29.820236409 -0.686663611 -0.186933376 0.700627578 0.051671992
173389.163737114 -58.097957071 -200.402853767 -30.044950499 -0.680877088 -0.186732718 0.706139940 0.053885695
173389.197071063 -58.509901906 -201.582596115 -30.273769562 -0.674519494 -0.185721398 0.712427106 0.054576847
173389.230405012 -58.924201490 -202.764841132 -30.507626140 -0.669246429 -0.183632090 0.718076997 0.052477597
173389.263738962 -59.340567906 -203.949335110 -30.746643010 -0.666978894 -0.181664456 0.720929294 0.048970734
173389.297072911 -58.499720825 -205.671734009 -31.111929494 -0.665959762 -0.183892497 0.721696429 0.042841680
173389.330406860 -58.911630814 -206.865143014 -31.361790656 -0.666960942 -0.179543167 0.721758489 0.044632236
173389.363740809 -59.323889722 -208.059978580 -31.616316643 -0.672091670 -0.173639401 0.718359979 0.045837612
173389.397074758 -59.736281198 -209.256901540 -31.874637079 -0.682304096 -0.167896285 0.709812182 0.049382427
173389.430408708 -60.148982066 -210.456359956 -32.136273248 -0.695324666 -0.163754432 0.697749460 0.053420831
173389.463742657 -60.562281811 -211.659054276 -32.400889892 -0.708605235 -0.160069846 0.684957216 0.055586661
173389.497076606 -60.976627568 -212.865147597 -32.667552870 -0.720228127 -0.157934931 0.673096445 0.057176723
173389.530410555 -61.392889903 -214.074968463 -32.935448072 -0.726906260 -0.159102185 0.665504692 0.058286273
173389.563744504 -61.810716209 -215.288764674 -33.204033260 -0.727601128 -0.161821776 0.664098261 0.058170530
173389.597078454 -62.229267450 -216.506403211 -33.473745021 -0.725694920 -0.164016306 0.665728955 0.057188222
173389.630412403 -62.648180798 -217.727406340 -33.745439260 -0.725379345 -0.166136922 0.665539591 0.057274614
173389.663746352 -63.015835152 -218.851405844 -33.977508625 -0.731049760 -0.167507230 0.658742582 0.059714208
173389.697080301 -63.434290764 -220.078477305 -34.252838455 -0.744258626 -0.164678089 0.644122234 0.063771246
173389.730414251 -63.853814933 -221.310176965 -34.528802828 -0.759580846 -0.158933222 0.627005451 0.068127336
173389.763748200 -64.275856577 -222.547162995 -34.804375571 -0.771536199 -0.149077964 0.614589533 0.069190755
173389.797082149 -64.701080845 -223.789308394 -35.079050702 -0.779482732 -0.137910601 0.607186359 0.068644470
173389.830416098 -65.129112657 -225.036095238 -35.352190774 -0.785213359 -0.129069116 0.601488856 0.070656213
173389.863750047 -65.559731121 -226.287870470 -35.623933124 -0.791163883 -0.120491889 0.594898560 0.075080747
173389.897083997 -65.993169721 -227.544852778 -35.894037409 -0.796143325 -0.113469173 0.588712113 0.081844984
173389.930417946 -66.429788088 -228.807248267 -36.162534289 -0.799720570 -0.109422874 0.583737633 0.087886409
173389.963751895 -66.870235605 -230.074868174 -36.429253456 -0.800614800 -0.109443174 0.581645771 0.093414827
173389.997085844 -67.313732357 -231.347869623 -36.694476756 -0.800499984 -0.112350664 0.580490482 0.098019920
173390.030419793 -67.759284372 -232.626333430 -36.958410704 -0.802569962 -0.115461577 0.576354568 0.101811064
173390.063753743 -68.206736485 -233.910494824 -37.220216458 -0.807256881 -0.117549912 0.568683757 0.105437807
173390.097087692 -68.656517915 -235.200943869 -37.478462204 -0.813196467 -0.118450900 0.559354671 0.108642727
173390.130421641 -68.760393657 -236.682408730 -37.772690074 -0.817108812 -0.121148429 0.552972640 0.108983977
173390.163755590 -68.920103271 -238.044534117 -38.028855371 -0.817480122 -0.125708019 0.551679868 0.107578189
173390.197089540 -69.377893334 -239.359380078 -38.272285277 -0.815528406 -0.130129517 0.554107587 0.104616010
173390.230423489 -69.839095809 -240.680460465 -38.512115082 -0.813212917 -0.134946712 0.556907080 0.101629927
173390.263757438 -70.303971449 -242.007737283 -38.749254085 -0.810963607 -0.139217755 0.559458722 0.099811738
173390.297091387 -70.772777193 -243.340972258 -38.983862069 -0.807933471 -0.142256611 0.563132177 0.099442016
173390.330425336 -71.978032191 -244.549051184 -39.214635509 -0.803742801 -0.141471499 0.568933648 0.101478216
173390.363759286 -72.459457638 -245.892629548 -39.443391462 -0.797585421 -0.140975056 0.577561895 0.102008759
173390.397093235 -72.944285044 -247.242182426 -39.669241638 -0.790128816 -0.138207190 0.588248822 0.102754804
173390.430427184 -73.432261979 -248.597302535 -39.892240095 -0.780557593 -0.137054613 0.601085797 0.103158816
173390.463761133 -73.922490233 -249.957780156 -40.113055388 -0.768104064 -0.137221908 0.617181057 0.101359945
173390.497095082 -74.413701034 -251.322919350 -40.332732143 -0.754124268 -0.139250301 0.634225182 0.098307478
173390.530429032 -75.085775937 -252.624348660 -40.539990309 -0.739315167 -0.143275118 0.651206616 0.093889660
173390.563762981 -75.578730585 -253.997038614 -40.761570355 -0.723953349 -0.148052274 0.668173722 0.086694578
173390.597096930 -76.070096772 -255.372561900 -40.985548314 -0.711837723 -0.153576409 0.680370116 0.082449063
173390.630430879 -76.559999467 -256.750540700 -41.212607482 -0.704644923 -0.157453384 0.687049201 0.081531342
173390.663764829 -77.048976567 -258.131548999 -41.443042294 -0.699325487 -0.160112022 0.692060259 0.079753376
173390.697098778 -77.378069341 -259.245164336 -41.567748738 -0.691479453 -0.162440459 0.699736794 0.076404726
173390.730432727 -77.864630467 -260.630310144 -41.804063417 -0.681836300 -0.164766424 0.708683172 0.075627022
173390.763766676 -78.350323328 -262.017939434 -42.043915941 -0.670408812 -0.169050355 0.718396259 0.076686488
173390.797100625 -78.835855447 -263.408048420 -42.288733542 -0.657642487 -0.175933837 0.728327909 0.078051916
173390.830434575 -79.321261868 -264.800729085 -42.539709527 -0.646932290 -0.182457559 0.736249953 0.078255079
173390.863768524 -79.807604054 -266.196198778 -42.796608503 -0.638081191 -0.188239021 0.742569468 0.077518066
173390.897102473 -80.296377238 -267.594804078 -43.059782508 -0.631292948 -0.193956470 0.746986926 0.076554774
173390.930436422 -80.787603655 -268.996485321 -43.328972767 -0.627251511 -0.197605564 0.749441152 0.076456152
173390.963770371 -81.281755327 -270.401500082 -43.603487664 -0.626317190 -0.198772386 0.749780769 0.077750334
173390.997104321 -81.779037117 -271.810182073 -43.882707131 -0.629386876 -0.197543679 0.747392070 0.079080644
173391.030438270 -82.279395193 -273.222821176 -44.165925149 -0.636357644 -0.194234919 0.742240698 0.080003074
173391.063772219 -82.783654068 -274.639816470 -44.452154113 -0.643712030 -0.188971616 0.737231851 0.080085884
173391.097106168 -83.293086299 -276.061369482 -44.740671226 -0.648592066 -0.183381011 0.734435889 0.079395602
173391.130440118 -83.807975654 -277.487265924 -45.031228866 -0.650381539 -0.178445287 0.734032962 0.079729195
173391.163774067 -84.326844066 -278.917254577 -45.323443689 -0.652128061 -0.174369775 0.733025629 0.083651662
173391.197108016 -84.849233719 -280.351801707 -45.616789070 -0.655014981 -0.172134878 0.730227678 0.089958309
173391.230441965 -85.375006825 -281.791760880 -45.911026547 -0.657518654 -0.170907227 0.727632156 0.094928312
173391.263775914 -85.903369141 -283.237601353 -46.205718469 -0.661021927 -0.170679922 0.724566192 0.094457452
173391.297109864 -86.433836427 -284.689135910 -46.500392708 -0.663887544 -0.170067350 0.722679779 0.089801792
173391.330443813 -86.965348883 -286.145720504 -46.793638328 -0.663955835 -0.172010441 0.722541869 0.086650472
173391.363777762 -87.497499357 -287.607226955 -47.085750309 -0.664196421 -0.175752821 0.721609891 0.085048371
173391.397111711 -88.029809895 -289.073515049 -47.377186151 -0.665315710 -0.178846007 0.719702721 0.086006426
173391.430445660 -88.561899568 -290.544946640 -47.668060747 -0.670115325 -0.180566302 0.714570677 0.087920476
173391.463779610 -89.094753258 -292.022282151 -47.957908203 -0.677871868 -0.179864660 0.707224754 0.089283718
173391.497113559 -89.630196339 -293.505742313 -48.246390870 -0.686002481 -0.177437762 0.699779236 0.090694303
173391.530447508 -89.581212057 -294.956590932 -48.469673365 -0.692690883 -0.175900935 0.693470583 0.091305817
173391.563781457 -89.157294174 -297.483029562 -49.064004129 -0.698209748 -0.176853888 0.687086155 0.095595323
173391.597115407 -89.693949835 -298.991314620 -49.348008792 -0.704357689 -0.173179610 0.680490686 0.104026416
173391.630449356 -90.233804417 -300.504819660 -49.631900933 -0.710314159 -0.167778656 0.674558758 0.110790795
173391.663783305 -90.776563602 -302.023484467 -49.916267778 -0.715767903 -0.162970868 0.668738422 0.117922548
173391.697117254 -91.522695717 -302.789697844 -49.918287169 -0.720791474 -0.158889895 0.663715204 0.121226155
173391.730451203 -91.651434080 -304.505618109 -50.245584488 -0.723724232 -0.159152348 0.660744243 0.119627802
173391.763785153 -92.200908733 -306.035543088 -50.532736754 -0.723518887 -0.161747874 0.659979731 0.121592759
173391.797119102 -92.751575198 -307.567315800 -50.822471655 -0.725221290 -0.172843349 0.653601449 0.130324226
173391.830453051 -93.298986713 -309.094756675 -51.118642696 -0.740396382 -0.192143067 0.622824814 0.164266524
173391.863787000 -93.846170040 -310.624039025 -51.421488688 -0.760841284 -0.202299022 0.586735894 0.189569613
173391.897120949 -94.396752573 -312.156762071 -51.729171146 -0.773151592 -0.211893444 0.561445816 0.205222756
173391.930454899 -94.952342698 -313.693685477 -52.041305788 -0.773442210 -0.224017570 0.554787319 0.209318672
173391.963788848 -95.511271549 -315.235400256 -52.358132236 -0.764704961 -0.240407206 0.561823137 0.204414922
173391.997122797 -96.069353319 -316.780916811 -52.680858109 -0.753490420 -0.255147237 0.573052352 0.196883410
173392.030456746 -96.624188702 -318.328979308 -53.010957485 -0.750060196 -0.259011640 0.579348564 0.186220069
173392.063790696 -97.176021392 -319.879239136 -53.346954837 -0.754427324 -0.252888543 0.578610053 0.179156926
173392.097124645 -97.726206804 -321.431966579 -53.686505241 -0.762014124 -0.241914012 0.573883328 0.177397890
173392.130458594 -98.276660462 -322.988063243 -54.027912573 -0.764083543 -0.234827985 0.572896349 0.181168240
173392.163792543 -98.828109529 -324.548313988 -54.371158277 -0.759489143 -0.232808396 0.578554153 0.185071834
173392.197126492 -99.380441528 -326.113032114 -54.717675593 -0.751255374 -0.234576247 0.588372298 0.185492280
173392.230460442 -99.933114989 -327.682147691 -55.067902603 -0.742227227 -0.237824774 0.598524165 0.185221340
173392.263794391 -100.486674564 -329.254990739 -55.422806669 -0.736071282 -0.239700338 0.605767825 0.183815557
173392.297128340 -101.041352327 -330.831467217 -55.782457388 -0.734184583 -0.239235381 0.608033470 0.184485040
173392.330462289 -101.598114673 -332.411271624 -56.145806181 -0.737649677 -0.235828878 0.603794467 0.188917801
173392.363796238 -102.158117190 -333.995655707 -56.512455874 -0.745558571 -0.228375147 0.595874644 0.192147386
173392.397130188 -102.721385368 -335.585662242 -56.880856185 -0.755800778 -0.215491450 0.587439408 0.192985910
173392.430464137 -103.287999993 -337.182387761 -57.248392910 -0.765154718 -0.201782354 0.579898421 0.193752317
173392.463798086 -103.857959581 -338.786920629 -57.613204906 -0.772255337 -0.188988377 0.574762030 0.193787761
173392.497132035 -104.431730947 -340.399682681 -57.974202133 -0.777213644 -0.177096879 0.572343986 0.192348665
173392.530465985 -105.088047265 -341.997029963 -58.328674714 -0.779861288 -0.168873119 0.570988577 0.193055139
173392.563799934 -105.669869404 -343.625651081 -58.681708876 -0.783219069 -0.161515462 0.568634746 0.192704879
173392.597133883 -106.256122979 -345.262571824 -59.032092669 -0.787297430 -0.154909412 0.566182997 0.188686632
173392.630467832 -106.847621012 -346.907783210 -59.380263002 -0.788053472 -0.152085141 0.569111733 0.178755897
173392.663801781 -107.443410016 -348.560859930 -59.727193941 -0.784764473 -0.152936603 0.577593777 0.164743883
173392.697135731 -108.041784354 -350.221094773 -60.073807877 -0.778344365 -0.157876096 0.588111057 0.152907068
173392.730469680 -108.641997955 -351.887917486 -60.421646352 -0.769561938 -0.167097245 0.599671589 0.142291668
173392.763803629 -109.243212614 -353.561107811 -60.772504294 -0.760528827 -0.178754981 0.610607623 0.129618252
173392.797137578 -109.844888333 -355.241087236 -61.127897058 -0.754758388 -0.189546419 0.618450030 0.109231368
173392.830471527 -110.446884066 -356.927756260 -61.487979370 -0.752708268 -0.199338033 0.622154221 0.081355622
173392.863805477 -111.049126671 -358.620750513 -61.852068758 -0.753862969 -0.207896414 0.621375951 0.048596621
173392.897139426 -111.652017831 -360.319832792 -62.219175180 -0.757153574 -0.217277785 0.615904841 0.013040575
173392.930473375 -112.255596913 -362.024983341 -62.588634424 0.761442785 0.227503320 -0.606447491 0.025856617
173392.963807324 -112.859910602 -363.735819174 -62.959808928 0.766108761 0.238819514 -0.593032595 0.065992033
173392.997141274 -113.465010504 -365.451872716 -63.332134306 0.771545028 0.250434132 -0.575073624 0.106260723
173393.030475223 -114.071339211 -367.173077760 -63.704987990 0.776090757 0.261254365 -0.555178697 0.145622485
173393.063809172 -114.679901911 -368.898858760 -64.077375250 0.777065704 0.274271149 -0.537310287 0.179560252
173393.097143121 -115.291102959 -370.628976091 -64.449117822 0.774814974 0.288750760 -0.522715387 0.207493082
173393.130477070 -115.904393136 -372.363758670 -64.820893447 0.770920610 0.302937485 -0.509870175 0.232255673
173393.163811020 -116.519436819 -374.103136496 -65.193363937 0.765853022 0.316837171 -0.498552786 0.254024558
173393.197144969 -117.136177595 -375.847096691 -65.566730324 0.759044480 0.331226451 -0.488364607 0.275028228
173393.230478918 -115.790145697 -378.560211068 -66.139061600 0.749930666 0.350884803 -0.473429253 0.300580429
173393.263812867 -116.397937852 -380.319014974 -66.516314887 0.742084661 0.367445556 -0.457742616 0.323675480
173393.297146816 -117.005983991 -382.081012482 -66.894833035 0.733817316 0.385111387 -0.438327969 0.347951086
173393.330480766 -117.615030231 -383.846754994 -67.274601914 0.725128230 0.403151038 -0.416157508 0.372117213
173393.363814715 -118.225539737 -385.616519281 -67.655649654 0.715603331 0.420797675 -0.393091723 0.395373350
173393.397148664 -118.837840594 -387.390254264 -68.037719039 0.705155284 0.437691258 -0.369418774 0.417985835
173393.430482613 -119.452149596 -389.167943315 -68.420690201 0.694481410 0.453102075 -0.345462480 0.439374277
173393.463816563 -120.069003736 -390.949710171 -68.804711172 0.684485780 0.466111728 -0.323051047 0.458101620
173393.497150512 -120.688922686 -392.735651825 -69.189527910 0.674568294 0.477961682 -0.303256106 0.473862830
173393.530484461 -121.311985200 -394.525985034 -69.575342636 0.666074200 0.487329582 -0.286000199 0.486886973
173393.563818410 -121.938596990 -396.320898041 -69.962311956 0.658185795 0.495017277 -0.273289596 0.497053470
173393.597152359 -122.569081040 -398.120392885 -70.350675545 0.651453225 0.501461305 -0.264719280 0.504052535
173393.630486309 -123.203506237 -399.924540530 -70.740491945 0.645936434 0.506858827 -0.260635162 0.507867666
173393.663820258 -123.842137481 -401.733289870 -71.131498469 0.642310571 0.510954054 -0.261457966 0.507939777
173393.697154207 -124.485699269 -403.546724192 -71.523326694 0.640808209 0.513759011 -0.269150491 0.502965736
173393.730488156 -125.134374388 -405.364844841 -71.915766016 0.640777114 0.514420115 -0.283741188 0.494234330
173393.763822105 -125.788768830 -407.187353947 -72.308755365 0.641530410 0.513574880 -0.305410913 0.481044436
173393.797156055 -126.449635196 -409.013315093 -72.702112125 0.642686585 0.513042652 -0.334757078 0.460085741
173393.830490004 -127.115685015 -410.841858743 -73.095711786 0.645201950 0.511161051 -0.368941006 0.431637995
173393.863823953 -127.785787279 -412.672329196 -73.489773965 0.649774275 0.505626155 -0.403353227 0.399301586
173393.897157902 -128.459449010 -414.504273698 -73.884704097 0.656135178 0.496563133 -0.436585707 0.363736999
173393.930491852 -129.136090605 -416.337337638 -74.280502134 0.663512129 0.485193386 -0.467124653 0.325781509
173393.963825801 -129.815138719 -418.171846355 -74.677110166 0.671217885 0.471963851 -0.494225016 0.287155547
173393.997159750 -125.378759211 -424.050278234 -76.187300635 0.674266635 0.464984396 -0.511853641 0.259152208
173394.030493699 -126.034989214 -425.913569645 -76.591720678 0.683351918 0.445352388 -0.533707094 0.223266980
173394.063827648 -126.691296840 -427.780263537 -76.996006483 0.689683345 0.425331287 -0.554640377 0.189220064
173394.097161598 -127.347244746 -429.652295781 -77.401050236 0.693793186 0.403764218 -0.574727615 0.159102611
173394.130495547 -128.002487247 -431.530447770 -77.807453351 0.695732820 0.381748124 -0.593893493 0.132343235
173394.163829496 -128.656845169 -433.415100604 -78.215568618 0.696045645 0.360819798 -0.611457983 0.106998452
173394.197163445 -129.309674369 -435.306551046 -78.626177033 0.697244729 0.341092896 -0.625113232 0.082090634
173394.230497394 -129.961116009 -437.205134415 -79.039592908 0.699581124 0.324376868 -0.633974212 0.058673647
173394.263831344 -130.611669485 -439.111501165 -79.456474802 0.702496934 0.310548802 -0.639165094 0.039057405
173394.297165293 -131.262942158 -441.026453270 -79.876611835 0.703391935 0.304885890 -0.641675998 0.023158004
173394.330499242 -131.915538922 -442.949796802 -80.299453996 0.701371377 0.306343636 -0.643541275 0.009294919
173394.363833191 -132.567807452 -444.878994492 -80.724941163 -0.699231898 -0.302681289 0.647637079 0.005000435
173394.397167141 -133.219205610 -446.813133977 -81.154295990 -0.698367291 -0.288604020 0.654739262 0.017531272
173394.430501090 -133.870311313 -448.752545481 -81.588246628 -0.698667860 -0.264824296 0.664203780 0.023762423
173394.463835039 -134.521543669 -450.697127585 -82.025266487 -0.698120351 -0.239099676 0.674302391 0.027849707
173394.497168988 -135.172716928 -452.647861424 -82.465214817 -0.697663014 -0.211574507 0.683761956 0.031179067
173394.530502937 -135.825894403 -454.606312451 -82.907367628 -0.696600363 -0.189420417 0.691166732 0.034005723
173394.563836887 -136.480862460 -456.571312853 -83.349097891 -0.698093262 -0.183439685 0.690631299 0.045211584
173394.597170836 -137.136337668 -458.541749560 -83.791879243 -0.702161805 -0.182195522 0.685900749 0.057565218
173394.630504785 -137.791844293 -460.517274467 -84.237063882 -0.705904128 -0.173395130 0.683441805 0.067385380
173394.663838734 -138.448937376 -462.499207749 -84.684520714 -0.709293368 -0.157681569 0.683154828 0.073067927
173394.697172683 -139.110961333 -464.489618006 -85.132798941 -0.711861644 -0.151745057 0.681930580 0.072091057
173394.730506633 -139.776832659 -466.487091895 -85.581387321 -0.712368106 -0.151855510 0.681466245 0.071241437
173394.763840582 -140.444725830 -468.490862822 -86.030128316 -0.712062189 -0.151961571 0.681393783 0.074683550
173394.797174531 -141.115600369 -470.500957033 -86.478632554 -0.708136691 -0.155199305 0.684320394 0.078493320
173394.830508480 -141.789123465 -472.517357488 -86.927690974 -0.702779242 -0.159136150 0.688943680 0.078317492
173394.863842430 -142.465430702 -474.539998804 -87.378104475 -0.696174507 -0.162329728 0.695407089 0.073478539
173394.897176379 -143.144351256 -476.568776935 -87.829277721 -0.687524614 -0.166474239 0.703503469 0.068403956
173394.930510328 -143.826033068 -478.603889939 -88.281345884 -0.676537833 -0.170496743 0.713479336 0.064611589
173394.963844277 -144.510572719 -480.644379514 -88.735208118 -0.664836601 -0.172150129 0.723922163 0.065523503
173394.997178226 -145.197231210 -482.689138978 -89.191394456 -0.654013519 -0.174534898 0.732498885 0.072451838
173395.030512176 -145.884640622 -484.738527309 -89.650701544 -0.646693341 -0.180588047 0.736802804 0.079355583
173395.063846125 -146.573132241 -486.792954097 -90.113103158 -0.639241194 -0.188044515 0.740888716 0.084225092
173395.097180074 -147.263461585 -488.851851786 -90.577860768 -0.627769336 -0.196018299 0.748122498 0.088290518
173395.130514023 -147.955250389 -490.914909762 -91.044694494 -0.608546008 -0.211229235 0.759274002 0.092503814
173395.163847972 -148.646990104 -492.982060574 -91.515561672 -0.594137919 -0.227030764 0.765845156 0.094542912
173395.197181922 -149.338180416 -495.053872352 -91.991150939 -0.591758161 -0.239280493 0.763442880 0.098600680
173395.230515871 -150.028805399 -497.131215589 -92.470968213 -0.601834000 -0.241439271 0.754722584 0.099482341
173395.263849820 -150.719307842 -499.215505392 -92.954187324 -0.615217877 -0.243294002 0.743646807 0.096459416
173395.297183769 -151.410374046 -501.307526157 -93.440711996 -0.627267936 -0.243800729 0.734471312 0.087453028
173395.330517719 -152.102134574 -503.407536366 -93.930281104 -0.635228130 -0.245943598 0.728041215 0.077155425
173395.363851668 -152.794434760 -505.515289947 -94.422869536 -0.642952512 -0.249747699 0.720796915 0.068483298
173395.397185617 -153.489076371 -507.629315261 -94.917165176 -0.651580034 -0.249557318 0.713504411 0.063844030
173395.430519566 -154.186944295 -509.749726535 -95.412609328 -0.654860119 -0.249759217 0.710391486 0.064206654
173395.463853515 -154.885917780 -511.877842162 -95.910341384 -0.658290162 -0.252759664 0.706156861 0.064102279
173395.497187465 -155.585634857 -514.014155510 -96.409993055 -0.661150507 -0.257849244 0.701675906 0.063597927
173395.530521414 -156.286523781 -516.158239569 -96.911243293 -0.660417236 -0.262592217 0.700864512 0.060690510
173395.563855363 -156.988825814 -518.309433861 -97.414094769 -0.654328908 -0.266516417 0.705425147 0.056551227
173395.597189312 -157.691919741 -520.466835098 -97.918908344 -0.645528140 -0.269878884 0.712452735 0.053571535
173395.630523261 -158.395080645 -522.629493511 -98.426070290 -0.636708353 -0.273760092 0.718908410 0.053184426
173395.663857211 -159.098032260 -524.796767653 -98.935996234 -0.632201242 -0.277027294 0.721587815 0.053744709
173395.697191160 -159.801186037 -526.968704729 -99.448207881 -0.633048739 -0.278741210 0.720097085 0.054889164
173395.730525109 -160.505424311 -529.145561714 -99.962044060 -0.635221314 -0.280505036 0.717454199 0.055410112
173395.763859058 -161.211339380 -531.326827209 -100.476980301 -0.636360553 -0.283483437 0.715175826 0.056620901
173395.797193008 -161.918781532 -533.512950161 -100.992799931 -0.637317645 -0.285846800 0.713418423 0.056142500
173395.830526957 -162.628256456 -535.703726826 -101.509344661 -0.638288287 -0.286855700 0.712334675 0.053676642
173395.863860906 -163.339673346 -537.898851823 -102.026066718 -0.638351115 -0.288318873 0.711830719 0.051740792
173395.897194855 -164.053015489 -540.098250051 -102.543304309 -0.639973396 -0.288203464 0.710607309 0.049092447
173395.930528804 -164.768836186 -542.301422201 -103.060633391 -0.643199264 -0.285411328 0.708980273 0.046712444
173395.963862754 -165.487188169 -544.508371746 -103.578171775 -0.648060028 -0.281215515 0.706419523 0.043674851
173395.997196703 -166.208096137 -546.718855562 -104.095953091 -0.655272123 -0.275222834 0.702270403 0.041074538
173396.030530652 -166.931936363 -548.932899344 -104.613696157 -0.663429415 -0.267930312 0.697523821 0.039182640
173396.063864601 -167.658858275 -551.150728586 -105.131312814 -0.670260534 -0.260285386 0.693948525 0.037918047
173396.097198550 -168.389005213 -553.372280812 -105.648984279 -0.675290710 -0.252700524 0.691950334 0.036464192
173396.130532500 -169.122285077 -555.597685684 -106.166872232 -0.678609286 -0.245886176 0.691258989 0.034502680
173396.163866449 -169.858574370 -557.827066273 -106.685300858 -0.681389337 -0.239259351 0.690963706 0.032135518
173396.197200398 -170.597709389 -560.060498247 -107.204204077 -0.683335786 -0.233533396 0.691076646 0.030453659
173396.230534347 -171.339417116 -562.298139091 -107.723804084 -0.684221571 -0.229337275 0.691660211 0.029178903
173396.263868297 -172.083460515 -564.539873307 -108.244239902 -0.684481181 -0.226591627 0.692333375 0.028570026
173396.297202246 -172.829537964 -566.785722316 -108.765709754 -0.685029576 -0.224604359 0.692422263 0.028961539
173396.330536195 -173.577294207 -569.035828123 -109.288264719 -0.686691529 -0.222936963 0.691223394 0.031049545
173396.363870144 -174.326498758 -571.290469848 -109.811897693 -0.688320171 -0.221580033 0.689832583 0.035336073
173396.397204093 -175.077191149 -573.550045905 -110.336581156 -0.688981800 -0.221297696 0.688950647 0.040968464
173396.430538043 -175.829399552 -575.814928140 -110.862320303 -0.688299470 -0.221229353 0.689240031 0.047429873
173396.463871992 -176.582881038 -578.085219842 -111.389234533 -0.686822931 -0.221531584 0.690094718 0.054472920
173396.497205941 -177.337613653 -580.361068000 -111.917580686 -0.685473799 -0.222096544 0.690602762 0.062182158
173396.530539890 -178.093413970 -582.642743874 -112.447517348 -0.684142061 -0.222107340 0.691160402 0.070108978
173396.563873840 -178.850276200 -584.930670619 -112.979212772 -0.682462336 -0.221726162 0.692107439 0.077909964
173396.597207789 -179.608250281 -587.225139965 -113.512461744 -0.679287531 -0.221780426 0.694131127 0.086970517
173396.630541738 -180.366983042 -589.526469206 -114.047187293 -0.674365282 -0.222828754 0.697159815 0.097708778
173396.663875687 -181.126253987 -591.835310437 -114.583836939 -0.668832505 -0.225046973 0.700037596 0.109381461
173396.697209636 -181.885958920 -594.152011248 -115.122845426 -0.663894044 -0.228113620 0.701753626 0.121452558
173396.730543586 -182.645607983 -596.476519875 -115.664435911 -0.660665592 -0.231627124 0.701416836 0.133732094
173396.763877535 -183.405250634 -598.809111141 -116.209379260 -0.659349121 -0.234189221 0.699593531 0.144855227
173396.797211484 -184.164997802 -601.150105017 -116.757980575 -0.658970125 -0.236386808 0.697102655 0.154685292
173396.830545433 -185.607468180 -603.004382334 -117.164093253 -0.657122525 -0.238061391 0.696306579 0.163321488
173396.863879382 -186.371646610 -605.360237791 -117.717717836 -0.651831277 -0.240112054 0.699680082 0.167062775
173396.897213332 -187.137027765 -607.725397701 -118.274720689 -0.645709488 -0.241238389 0.705120837 0.166336713
