# timestamp tx ty tz qx qy qz qw
173373.363445186 0.002067085 0.003038380 0.000618882 0.526466132 -0.515873551 -0.441508940 0.511642207
173373.396779135 0.001859478 0.003013430 0.000971454 0.528125493 -0.518429996 -0.439651766 0.508940200
173373.430113085 0.001834667 0.002717905 0.000596238 0.527535883 -0.517045773 -0.442447893 0.508536549
173373.463447034 0.001905791 0.002179155 -0.000673400 0.519486511 -0.511179336 -0.452730287 0.513677660
173373.496780983 0.001905221 0.001943531 -0.001674952 0.506668749 -0.502481902 -0.466931416 0.522277484
173373.530114932 0.001573828 0.001576655 -0.002891842 0.490015201 -0.488432524 -0.489151866 0.531083068
173373.563448882 0.000411891 0.001191399 -0.003702711 0.462965782 -0.469767797 -0.518675415 0.544019039
173373.596782831 -0.003221222 0.001356430 -0.003125501 0.424327897 -0.442300008 -0.545221986 0.571882439
173373.630116780 -0.012555309 0.002469407 -0.000603684 0.363840601 -0.401490569 -0.572826338 0.615057173
173373.663450729 -0.028790389 0.005316087 0.005753848 0.285084918 -0.346133311 -0.589573408 0.671804672
173373.696784678 -0.048501405 0.011396392 0.019015713 0.205201118 -0.286544129 -0.597747814 0.720057299
173373.730118628 -0.067197283 0.022067145 0.038845481 0.146367847 -0.238872219 -0.609544059 0.741601346
173373.763452577 -0.081910649 0.037393532 0.062773897 0.120658092 -0.218670575 -0.635654071 0.730457874
173373.796786526 -0.090984195 0.055694172 0.087577530 0.129369160 -0.230871613 -0.675464341 0.688265822
173373.830120475 -0.056143982 0.036491315 0.113814002 0.166396725 -0.261270324 -0.720207071 0.620767043
173373.863454424 -0.111649569 0.031272692 0.136400835 0.211322240 -0.299575904 -0.743223054 0.559657645
173373.896788374 -0.105692455 0.053882481 0.157188474 0.249957388 -0.338554909 -0.757983119 0.498360782
173373.930122323 -0.092261205 0.082434835 0.195227691 0.293477910 -0.384855436 -0.758062904 0.437147165
173373.963456272 -0.087066055 0.090691573 0.228629179 0.328292705 -0.423926587 -0.739210980 0.407525797
173373.996790221 -0.093433142 0.096714739 0.265206081 0.345399475 -0.454257877 -0.706205378 0.419073917
173374.030124171 -0.093935221 0.105234317 0.287748594 0.342928002 -0.477650988 -0.664405986 0.461318333
173374.063458120 -0.105621651 0.114097333 0.317822508 0.324128868 -0.493753118 -0.618893042 0.517802798
173374.096792069 -0.122224110 0.134338693 0.355044331 0.292772389 -0.502392786 -0.576379163 0.574171470
173374.130126018 -0.138581234 0.147991952 0.379579851 0.267296834 -0.507085383 -0.539098540 0.617081503
173374.163459967 -0.160127634 0.163665699 0.391895033 0.263438181 -0.511373021 -0.520523384 0.630993949
173374.196793917 -0.182120691 0.201664434 0.404059584 0.273881983 -0.511963102 -0.536410712 0.612491624
173374.230127866 -0.200587361 0.231304303 0.401141262 0.306959818 -0.509176470 -0.557496538 0.579407113
173374.263461815 -0.223721505 0.261921067 0.391572017 0.336125451 -0.500607385 -0.579734345 0.548014614
173374.296795764 -0.251929096 0.292338102 0.380524194 0.352298741 -0.480335150 -0.599998041 0.534009449
173374.330129713 -0.277023243 0.311779616 0.366585598 0.355441685 -0.458943147 -0.613757112 0.535102423
173374.363463663 -0.309774222 0.330766784 0.354132249 0.355057558 -0.431002640 -0.627196794 0.542950307
173374.396797612 -0.337646175 0.350233011 0.334758442 0.361560593 -0.406343378 -0.644404790 0.537495548
173374.430131561 -0.367626438 0.371298647 0.315223238 0.374934598 -0.383976297 -0.669761634 0.513230557
173374.463465510 -0.398909091 0.391893012 0.294337211 0.385852726 -0.361183134 -0.702408289 0.476746277
173374.496799460 -0.431006051 0.412154387 0.272384509 0.385772492 -0.340191487 -0.740195507 0.433081919
173374.530133409 -0.464122751 0.423657082 0.251133157 0.371164543 -0.317438878 -0.764487291 0.420747694
173374.563467358 -0.488110539 0.435096211 0.238597469 0.350242446 -0.302699556 -0.763090607 0.450994382
173374.596801307 -0.500620934 0.446484630 0.227180886 0.352938984 -0.288174964 -0.742410516 0.491137343
173374.630135256 -0.509098094 0.458647884 0.215372835 0.363365141 -0.284311380 -0.731936679 0.501399553
173374.663469206 -0.516050157 0.471634901 0.204515518 0.380311730 -0.287785227 -0.733054992 0.484946420
173374.696803155 -0.528903977 0.473772954 0.197484757 0.403140130 -0.289915069 -0.732514035 0.465672070
173374.730137104 -0.536623114 0.473809382 0.191685320 0.420205056 -0.294606861 -0.734891119 0.443361649
173374.763471053 -0.550067832 0.468033581 0.186388144 0.435546432 -0.304480742 -0.738937177 0.414201198
173374.796805002 -0.558976879 0.465785260 0.183800614 0.454552688 -0.315619238 -0.730434056 0.400290444
173374.830138952 -0.564398454 0.458872988 0.181634938 0.484566459 -0.321816938 -0.701511841 0.411716337
173374.863472901 -0.568328597 0.455340097 0.178261661 0.512307501 -0.325721810 -0.682606925 0.406809677
173374.896806850 -0.574412165 0.449350774 0.177041982 0.535791233 -0.329362286 -0.661741893 0.408100363
173374.930140799 -0.573528685 0.445870229 0.174733768 0.553587584 -0.332767126 -0.645379751 0.407788920
173374.963474749 -0.570316429 0.440109460 0.172674709 0.572137126 -0.336779296 -0.632750480 0.398579534
173374.996808698 -0.563079003 0.434525259 0.175524243 0.591401343 -0.345091448 -0.623280226 0.377727552
173375.030142647 -0.555813853 0.425736055 0.179867769 0.609731669 -0.360320793 -0.614914118 0.346809524
173375.063476596 -0.549033403 0.415356399 0.185033376 0.624079964 -0.378274308 -0.606528730 0.315524399
173375.096810545 -0.540599918 0.404682349 0.191475715 0.635944426 -0.399737485 -0.592610793 0.290855769
173375.130144495 -0.531303001 0.395655900 0.198514535 0.643908275 -0.422746868 -0.578535755 0.268260319
173375.163478444 -0.520439603 0.388541012 0.206276586 0.648702368 -0.446690603 -0.564084909 0.247913207
173375.196812393 -0.509714487 0.383212553 0.213817463 0.653158833 -0.467170002 -0.547664690 0.234944919
173375.230146342 -0.499667675 0.380068971 0.219661678 0.656463525 -0.469041239 -0.542844398 0.233186439
173375.263480291 -0.487412479 0.379325120 0.222637543 0.663044626 -0.460092341 -0.539460894 0.240143303
173375.296814241 -0.474203616 0.379517380 0.225994534 0.671789301 -0.453838117 -0.529272153 0.250202090
173375.330148190 -0.460219787 0.380120865 0.228747543 0.678796043 -0.454858430 -0.512428388 0.264115291
173375.363482139 -0.445882316 0.381035349 0.231169944 0.678371523 -0.462462226 -0.497392420 0.280252650
173375.396816088 -0.430460677 0.381292904 0.232581980 0.670823047 -0.479213041 -0.481039734 0.298248346
173375.430150038 -0.415056322 0.382121810 0.235648101 0.658676521 -0.500632090 -0.463700067 0.317009461
173375.463483987 -0.400395512 0.382373681 0.239171785 0.641089661 -0.531158719 -0.442540283 0.333215485
173375.496817936 -0.385710782 0.382718055 0.245227293 0.622659856 -0.559900761 -0.421323876 0.348270057
173375.530151885 -0.374433402 0.385243633 0.253377349 0.611298097 -0.572979021 -0.411387758 0.358845078
173375.563485834 -0.365067749 0.389097868 0.263781589 0.603580401 -0.574185879 -0.414263870 0.366587946
173375.596819784 -0.359443263 0.393302281 0.273794093 0.593471745 -0.568034107 -0.424165846 0.381066761
173375.630153733 -0.357495074 0.396761624 0.285788754 0.581206099 -0.559696087 -0.437813114 0.396559501
173375.663487682 -0.357631903 0.399993404 0.301329504 0.573070026 -0.549119930 -0.453265144 0.405720049
173375.696821631 -0.359884758 0.404325787 0.320107495 0.568933261 -0.538211870 -0.467189398 0.410337659
173375.730155580 -0.363429430 0.407199893 0.341539021 0.567321460 -0.532879788 -0.473986655 0.411730669
173375.763489530 -0.368020197 0.407091908 0.365406963 0.569312102 -0.533317894 -0.473750279 0.408676434
173375.796823479 -0.372728629 0.406504569 0.389947714 0.574178373 -0.537340770 -0.469988357 0.400867854
173375.830157428 -0.377363330 0.405109252 0.414422816 0.581999016 -0.544772384 -0.461092483 0.389735701
173375.863491377 -0.383627396 0.402543657 0.436990515 0.592152053 -0.551932068 -0.449631950 0.377568600
173375.896825327 -0.389280599 0.399951627 0.458821784 0.602890879 -0.556395387 -0.438073994 0.367475086
173375.930159276 -0.396176624 0.396062202 0.477841489 0.613141872 -0.558386125 -0.428466708 0.358717523
173375.963493225 -0.403809207 0.391842592 0.494676684 0.621053443 -0.561029014 -0.419383743 0.351648038
173375.996827174 -0.412076009 0.386217813 0.510684036 0.627223139 -0.568532625 -0.406190327 0.344051168
173376.030161123 -0.418992017 0.379139556 0.526438201 0.631887192 -0.579741038 -0.390648481 0.334682940
173376.063495073 -0.426148505 0.372307399 0.539452234 0.634541593 -0.590696009 -0.375989870 0.327210649
173376.096829022 -0.434146046 0.363406628 0.549345701 0.635929343 -0.596953317 -0.367053934 0.323283186
173376.130162971 -0.442604016 0.354469995 0.557211344 0.636580534 -0.600878962 -0.363451173 0.318767849
173376.163496920 -0.448619409 0.344713839 0.565489345 0.637438385 -0.606851786 -0.357893295 0.311954492
173376.196830869 -0.453251874 0.335829866 0.573522654 0.638521963 -0.613270326 -0.350181481 0.305879291
173376.230164819 -0.456757820 0.329897019 0.580689746 0.642701365 -0.616080818 -0.341547879 0.301204959
173376.263498768 -0.458334145 0.325812018 0.586135519 0.649663196 -0.610975971 -0.335099112 0.303899127
173376.296832717 -0.458479079 0.324810322 0.588817740 0.655645446 -0.598904393 -0.332819841 0.317290923
173376.330166666 -0.457068253 0.326655709 0.589459036 0.659088810 -0.585249699 -0.332934799 0.335021118
173376.363500616 -0.454125282 0.329953109 0.589451648 0.659694449 -0.574815693 -0.332208360 0.352175748
173376.396834565 -0.449584580 0.334932558 0.589184708 0.659259870 -0.568685689 -0.329990963 0.364799911
173376.430168514 -0.443484535 0.340619548 0.588995319 0.656802826 -0.565901632 -0.327653389 0.375511181
173376.463502463 -0.435829792 0.347627769 0.587754574 0.650389124 -0.565816414 -0.326040304 0.387999346
173376.496836412 -0.425916206 0.354266175 0.587311069 0.643351606 -0.569127526 -0.325856574 0.394981093
173376.530170362 -0.413126355 0.360867196 0.587909593 0.636002279 -0.575398289 -0.324853538 0.398607687
173376.563504311 -0.398314692 0.367583035 0.588524237 0.627864674 -0.581002577 -0.324365271 0.403743888
173376.596838260 -0.380508078 0.374400797 0.588106752 0.618322885 -0.583871475 -0.329433416 0.410176224
173376.630172209 -0.360741004 0.380600938 0.587362548 0.609647064 -0.582417984 -0.339697106 0.416804062
173376.663506158 -0.338332337 0.387465959 0.587817915 0.606222745 -0.579235029 -0.347374720 0.419894711
173376.696840108 -0.312804959 0.394606885 0.589658500 0.604633547 -0.578845300 -0.350016197 0.420529493
173376.730174057 -0.286916523 0.400693361 0.592019188 0.601096320 -0.583895110 -0.349872346 0.418735067
173376.763508006 -0.260908918 0.406886567 0.594301033 0.596986569 -0.591936664 -0.347291012 0.415459955
173376.796841955 -0.235813935 0.412642449 0.595983836 0.592785167 -0.600643464 -0.344252557 0.411489188
173376.830175905 -0.211679489 0.417677564 0.596516993 0.590433987 -0.605069607 -0.344479164 0.408182046
173376.863509854 -0.189390176 0.421919806 0.596010919 0.588186108 -0.608246857 -0.346218219 0.405223158
173376.896843803 -0.170184790 0.424056162 0.595188544 0.583956211 -0.614173584 -0.347302130 0.401456328
173376.930177752 -0.153724980 0.424409355 0.593390780 0.577596235 -0.621955537 -0.349202341 0.397003306
173376.963511701 -0.140852457 0.424718278 0.589570056 0.569342330 -0.628443052 -0.355544435 0.393060805
173376.996845651 -0.131640684 0.425595332 0.584437503 0.560465151 -0.632167206 -0.366779255 0.389507915
173377.030179600 -0.125739416 0.426338565 0.579181194 0.552390937 -0.635151792 -0.378440345 0.385005661
173377.063513549 -0.123048205 0.427282122 0.574318098 0.545967587 -0.637365241 -0.388349080 0.380617834
173377.096847498 -0.124440779 0.429875349 0.570081035 0.540946133 -0.638149627 -0.397106893 0.377423436
173377.130181447 -0.129815416 0.433209098 0.566295046 0.537096589 -0.637687315 -0.404946768 0.375366831
173377.163515397 -0.139873259 0.438140310 0.562865792 0.536354468 -0.634006041 -0.411271919 0.375786686
173377.196849346 -0.154395861 0.444307571 0.559329105 0.536795920 -0.629512760 -0.414443845 0.379209869
173377.230183295 -0.173510184 0.451290780 0.554226952 0.536094048 -0.624667168 -0.416645889 0.385746425
173377.263517244 -0.197162169 0.458625108 0.546529435 0.533135103 -0.619384584 -0.422714052 0.391717411
173377.296851194 -0.223194530 0.465873749 0.537382671 0.530171890 -0.615491226 -0.431881912 0.391875404
173377.330185143 -0.248766644 0.472894609 0.528131047 0.530109121 -0.613784234 -0.439409190 0.386228945
173377.363519092 -0.272512969 0.478786416 0.518921153 0.529182649 -0.614626334 -0.444626253 0.380141670
173377.396853041 -0.294297211 0.483566676 0.510529413 0.525169156 -0.615561136 -0.452072158 0.375383284
173377.430186990 -0.314118741 0.488306820 0.502076542 0.519688990 -0.616780728 -0.458836121 0.372792570
173377.463520940 -0.331480632 0.492477168 0.495741519 0.516278382 -0.617300618 -0.461717178 0.373113692
173377.496854889 -0.347024611 0.496014551 0.490791876 0.514408841 -0.617583503 -0.461734704 0.375200246
173377.530188838 -0.360234043 0.499817093 0.486854221 0.514691253 -0.615920754 -0.461913473 0.377320131
173377.563522787 -0.370482845 0.504329334 0.484086739 0.517663301 -0.613406092 -0.460997532 0.378469218
173377.596856736 -0.378054423 0.509612867 0.482072014 0.522797487 -0.611708409 -0.457899392 0.377920303
173377.630190686 -0.382263024 0.515071562 0.481204416 0.528381387 -0.610880461 -0.454758134 0.375277513
173377.663524635 -0.383495215 0.521026494 0.481223030 0.533857280 -0.610439601 -0.452365298 0.371113911
173377.696858584 -0.382873607 0.527210272 0.481757093 0.540935357 -0.608208573 -0.450007074 0.367375701
173377.730192533 -0.380588662 0.532866475 0.482507856 0.550814392 -0.603606687 -0.446139615 0.364995776
173377.763526483 -0.376530352 0.538032689 0.484226975 0.560970614 -0.598869297 -0.439622759 0.365238779
173377.796860432 -0.371719940 0.541661563 0.486483821 0.567692445 -0.596138939 -0.431812281 0.368621497
173377.830194381 -0.365648873 0.543744784 0.488375419 0.569631028 -0.594874639 -0.425968657 0.374426706
173377.863528330 -0.358675691 0.544308831 0.490568050 0.568225749 -0.595351896 -0.421996482 0.380255950
173377.896862279 -0.350609443 0.542780693 0.492792771 0.566163492 -0.596753472 -0.419232145 0.384172621
173377.930196229 -0.341153565 0.539117313 0.496037961 0.564290655 -0.600215358 -0.415934138 0.385118650
173377.963530178 -0.331330721 0.532795416 0.500215152 0.560802157 -0.607129504 -0.411011453 0.384661268
173377.996864127 -0.321490993 0.523426776 0.505334710 0.556455643 -0.616080836 -0.405909041 0.382150979
173378.030198076 -0.312287530 0.511608376 0.510793136 0.550545360 -0.625680006 -0.402978993 0.378196071
173378.063532025 -0.304023386 0.497036313 0.516448406 0.542641039 -0.636017895 -0.401853890 0.373544362
173378.096865975 -0.297244786 0.479666376 0.522216223 0.532984240 -0.646515693 -0.403923186 0.367139372
173378.130199924 -0.292731488 0.459407336 0.528358522 0.520482979 -0.659457501 -0.407967393 0.357457521
173378.163533873 -0.290891012 0.436546792 0.534645570 0.504445364 -0.675571283 -0.411379486 0.346273352
173378.196867822 -0.293128151 0.411410087 0.540475148 0.484126650 -0.692852545 -0.417097386 0.334075601
173378.230201772 -0.299550307 0.384777858 0.545651480 0.460389324 -0.712075644 -0.422471425 0.320168458
173378.263535721 -0.310248064 0.356676819 0.549611958 0.434994632 -0.731394622 -0.427766182 0.304725565
173378.296869670 -0.324889103 0.328824827 0.551390303 0.409381431 -0.748407087 -0.435194015 0.287923334
173378.330203619 -0.343251498 0.301468725 0.550747343 0.383118259 -0.762381997 -0.445948545 0.270414469
173378.363537568 -0.365281344 0.275202009 0.547695017 0.355509477 -0.773300312 -0.460549257 0.252019883
173378.396871518 -0.390772449 0.250758332 0.542767527 0.325748179 -0.783081689 -0.476516281 0.231524138
173378.430205467 -0.418792472 0.228584683 0.536372535 0.295782915 -0.791419922 -0.492752526 0.208235259
173378.463539416 -0.448065045 0.209300411 0.528718091 0.266578377 -0.798191861 -0.508081123 0.183519194
173378.496873365 -0.478079242 0.192760578 0.520295182 0.238369104 -0.803204863 -0.521858852 0.160329213
173378.530207314 -0.507846675 0.179277587 0.511341988 0.210135546 -0.806863409 -0.533885807 0.140642940
173378.563541264 -0.536085896 0.168853441 0.502234037 0.183615715 -0.808685409 -0.544576665 0.125496753
173378.596875213 -0.561774821 0.161229234 0.493322388 0.158908210 -0.809593845 -0.553002779 0.116163306
173378.630209162 -0.582971714 0.155821957 0.485518981 0.136959159 -0.809724303 -0.559071588 0.114138960
173378.663543111 -0.598539960 0.152677204 0.477696075 0.120658202 -0.806923328 -0.566113172 0.117610449
173378.696877061 -0.607664140 0.151205919 0.469795431 0.113124519 -0.799453198 -0.576733836 0.124320193
173378.730211010 -0.609851661 0.152132840 0.459986758 0.114856492 -0.787971128 -0.589772144 0.134455592
173378.763544959 -0.606229853 0.153682464 0.450694576 0.119069163 -0.776315249 -0.600378345 0.150675186
173378.796878908 -0.596572173 0.155550186 0.442465030 0.121665621 -0.768976562 -0.602497251 0.175697428
173378.830212857 -0.582781659 0.158240127 0.434524099 0.125377765 -0.767468167 -0.592780396 0.209486111
173378.863546807 -0.563741526 0.163014362 0.425972811 0.132069972 -0.767236710 -0.576015994 0.249220641
173378.896880756 -0.540978874 0.170716976 0.417038545 0.146745812 -0.763295912 -0.557922792 0.290804358
173378.930214705 -0.516620202 0.183593774 0.404588464 0.169978587 -0.753554041 -0.541944064 0.330998821
173378.963548654 -0.491260526 0.199954377 0.392147057 0.199571225 -0.739410087 -0.527365704 0.367871530
173378.996882603 -0.466439777 0.219472657 0.379702179 0.231338903 -0.723211162 -0.513861472 0.399242175
173379.030216553 -0.443148645 0.241814262 0.368360404 0.264444092 -0.708011027 -0.498381279 0.424742050
173379.063550502 -0.421842821 0.266755046 0.358372356 0.300756075 -0.691737499 -0.480980123 0.446881568
173379.096884451 -0.404323752 0.293603783 0.350249700 0.339006390 -0.671751931 -0.464768865 0.466705380
173379.130218400 -0.390391898 0.321078438 0.344856748 0.377401187 -0.649619432 -0.449934848 0.482826646
173379.163552350 -0.379702013 0.347636526 0.342591372 0.413556770 -0.629788494 -0.433134510 0.494703696
173379.196886299 -0.371866880 0.372974876 0.342912881 0.447449835 -0.612054663 -0.414957814 0.502978874
173379.230220248 -0.365948236 0.396521563 0.345566961 0.479978017 -0.596233783 -0.395314973 0.507791740
173379.263554197 -0.361220847 0.417537956 0.348721585 0.508391429 -0.579834829 -0.378838637 0.511674714
173379.296888146 -0.358228732 0.435063513 0.353194184 0.530576553 -0.565842487 -0.367752898 0.512902143
173379.330222096 -0.355358161 0.450036189 0.358794145 0.546266223 -0.555508699 -0.356702720 0.515525429
173379.363556045 -0.353687146 0.462961270 0.364913045 0.557618257 -0.549369676 -0.345769918 0.517395402
173379.396889994 -0.352628753 0.474052530 0.370947521 0.567819238 -0.546115478 -0.332275907 0.518586463
173379.430223943 -0.351435651 0.484013752 0.376256425 0.579210404 -0.541980050 -0.318189723 0.519161087
173379.463557892 -0.350069272 0.492228277 0.380507172 0.591001644 -0.534788268 -0.304303854 0.521649049
173379.496891842 -0.349093801 0.497143089 0.382934047 0.598984003 -0.526294593 -0.295426777 0.526265317
173379.530225791 -0.348178936 0.498953115 0.383869927 0.603302816 -0.519133689 -0.290490371 0.531169718
173379.563559740 -0.346306694 0.496440800 0.384510297 0.605877576 -0.517926827 -0.286212587 0.531739147
173379.596893689 -0.343744032 0.489773824 0.384982247 0.606994905 -0.522628740 -0.283241876 0.527437602
173379.630227639 -0.339924033 0.479342198 0.384994765 0.605474725 -0.531660574 -0.283113285 0.520177142
173379.663561588 -0.335420879 0.463756608 0.384034525 0.601796720 -0.542977534 -0.286963391 0.510556675
173379.696895537 -0.331863303 0.446938037 0.382936490 0.596904936 -0.553945485 -0.293344748 0.500797120
173379.730229486 -0.328793776 0.427880730 0.381992334 0.590593745 -0.566327445 -0.300421346 0.490121687
173379.763563435 -0.326592882 0.407693098 0.381405621 0.582532846 -0.579244054 -0.307328656 0.480292522
173379.796897385 -0.325726736 0.386419608 0.380436300 0.570617102 -0.592066188 -0.318253733 0.471771464
173379.830231334 -0.325976174 0.364844155 0.379615565 0.557315570 -0.604291027 -0.329961514 0.464065846
173379.863565283 -0.326960163 0.343784686 0.378977243 0.544356551 -0.615838351 -0.340000260 0.456967061
173379.896899232 -0.328724457 0.324035776 0.378200620 0.532580416 -0.626246475 -0.349156248 0.449736998
173379.930233181 -0.330750444 0.306602266 0.377102446 0.523695449 -0.634310645 -0.357615591 0.442158536
173379.963567131 -0.333232562 0.291987962 0.375629695 0.517075312 -0.640395734 -0.364670327 0.435364192
173379.996901080 -0.336086515 0.280591889 0.374274540 0.511592987 -0.644763383 -0.369567346 0.431245605
173380.030235029 -0.339481900 0.272213327 0.372734473 0.505799006 -0.647438924 -0.374252201 0.430029644
173380.063568978 -0.343079993 0.266276248 0.370810791 0.499032992 -0.648924053 -0.379583698 0.431021881
173380.096902928 -0.346844474 0.262602157 0.368735751 0.492727769 -0.649726943 -0.384413682 0.432782124
173380.130236877 -0.350465387 0.261329281 0.366787929 0.487991715 -0.650136646 -0.388985074 0.433447852
173380.163570826 -0.353486585 0.261770027 0.364645415 0.485703434 -0.649216120 -0.393762769 0.433083693
173380.196904775 -0.355564557 0.263868481 0.362656895 0.485840273 -0.647014530 -0.398168156 0.432196190
173380.230238724 -0.356419133 0.267136399 0.360837640 0.487637614 -0.643286849 -0.402041594 0.432150604
173380.263572674 -0.357409845 0.273286079 0.359141862 0.490726584 -0.638415389 -0.405577018 0.432574263
173380.296906623 -0.357143096 0.280254684 0.358012621 0.495525090 -0.632289452 -0.408523685 0.433328205
173380.330240572 -0.355766173 0.288252369 0.358136291 0.501415837 -0.626146251 -0.410003999 0.434073440
173380.363574521 -0.354166674 0.298015436 0.359391915 0.507373629 -0.621312097 -0.410160401 0.433948987
173380.396908470 -0.352358515 0.308115575 0.361584155 0.512293592 -0.617435656 -0.410538570 0.433343475
173380.430242420 -0.350453814 0.319000608 0.364714724 0.516009134 -0.614174554 -0.411752994 0.432416077
173380.463576369 -0.348291035 0.330784280 0.368631994 0.519569196 -0.611026339 -0.412476490 0.431923382
173380.496910318 -0.345787990 0.343063050 0.373299121 0.523879359 -0.608185973 -0.411919686 0.431256782
173380.530244267 -0.343319758 0.355964999 0.378249768 0.528928491 -0.605733962 -0.410877190 0.429535742
173380.563578217 -0.341465286 0.368854771 0.382820493 0.533889019 -0.603377560 -0.411402794 0.426199221
173380.596912166 -0.339808538 0.381949757 0.386906540 0.538694948 -0.601735875 -0.412608763 0.421278647
173380.630246115 -0.338568924 0.395361145 0.390304760 0.543713138 -0.600693025 -0.413644387 0.415261647
173380.663580064 -0.337343442 0.408317172 0.393274164 0.548934311 -0.599394293 -0.414250801 0.409626510
173380.696914013 -0.336198482 0.420876741 0.395441672 0.554217502 -0.596686267 -0.415472297 0.405205169
173380.730247963 -0.335406779 0.432461866 0.397044417 0.559164269 -0.593511821 -0.416388644 0.402118808
173380.763581912 -0.335094497 0.443466063 0.398472583 0.563272066 -0.591194083 -0.415436806 0.400782230
173380.796915861 -0.335171629 0.453664907 0.399353305 0.564378130 -0.589871192 -0.413995676 0.402662245
173380.830249810 -0.335562106 0.462280554 0.399393576 0.562662368 -0.588714285 -0.414137038 0.406592012
173380.863583759 -0.336248179 0.469591352 0.398667710 0.559543561 -0.587770798 -0.414862087 0.411492335
173380.896917709 -0.335729215 0.474669867 0.397500165 0.555592271 -0.587137273 -0.415220945 0.417347120
173380.930251658 -0.334337790 0.477313483 0.395629741 0.550860781 -0.586387565 -0.416045502 0.423802033
173380.963585607 -0.332698796 0.477232426 0.392878593 0.544869086 -0.585725488 -0.418476894 0.430023744
173380.996919556 -0.329754219 0.473764322 0.389668401 0.537990383 -0.585116334 -0.421694019 0.436324854
173381.030253506 -0.325806413 0.467158936 0.386379017 0.530699329 -0.586077964 -0.424742850 0.440981127
173381.063587455 -0.320832629 0.457561824 0.383152396 0.523652288 -0.587526527 -0.427393469 0.444899634
173381.096921404 -0.315785123 0.445650327 0.379898844 0.517442644 -0.587838414 -0.430369834 0.448866255
173381.130255353 -0.310522971 0.432132111 0.377684007 0.512703861 -0.587834093 -0.431865006 0.452855879
173381.163589302 -0.305637914 0.417958570 0.376893263 0.509371503 -0.588638972 -0.430859461 0.456513918
173381.196923252 -0.301505220 0.403568133 0.377753384 0.505332370 -0.592323820 -0.427904253 0.459009410
173381.230257201 -0.298780491 0.389970888 0.379445632 0.499140211 -0.597745353 -0.425801563 0.460708771
173381.263591150 -0.297473888 0.377546911 0.381658381 0.492609627 -0.602784524 -0.424949833 0.461956937
173381.296925099 -0.297182339 0.366239185 0.384730037 0.487327785 -0.608466008 -0.422727262 0.462149769
173381.330259049 -0.297797888 0.356796070 0.387757655 0.483545437 -0.612840422 -0.420606093 0.462277992
173381.363592998 -0.299066294 0.349265751 0.390582112 0.481707887 -0.615838348 -0.419690024 0.461043299
173381.396926947 -0.300984503 0.343377129 0.393196553 0.481118241 -0.618012780 -0.418604636 0.459734272
173381.430260896 -0.303280052 0.338717481 0.395311733 0.481382162 -0.618829752 -0.417581068 0.459289673
173381.463594845 -0.306125713 0.335349982 0.396893770 0.481944366 -0.618869739 -0.417188672 0.459002709
173381.496928795 -0.309319943 0.332818339 0.397653543 0.482602119 -0.617404478 -0.418350189 0.459227638
173381.530262744 -0.312731662 0.331079531 0.397858847 0.484033322 -0.615510213 -0.419642220 0.459085317
173381.563596693 -0.315879652 0.330178033 0.397958024 0.488776476 -0.612847464 -0.419537085 0.457716262
173381.596930642 -0.318736355 0.329534784 0.398075184 0.496572782 -0.610104272 -0.417861494 0.454510750
173381.630264591 -0.321802568 0.329341719 0.397836679 0.504891203 -0.607142073 -0.416741420 0.450322069
173381.663598541 -0.324741974 0.328954817 0.397405834 0.513053340 -0.604274851 -0.416463137 0.445181570
173381.696932490 -0.327695709 0.328867723 0.396937663 0.521248935 -0.601597024 -0.415230510 0.440413661
173381.730266439 -0.330934278 0.329021511 0.395898163 0.529214133 -0.597194316 -0.414629256 0.437463063
173381.763600388 -0.334531690 0.329494179 0.394327814 0.536393323 -0.591826022 -0.414855560 0.435797001
173381.796934338 -0.338243338 0.330523747 0.392502492 0.542568842 -0.586574312 -0.415055000 0.435062036
173381.830268287 -0.342482544 0.331672183 0.390573557 0.547504956 -0.582708871 -0.414190373 0.434896574
173381.863602236 -0.346664995 0.332961850 0.388670882 0.551520009 -0.580247241 -0.412214844 0.434991657
173381.896936185 -0.350719298 0.334097563 0.386521733 0.554608584 -0.578073491 -0.410618230 0.435468744
173381.930270134 -0.354423905 0.335052850 0.384216099 0.557041603 -0.575652667 -0.409322327 0.436788155
173381.963604084 -0.357433741 0.336006216 0.382021283 0.559531014 -0.572933881 -0.407335474 0.439032599
173381.996938033 -0.359982081 0.336633526 0.379923717 0.561953043 -0.569460116 -0.405399014 0.442239294
173382.030271982 -0.361858057 0.336997726 0.378096831 0.563939716 -0.565219178 -0.403979839 0.446429801
173382.063605931 -0.363166622 0.337487709 0.376846865 0.565742394 -0.560835890 -0.401652667 0.451745263
173382.096939880 -0.363999469 0.338155643 0.376274759 0.566854246 -0.557493784 -0.398304207 0.457417428
173382.130273830 -0.364276522 0.338914722 0.376165612 0.568093725 -0.554385203 -0.394050851 0.463303888
173382.163607779 -0.364270006 0.339862868 0.376236718 0.569455547 -0.551303691 -0.390033957 0.468677003
173382.196941728 -0.364279266 0.341104711 0.376259230 0.570857712 -0.548210589 -0.386346759 0.473627285
173382.230275677 -0.363906153 0.342425684 0.376426089 0.572171711 -0.545607107 -0.382515042 0.478136654
173382.263609627 -0.363512798 0.343735062 0.376448888 0.572714960 -0.543535591 -0.379504382 0.482227187
173382.296943576 -0.363203678 0.344916999 0.376268480 0.572263881 -0.541555116 -0.377942280 0.486201336
173382.330277525 -0.363305994 0.346070181 0.375753630 0.571088234 -0.539723919 -0.377351778 0.490063216
173382.363611474 -0.363503170 0.347176365 0.375019276 0.569484565 -0.537745450 -0.377509464 0.493967373
173382.396945423 -0.363755491 0.348354097 0.374198727 0.568221609 -0.535407148 -0.378268160 0.497369669
173382.430279373 -0.364141743 0.349637799 0.373386865 0.567278535 -0.532921274 -0.380087337 0.499723519
173382.463613322 -0.364762631 0.350842763 0.372715619 0.566035813 -0.531111962 -0.382766060 0.501012661
173382.496947271 -0.365674250 0.351611906 0.372138744 0.563153133 -0.531761441 -0.386828494 0.500451830
173382.530281220 -0.366572657 0.351609841 0.371404750 0.558734852 -0.534835082 -0.393133990 0.497204652
173382.563615169 -0.367001352 0.350506476 0.370456497 0.554241834 -0.539549148 -0.402792031 0.489347818
173382.596949119 -0.366426373 0.348741703 0.370166205 0.552686882 -0.546138187 -0.412016880 0.475933170
173382.630283068 -0.364188624 0.345667120 0.371454552 0.554882795 -0.555368723 -0.418230246 0.456896188
173382.663617017 -0.361280939 0.341548928 0.374647945 0.558095599 -0.566820326 -0.422341445 0.434593746
173382.696950966 -0.358900955 0.336640391 0.379792578 0.559741181 -0.579589164 -0.425779801 0.411676782
173382.730284916 -0.357360811 0.331909476 0.387571822 0.558461902 -0.593259070 -0.427959314 0.391171069
173382.763618865 -0.357275031 0.327921049 0.398345630 0.553813177 -0.610425812 -0.425713138 0.373416145
173382.796952814 -0.359189335 0.325271597 0.411622566 0.545309532 -0.630967737 -0.419734566 0.358245897
173382.830286763 -0.361587004 0.325459479 0.427003507 0.533808775 -0.653551507 -0.409557030 0.346672263
173382.863620712 -0.360488589 0.329954206 0.444241486 0.531011727 -0.670137767 -0.392378831 0.339088148
173382.896954662 -0.359220364 0.337057109 0.460599127 0.533344021 -0.681809856 -0.378713291 0.327499188
173382.930288611 -0.360322328 0.344455235 0.476526464 0.534748178 -0.693451811 -0.368995842 0.311465954
173382.963622560 -0.364998663 0.351759810 0.494453335 0.532013038 -0.713283139 -0.353009796 0.289090600
173382.996956509 -0.372760923 0.359130219 0.513046377 0.527852877 -0.736391241 -0.331306434 0.263316022
173383.030290458 -0.379311199 0.367700443 0.531647409 0.525915949 -0.752919857 -0.310979976 0.244572192
173383.063624408 -0.384421897 0.377629040 0.550176828 0.527644441 -0.763464831 -0.292830931 0.230136570
173383.096958357 -0.388838759 0.387483618 0.567397269 0.531628434 -0.769964323 -0.277165431 0.218415827
173383.130292306 -0.392018566 0.396609509 0.582965748 0.533028791 -0.775296468 -0.264589410 0.211632081
173383.163626255 -0.393791723 0.404833234 0.596071381 0.533422001 -0.778324422 -0.253896922 0.212622707
173383.196960205 -0.393950885 0.412409042 0.604781711 0.533132453 -0.776434578 -0.252489001 0.221739573
173383.230294154 -0.390993794 0.419053071 0.608630271 0.532088328 -0.769253079 -0.261546729 0.238170150
173383.263628103 -0.386418393 0.424629231 0.608211781 0.529502391 -0.759731460 -0.275665688 0.257766861
173383.296962052 -0.381961417 0.429181436 0.603835392 0.523517201 -0.750178962 -0.293547224 0.277473049
173383.330296001 -0.377112701 0.433180324 0.596332637 0.516153252 -0.739903227 -0.312116448 0.297846198
173383.363629951 -0.371639788 0.437031282 0.586199207 0.510815141 -0.728310324 -0.327775560 0.318111846
173383.396963900 -0.366451338 0.440361551 0.573076980 0.503819843 -0.716328426 -0.345086850 0.337571055
173383.430297849 -0.363256484 0.442648020 0.556088243 0.493140205 -0.703092260 -0.370337004 0.354012026
173383.463631798 -0.361104556 0.443447257 0.535264840 0.477938804 -0.685408032 -0.406315547 0.369726935
173383.496965747 -0.361446472 0.443323339 0.510606923 0.456215263 -0.660078638 -0.453471368 0.387978793
173383.530299697 -0.364701405 0.442819757 0.483739073 0.425159461 -0.629259339 -0.508311388 0.406068528
173383.563633646 -0.370895861 0.441836641 0.456302364 0.387091550 -0.594070823 -0.561218835 0.426934900
173383.596967595 -0.379695384 0.440275882 0.430743284 0.344743940 -0.560688211 -0.602753556 0.451074823
173383.630301544 -0.389341785 0.438011036 0.408875903 0.306367620 -0.533304283 -0.629416566 0.474931794
173383.663635494 -0.397766500 0.434699614 0.391591721 0.278506774 -0.515500247 -0.640420014 0.496543731
173383.696969443 -0.405378067 0.429695010 0.377556298 0.257276892 -0.504636699 -0.643528722 0.514802086
173383.730303392 -0.413846719 0.422777608 0.366164714 0.235930360 -0.497318194 -0.645582222 0.529372340
173383.763637341 -0.422890813 0.413644822 0.357362047 0.215592171 -0.492353819 -0.647792264 0.539882316
173383.796971290 -0.432173606 0.404042436 0.351089527 0.199263878 -0.486398178 -0.659858573 0.536933314
173383.830305240 -0.439965622 0.394100588 0.350288840 0.195810538 -0.488846950 -0.664664150 0.530007982
173383.863639189 -0.443564796 0.382841843 0.353410373 0.204442592 -0.502664538 -0.662779831 0.515998532
173383.896973138 -0.443308894 0.370655994 0.360029669 0.221571282 -0.526778396 -0.654999435 0.494354558
173383.930307087 -0.440421454 0.357855643 0.370690671 0.243121548 -0.555637210 -0.643279834 0.467279637
173383.963641036 -0.437015237 0.345314610 0.385166380 0.267150318 -0.582758099 -0.632753637 0.434334596
173383.996974986 -0.433391471 0.332986424 0.403866967 0.295409792 -0.605030961 -0.620029200 0.402783295
173384.030308935 -0.430295119 0.323009211 0.426824762 0.326344794 -0.623993597 -0.604800410 0.371950978
173384.063642884 -0.428138747 0.314522067 0.454132909 0.358880781 -0.643461753 -0.583826464 0.341039906
173384.096976833 -0.426651332 0.308344293 0.484757055 0.393141453 -0.662963409 -0.555089805 0.312721321
173384.130310783 -0.425584029 0.304549049 0.517541973 0.427856923 -0.682733378 -0.515485996 0.291698090
173384.163644732 -0.424480857 0.302498372 0.550667458 0.462487565 -0.700254402 -0.470117519 0.273383509
173384.196978681 -0.424770918 0.304160667 0.582882056 0.493448685 -0.716374219 -0.422332896 0.254855446
173384.230312630 -0.425955878 0.309046368 0.612808381 0.520716746 -0.730299190 -0.374092644 0.235736838
173384.263646579 -0.427846943 0.316423419 0.639476979 0.545095924 -0.740460049 -0.329594072 0.214376064
173384.296980529 -0.429299673 0.325643405 0.662447766 0.567045287 -0.746027928 -0.289960526 0.194486160
173384.330314478 -0.430004186 0.336796704 0.681673643 0.586564397 -0.748525763 -0.251056497 0.180615682
173384.363648427 -0.429684085 0.348855924 0.696440807 0.602283597 -0.749477547 -0.213155522 0.173501003
173384.396982376 -0.427804907 0.361521860 0.706579423 0.616949091 -0.745035153 -0.186674964 0.171606812
173384.430316325 -0.425078773 0.374013012 0.714184393 0.631519787 -0.736523381 -0.172712750 0.169959919
173384.463650275 -0.421326490 0.387003138 0.719920944 0.644102651 -0.727518681 -0.161172106 0.172834881
173384.496984224 -0.417092216 0.399438452 0.723587357 0.653732254 -0.719493397 -0.152414700 0.178138009
173384.530318173 -0.412712065 0.412359603 0.723722571 0.663640449 -0.708437936 -0.152161924 0.185859612
173384.563652122 -0.407746476 0.425330555 0.722007224 0.672198541 -0.697322572 -0.154754174 0.194785774
173384.596986072 -0.401254915 0.438252844 0.717236620 0.679468992 -0.685213133 -0.164435034 0.204367246
173384.630320021 -0.393476160 0.450453373 0.708045004 0.681920504 -0.671976444 -0.184334637 0.222379913
173384.663653970 -0.384753252 0.462253213 0.694079207 0.678101409 -0.656330062 -0.213468332 0.252666974
173384.696987919 -0.375253220 0.472774066 0.675843823 0.668365272 -0.637481816 -0.250679223 0.289939173
173384.730321868 -0.367693811 0.482150702 0.653534868 0.652262801 -0.615791063 -0.291608694 0.332143002
173384.763655818 -0.360724587 0.490879804 0.628724461 0.630747265 -0.589254196 -0.331303561 0.381018808
173384.796989767 -0.354937058 0.500269145 0.602876432 0.609434349 -0.554747644 -0.368002989 0.430602631
173384.830323716 -0.352016023 0.510112999 0.577397842 0.588908567 -0.516579230 -0.399726742 0.475973877
173384.863657665 -0.351144720 0.520158523 0.554503836 0.568223629 -0.478973917 -0.423885922 0.517712873
173384.896991614 -0.349219358 0.528850119 0.535040500 0.551634348 -0.446798694 -0.439442905 0.550418392
173384.930325564 -0.347798093 0.537482971 0.519743383 0.540638119 -0.419431819 -0.449026560 0.574597704
173384.963659513 -0.346080784 0.544507155 0.509133588 0.532981382 -0.401395361 -0.455893295 0.589044917
173384.996993462 -0.342860502 0.549213202 0.503346736 0.530384598 -0.396300683 -0.460100934 0.591561559
173385.030327411 -0.338550600 0.552320548 0.502128876 0.533277393 -0.402936389 -0.461312057 0.583479798
173385.063661361 -0.332507066 0.552513938 0.503927312 0.539493970 -0.419300612 -0.459571024 0.567386752
173385.096995310 -0.328454888 0.550929781 0.508363690 0.545615571 -0.442429478 -0.456240930 0.546263690
173385.130329259 -0.322891582 0.543754110 0.513123406 0.548629844 -0.469144504 -0.454003417 0.522292662
173385.163663208 -0.318480672 0.533439569 0.518414708 0.547611188 -0.496736455 -0.454702395 0.496609115
173385.196997157 -0.316024614 0.519948281 0.522805636 0.542228212 -0.523121294 -0.459805054 0.470012756
173385.230331107 -0.315428595 0.503744489 0.526428285 0.531313899 -0.549851894 -0.467762144 0.443358786
173385.263665056 -0.316688812 0.485367862 0.529389195 0.515020644 -0.576141160 -0.476906313 0.418778543
173385.296999005 -0.320427001 0.465597624 0.531879713 0.494061577 -0.600199881 -0.488652921 0.396082799
173385.330332954 -0.325989059 0.445251227 0.534532860 0.471502138 -0.622394116 -0.498077243 0.377134403
173385.363666903 -0.333158793 0.424989978 0.537615529 0.448046430 -0.643474311 -0.505594592 0.359957381
173385.397000853 -0.340866577 0.405446765 0.541092274 0.427216697 -0.662690602 -0.509960762 0.343899812
173385.430334802 -0.348747080 0.386496980 0.544947617 0.408803709 -0.681598223 -0.510361739 0.328381310
173385.463668751 -0.357056959 0.368426491 0.548443779 0.390098068 -0.698583657 -0.510993665 0.314149400
173385.497002700 -0.366096430 0.351542882 0.551395414 0.370599048 -0.713385233 -0.513051435 0.300858904
173385.530336650 -0.374828283 0.335237037 0.553599966 0.351361901 -0.725403606 -0.516762600 0.288601521
173385.563670599 -0.383721743 0.319725817 0.555118011 0.331464657 -0.734954686 -0.522872560 0.276725635
173385.597004548 -0.392338221 0.304867128 0.556048609 0.311215090 -0.742573823 -0.530494945 0.265149765
173385.630338497 -0.400990903 0.291116053 0.556240806 0.291293005 -0.748775676 -0.538928606 0.253059933
173385.663672446 -0.410226059 0.278623163 0.555930033 0.270865162 -0.753963497 -0.548460760 0.239503452
173385.697006396 -0.418423705 0.266965589 0.555126653 0.252733679 -0.758171468 -0.557336462 0.225117259
173385.730340345 -0.426065876 0.256198397 0.554268854 0.237383095 -0.762146581 -0.564404542 0.210307796
173385.763674294 -0.433728698 0.245933519 0.553278933 0.221885984 -0.765821827 -0.571051702 0.195405972
173385.797008243 -0.442150758 0.236152737 0.552117346 0.204901416 -0.768269143 -0.578580121 0.181722249
173385.830342192 -0.450987010 0.226905929 0.551048274 0.186014545 -0.769071701 -0.587413038 0.169921248
173385.863676142 -0.460359506 0.218021867 0.550021042 0.165260478 -0.768871042 -0.596646784 0.159808976
173385.897010091 -0.470080582 0.210479721 0.549261836 0.144496703 -0.768546700 -0.605164522 0.149105916
173385.930344040 -0.479666789 0.203795596 0.548719016 0.124407774 -0.769150784 -0.611852447 0.136258436
173385.963677989 -0.489015269 0.198444059 0.548415980 0.104888882 -0.771046673 -0.616449200 0.120315148
173385.997011939 -0.497917726 0.193982457 0.548498102 0.085414410 -0.774878167 -0.618161433 0.100720648
173386.030345888 -0.507172969 0.191049981 0.548424432 0.065255553 -0.780473352 -0.616891035 0.077772168
173386.063679837 -0.516768344 0.189645378 0.548131063 0.042913340 -0.786677759 -0.613666330 0.052059420
173386.097013786 -0.526648476 0.188982718 0.547237432 0.017976502 -0.791245201 -0.610755963 0.024187429
173386.130347735 -0.537361482 0.191274469 0.545362800 0.008413012 0.792456696 0.609846311 0.005392871
173386.163681685 -0.548132567 0.195949153 0.542729111 0.035103420 0.791029771 0.609673001 0.036585276
173386.197015634 -0.559603775 0.203539020 0.539817542 0.063282479 0.786956448 0.609908627 0.068602794
173386.230349583 -0.572101361 0.211992876 0.537577903 0.091932307 0.781365874 0.609269398 0.099028396
173386.263683532 -0.584116390 0.222080924 0.535494733 0.119273842 0.775466003 0.607028492 0.126264163
173386.297017481 -0.596196007 0.233326797 0.533958978 0.145098992 0.769101104 0.603909472 0.150741915
173386.330351431 -0.608371674 0.245953180 0.532755254 0.170930513 0.762775229 0.599344015 0.172462926
173386.363685380 -0.620346054 0.260017858 0.531615059 0.197529260 0.755944945 0.593986511 0.191597119
173386.397019329 -0.632902640 0.275036932 0.530873056 0.224428832 0.748207677 0.587985233 0.209976991
173386.430353278 -0.644673348 0.290460382 0.529956313 0.251381556 0.739825600 0.581161054 0.227414212
173386.463687228 -0.655824608 0.306497953 0.529071366 0.276744896 0.731140062 0.573841994 0.244032453
173386.497021177 -0.666022652 0.322961115 0.528284842 0.300477921 0.721476931 0.566660923 0.260920399
173386.530355126 -0.675198372 0.339877074 0.527144186 0.323341191 0.711107402 0.559156105 0.277707018
173386.563689075 -0.683479227 0.356507808 0.526262732 0.345533706 0.700144921 0.551436909 0.293804160
173386.597023024 -0.691152592 0.372464141 0.525320666 0.366781837 0.689051228 0.543317458 0.309007490
173386.630356974 -0.697557360 0.388761707 0.524077811 0.387875052 0.677686214 0.534275364 0.323796501
173386.663690923 -0.703121155 0.405509099 0.522499221 0.409031966 0.665063898 0.525215620 0.338424901
173386.697024872 -0.708520660 0.421761380 0.520961466 0.428913868 0.651847702 0.516552320 0.352563708
173386.730358821 -0.712684294 0.436915793 0.518928443 0.445746288 0.638268461 0.509140774 0.367014019
173386.763692770 -0.715974079 0.451168220 0.516523681 0.459028756 0.625748802 0.502686540 0.380837604
173386.797026720 -0.718918550 0.463483909 0.514757795 0.469959566 0.615691178 0.496091829 0.392371350
173386.830360669 -0.721383084 0.474252087 0.513925453 0.480009989 0.607920002 0.489233293 0.400842197
173386.863694618 -0.722991921 0.483470227 0.513885746 0.489905489 0.601267860 0.482715745 0.406761702
173386.897028567 -0.723838414 0.491251764 0.514324955 0.498782379 0.595197999 0.477578772 0.410942815
173386.930362517 -0.724057355 0.496210449 0.514596256 0.504804100 0.590505954 0.474320184 0.414120637
173386.963696466 -0.723839743 0.498741012 0.514588749 0.507938247 0.587786838 0.472555587 0.416168942
173386.997030415 -0.723603660 0.498369674 0.514557519 0.508231273 0.587701314 0.472303329 0.416218336
173387.030364364 -0.722912218 0.495358823 0.514365507 0.505711791 0.590135206 0.473739415 0.414206459
173387.063698313 -0.722028730 0.489617434 0.514272047 0.500523702 0.594364126 0.477304685 0.410350517
173387.097032263 -0.720675951 0.481233343 0.514184789 0.492598407 0.601057568 0.482031968 0.404625494
173387.130366212 -0.719117827 0.470418986 0.514174378 0.481983112 0.610004584 0.487798548 0.397038113
173387.163700161 -0.717440393 0.457247416 0.514062917 0.468323351 0.620616692 0.494578664 0.388458626
173387.197034110 -0.715830260 0.441948331 0.514014158 0.452112969 0.632536071 0.502253199 0.378462292
173387.230368059 -0.713984751 0.425158355 0.513997572 0.433834870 0.644905372 0.511018712 0.367075255
173387.263702009 -0.711671537 0.407025180 0.514236345 0.413089324 0.657808688 0.520989624 0.353856965
173387.297035958 -0.708511732 0.388105663 0.514688779 0.390515137 0.671126612 0.531597497 0.338365335
173387.330369907 -0.704535788 0.368910071 0.515441473 0.366740061 0.684625571 0.541885359 0.321169446
173387.363703856 -0.699584477 0.349696510 0.516537827 0.341719841 0.698524523 0.551040076 0.302730698
173387.397037806 -0.693568687 0.330810873 0.517826677 0.315164782 0.712486126 0.559116143 0.283590936
173387.430371755 -0.686559263 0.312517835 0.519448276 0.287502921 0.726339855 0.565978207 0.263516896
173387.463705704 -0.678270787 0.294915276 0.521470886 0.258402859 0.739966799 0.572030015 0.241782466
173387.497039653 -0.668475742 0.277671282 0.523964235 0.227298942 0.752255378 0.578920804 0.217480433
173387.530373602 -0.656628475 0.261576922 0.527057172 0.195509058 0.762849623 0.586370695 0.189752654
173387.563707552 -0.642838330 0.247868601 0.530343985 0.165689781 0.771156866 0.593215667 0.161118458
173387.597041501 -0.627370448 0.235711504 0.533187109 0.137356524 0.777311818 0.599347949 0.133047208
173387.630375450 -0.610572565 0.225297395 0.535586115 0.110499174 0.781810412 0.604446351 0.105863221
173387.663709399 -0.592528742 0.217115277 0.537194029 0.084570515 0.784797770 0.608656517 0.080483118
173387.697043348 -0.573319899 0.210959113 0.538010237 0.058793935 0.786990745 0.611485080 0.057226197
173387.730377298 -0.553331610 0.206593132 0.538294545 0.033385450 0.788752183 0.612719241 0.036476517
173387.763711247 -0.532699658 0.203706961 0.538032226 0.008700983 0.789833209 0.612982483 0.018446436
173387.797045196 -0.511616835 0.201838568 0.537239851 -0.015136753 0.790609657 0.612129070 0.002291412
173387.830379145 -0.490568295 0.201218329 0.535975836 0.037802806 -0.791177310 -0.610277462 0.013070234
173387.863713095 -0.469408709 0.201232929 0.534294478 0.060852952 -0.790497623 -0.608747434 0.028930749
173387.897047044 -0.448582673 0.202021793 0.532207830 0.084268261 -0.788316684 -0.607747399 0.045812267
173387.930380993 -0.428148265 0.203761800 0.529877139 0.107812820 -0.783712461 -0.608303727 0.064325340
173387.963714942 -0.407771870 0.206610388 0.527388045 0.133612733 -0.776288841 -0.609954285 0.086481455
173387.997048891 -0.387549214 0.211355179 0.524920491 0.161233706 -0.766329281 -0.611693362 0.112135436
173388.030382841 -0.367909816 0.217556102 0.523000724 0.188340793 -0.755499851 -0.612043877 0.138383574
173388.063716790 -0.348581783 0.224933163 0.522123472 0.214174331 -0.744836355 -0.610507709 0.163182404
173388.097050739 -0.329487818 0.233174227 0.521937560 0.240543145 -0.734206202 -0.607039608 0.185965486
173388.130384688 -0.311141189 0.242395548 0.522539898 0.268126356 -0.724730105 -0.600077692 0.206836396
173388.163718637 -0.293451128 0.252712606 0.523843588 0.296918853 -0.716231081 -0.589608437 0.226305380
173388.197052587 -0.277375445 0.264242511 0.525164302 0.326658816 -0.707116375 -0.577211393 0.245168225
173388.230386536 -0.263257290 0.276758568 0.526011689 0.356365832 -0.696063247 -0.564421293 0.264438941
173388.263720485 -0.251449910 0.290605752 0.526350335 0.384923257 -0.682734745 -0.551907984 0.284789274
173388.297054434 -0.241548842 0.305138691 0.525975004 0.411599310 -0.666973353 -0.540209250 0.306441709
173388.330388384 -0.234997034 0.319826251 0.525153498 0.436070569 -0.649664731 -0.528926643 0.328656055
173388.363722333 -0.230324619 0.334948407 0.524391487 0.459005650 -0.631980503 -0.516911597 0.350309661
173388.397056282 -0.227361214 0.350274978 0.524132220 0.481219782 -0.614342572 -0.503722303 0.370505826
173388.430390231 -0.226181794 0.365599848 0.524317538 0.501610495 -0.597295495 -0.490357582 0.388811580
173388.463724180 -0.226637646 0.380748160 0.525119551 0.519470494 -0.581584619 -0.477559457 0.404779819
173388.497058130 -0.228501583 0.395404096 0.526397584 0.534361916 -0.567550502 -0.465757928 0.418823736
173388.530392079 -0.231826090 0.409155213 0.527810903 0.546499855 -0.554864192 -0.455543358 0.431212113
173388.563726028 -0.235602640 0.422358142 0.529254993 0.557054859 -0.543072423 -0.447229554 0.441302564
173388.597059977 -0.239470533 0.434310124 0.530417219 0.566263891 -0.532707618 -0.440870088 0.448554752
173388.630393926 -0.243399694 0.444785986 0.531070570 0.573757519 -0.524695260 -0.436382382 0.452843914
173388.663727876 -0.246147005 0.453744942 0.531228767 0.579446420 -0.518941176 -0.433242484 0.455239336
173388.697061825 -0.249601194 0.460304891 0.530694357 0.582894934 -0.515149942 -0.431492896 0.456801833
173388.730395774 -0.252471598 0.466258012 0.529957573 0.583825824 -0.514147568 -0.430364943 0.457805311
173388.763729723 -0.255028929 0.471179482 0.529162726 0.583063100 -0.515901072 -0.429393691 0.457716685
173388.797063673 -0.257665805 0.475097358 0.528493893 0.580611829 -0.519379881 -0.429335475 0.456952397
173388.830397622 -0.260641409 0.478396603 0.528110436 0.576987926 -0.524582161 -0.430001667 0.454969291
173388.863731571 -0.264036187 0.481098842 0.527997770 0.572171006 -0.530068855 -0.432274694 0.452532803
173388.897065520 -0.267397086 0.483622680 0.528300599 0.567512253 -0.534466018 -0.436212369 0.449438191
173388.930399469 -0.270214519 0.485974152 0.529768490 0.563856772 -0.539722606 -0.438769303 0.445248862
173388.963733419 -0.272699625 0.487544974 0.531995465 0.560840012 -0.545877924 -0.439496092 0.440816241
173388.997067368 -0.274047727 0.489011586 0.534600749 0.559127991 -0.551902609 -0.438199730 0.436761257
173389.030401317 -0.274488853 0.490099059 0.536646707 0.558983257 -0.557536389 -0.435408714 0.432562302
173389.063735266 -0.274035803 0.490649078 0.536729383 0.559650325 -0.563134369 -0.432182238 0.427656065
173389.097069215 -0.272177883 0.490847820 0.533803476 0.561568624 -0.568546630 -0.428867504 0.421269598
173389.130403165 -0.268917168 0.491020329 0.527118159 0.565133396 -0.571955938 -0.425957156 0.414790490
173389.163737114 -0.264511838 0.491103170 0.516004748 0.569527031 -0.571981862 -0.424858722 0.409842380
173389.197071063 -0.259278279 0.490573388 0.500573191 0.572203754 -0.570966031 -0.425197925 0.407169965
173389.230405012 -0.254034708 0.489317616 0.480595287 0.571509206 -0.571280100 -0.428469801 0.404264647
173389.263738962 -0.248743050 0.488056625 0.456251513 0.570026653 -0.568836012 -0.435303273 0.402500021
173389.297072911 -0.244343927 0.486184096 0.428173266 0.564979987 -0.563432308 -0.446535383 0.404904681
173389.330406860 -0.241263930 0.484031827 0.396934699 0.557170557 -0.555811896 -0.459575002 0.411612590
173389.363740809 -0.239019410 0.482119652 0.363249176 0.550053306 -0.546485105 -0.472069681 0.419458707
173389.397074758 -0.237461190 0.480229424 0.327940790 0.543800674 -0.536896846 -0.483211678 0.427234218
173389.430408708 -0.236122130 0.478099431 0.292135071 0.539094639 -0.530744640 -0.489077705 0.434154461
173389.463742657 -0.234947855 0.475874287 0.256399402 0.538079609 -0.529028473 -0.489154633 0.437409368
173389.497076606 -0.234830258 0.473798701 0.220551220 0.539359901 -0.530093060 -0.486472372 0.437535000
173389.530410555 -0.236095225 0.471738568 0.183273418 0.540313107 -0.530698234 -0.484747000 0.437540257
173389.563744504 -0.239127145 0.469355876 0.144458492 0.536845319 -0.528441034 -0.486760764 0.442279477
173389.597078454 -0.243778490 0.467620741 0.104059938 0.528522850 -0.519908035 -0.497217464 0.450703923
173389.630412403 -0.249458473 0.466210028 0.063528680 0.517284405 -0.508109317 -0.512522632 0.459959041
173389.663746352 -0.254923020 0.465260273 0.024597407 0.509829064 -0.496320406 -0.527785026 0.463878590
173389.697080301 -0.259213119 0.464717747 -0.011988629 0.506582753 -0.486692716 -0.541130663 0.462257201
173389.730414251 -0.263356094 0.463537815 -0.045997687 0.502753422 -0.480870162 -0.551896335 0.459797042
173389.763748200 -0.267060492 0.462064883 -0.077398850 0.496776567 -0.476605322 -0.562425165 0.457971990
173389.797082149 -0.270298302 0.460341703 -0.105869085 0.488979839 -0.473893266 -0.572461563 0.456740241
173389.830416098 -0.272699245 0.458944237 -0.131390789 0.481599254 -0.472317959 -0.580058712 0.456628727
173389.863750047 -0.273904213 0.456825624 -0.153658324 0.475954381 -0.473594486 -0.583159271 0.457275578
173389.897083997 -0.274271112 0.454583118 -0.172707909 0.471819164 -0.476468002 -0.582881692 0.458926849
173389.930417946 -0.275079078 0.452743574 -0.189549567 0.467357336 -0.477093486 -0.582978515 0.462703984
173389.963751895 -0.276911146 0.450684267 -0.203572029 0.461580801 -0.474425566 -0.585382033 0.468178835
173389.997085844 -0.278669474 0.449033171 -0.212529973 0.454587373 -0.469608907 -0.589699359 0.474418023
173390.030419793 -0.280189689 0.447968519 -0.214981162 0.449826379 -0.465065265 -0.593107327 0.479159917
173390.063753743 -0.280954755 0.446281744 -0.209699581 0.448956900 -0.463665262 -0.592172486 0.482476914
173390.097087692 -0.280399898 0.445178719 -0.197733052 0.451978528 -0.464521321 -0.588188683 0.483703862
173390.130421641 -0.278809588 0.444490935 -0.180009007 0.455859470 -0.465885208 -0.583306043 0.484661921
173390.163755590 -0.275928520 0.444064517 -0.158131029 0.458774085 -0.467592527 -0.578925497 0.485519141
173390.197089540 -0.272304200 0.443437578 -0.131874107 0.460955700 -0.470565469 -0.575128481 0.485092994
173390.230423489 -0.267342126 0.442437180 -0.101218982 0.463345653 -0.475217313 -0.571652537 0.482382305
173390.263757438 -0.261025614 0.441106955 -0.065521427 0.466740647 -0.481965470 -0.568053013 0.476632173
173390.297091387 -0.254216430 0.439308253 -0.025648219 0.470902180 -0.489950637 -0.565271325 0.467619332
173390.330425336 -0.247348025 0.437171335 0.018745964 0.475886424 -0.499737655 -0.560628094 0.457701352
173390.363759286 -0.240460889 0.434466526 0.066950010 0.483827480 -0.511140494 -0.552600843 0.446406399
173390.397093235 -0.234878937 0.431674954 0.117479652 0.493563699 -0.523361487 -0.541884448 0.434567455
173390.430427184 -0.230934168 0.428473166 0.168978554 0.504210175 -0.535129713 -0.528550270 0.424314626
173390.463761133 -0.228364501 0.425516186 0.219669638 0.517112863 -0.545675282 -0.513463756 0.413748407
173390.497095082 -0.228410716 0.422636558 0.268126511 0.526904270 -0.554576569 -0.500067453 0.405893165
173390.530429032 -0.231168476 0.419900912 0.313633650 0.531187099 -0.561044336 -0.491423978 0.401960189
173390.563762981 -0.236541810 0.417104754 0.355887905 0.534175004 -0.564734608 -0.486185687 0.399193394
173390.597096930 -0.243972786 0.414790283 0.395403747 0.539405126 -0.568902856 -0.479233032 0.394623048
173390.630430879 -0.253486313 0.412285600 0.431719075 0.543979266 -0.575794422 -0.471086681 0.388103957
173390.663764829 -0.265222480 0.409769063 0.464695898 0.547069975 -0.584631723 -0.461816209 0.381635927
173390.697098778 -0.278532960 0.407135535 0.493414190 0.549805843 -0.595289092 -0.449350308 0.376070118
173390.730432727 -0.293172354 0.405456183 0.516746505 0.552452797 -0.604205410 -0.437457000 0.371971911
173390.763766676 -0.308064864 0.403707218 0.534483519 0.555531711 -0.610538475 -0.427415657 0.368704684
173390.797100625 -0.321375944 0.402373190 0.547404747 0.558120460 -0.615237195 -0.418597695 0.367097693
173390.830434575 -0.332889805 0.401577159 0.555531784 0.559627051 -0.618328296 -0.412791776 0.366183877
173390.863768524 -0.343239716 0.401696753 0.559965996 0.559307983 -0.620103868 -0.410889714 0.365807895
173390.897102473 -0.351116128 0.401473430 0.560595841 0.557805657 -0.619349247 -0.413497265 0.366441498
173390.930436422 -0.357017596 0.401967842 0.558542986 0.555691464 -0.615391198 -0.420085618 0.368820746
173390.963770371 -0.360935857 0.402711120 0.555027249 0.553860212 -0.609945078 -0.428953312 0.370411830
173390.997104321 -0.362626192 0.403226820 0.551024410 0.553421892 -0.605272686 -0.436522758 0.369887912
173391.030438270 -0.359813368 0.403262420 0.547026925 0.553557095 -0.603225894 -0.441522828 0.367083989
173391.063772219 -0.354662470 0.402479098 0.542825970 0.551208608 -0.603441006 -0.446267129 0.364518412
173391.097106168 -0.348166430 0.401316510 0.538832656 0.545827297 -0.604400518 -0.451487579 0.364597780
173391.130440118 -0.340242078 0.400183341 0.535867585 0.540553361 -0.605385044 -0.455749131 0.365518457
173391.163774067 -0.332414488 0.399876105 0.534430860 0.539005761 -0.603434201 -0.458687375 0.367349761
173391.197108016 -0.323599618 0.400055299 0.534330103 0.541672715 -0.598617243 -0.460671110 0.368822714
173391.230441965 -0.316142299 0.400060674 0.536532190 0.544660469 -0.596270683 -0.459756021 0.369365195
173391.263775914 -0.310519407 0.399586753 0.540849597 0.546223397 -0.595272843 -0.457282666 0.371729480
173391.297109864 -0.306876480 0.399081138 0.546848431 0.545538407 -0.595006261 -0.456148450 0.374545041
173391.330443813 -0.305787718 0.398746067 0.554080136 0.542745453 -0.593110562 -0.458154709 0.379132560
173391.363777762 -0.306949729 0.399221815 0.563452483 0.539272606 -0.588214858 -0.463889965 0.384700451
173391.397111711 -0.308352929 0.400026634 0.575926333 0.535800730 -0.582152958 -0.471540406 0.389442109
173391.430445660 -0.308848702 0.400442635 0.592073146 0.532066740 -0.577072294 -0.478938835 0.393077785
173391.463779610 -0.309018812 0.400010022 0.612522342 0.525575610 -0.574917848 -0.486180726 0.396065711
173391.497113559 -0.308733062 0.399165777 0.636428568 0.516373640 -0.574179147 -0.494646794 0.398749446
173391.530447508 -0.307202122 0.398123057 0.662407719 0.508886414 -0.572044712 -0.503891805 0.399865620
173391.563781457 -0.304558716 0.396718586 0.689630645 0.500998141 -0.570451245 -0.512959346 0.400573277
173391.597115407 -0.301086754 0.395579283 0.717619601 0.495702481 -0.567612940 -0.519689947 0.402513304
173391.630449356 -0.296357321 0.394851486 0.745577288 0.494862816 -0.563962729 -0.523224202 0.404095617
173391.663783305 -0.291466237 0.393483653 0.773368560 0.493741313 -0.564302784 -0.523011522 0.405266370
173391.697117254 -0.286763743 0.391169030 0.799753829 0.488859397 -0.566778931 -0.519885897 0.411699876
173391.730451203 -0.286378855 0.383932314 0.817937367 0.453169672 -0.570361291 -0.522730277 0.442807299
173391.763785153 -0.287832057 0.376751079 0.828460236 0.417364954 -0.560974990 -0.536470494 0.472560013
173391.797119102 -0.287502609 0.369136137 0.834948941 0.390741960 -0.550647197 -0.546108964 0.495856213
173391.830453051 -0.284013343 0.360929769 0.839150806 0.379147481 -0.549740267 -0.542706978 0.509413351
173391.863787000 -0.277281965 0.353616552 0.841014005 0.384892601 -0.554896375 -0.527844162 0.515100224
173391.897120949 -0.271250431 0.347813984 0.838528678 0.394553518 -0.564336219 -0.508569093 0.516923235
173391.930454899 -0.268163805 0.343788667 0.828898037 0.406602274 -0.565892956 -0.498528462 0.515663772
173391.963788848 -0.268475498 0.341071808 0.813310151 0.413878048 -0.560659179 -0.501314345 0.512884173
173391.997122797 -0.272299163 0.338036520 0.792653619 0.414931675 -0.552143179 -0.512901520 0.509805498
173392.030456746 -0.277911259 0.334612755 0.770232810 0.411867887 -0.549884477 -0.521679283 0.505808888
173392.063790696 -0.284852918 0.330621540 0.746927531 0.410198574 -0.555104295 -0.522591098 0.500494651
173392.097124645 -0.292168622 0.327118336 0.721616838 0.413135567 -0.563690021 -0.517388253 0.493844063
173392.130458594 -0.300305077 0.324568327 0.693875654 0.417739320 -0.572764009 -0.509262717 0.487941324
173392.163792543 -0.309196724 0.322645565 0.662553522 0.421990335 -0.579323265 -0.503062231 0.482946273
173392.197126492 -0.317721708 0.321357849 0.627358070 0.423902959 -0.582133307 -0.501004736 0.480022237
173392.230460442 -0.326082182 0.319759647 0.589021098 0.419764956 -0.581575528 -0.505550034 0.479569025
173392.263794391 -0.333026783 0.318025096 0.548975883 0.414035639 -0.576288875 -0.515114959 0.480751705
173392.297128340 -0.338088219 0.316974723 0.508616723 0.410028175 -0.566918517 -0.529937436 0.479214572
173392.330462289 -0.342036979 0.316189252 0.470598698 0.406517989 -0.557197036 -0.545532493 0.476097561
173392.363796238 -0.345336298 0.315899755 0.437340215 0.403851526 -0.549540882 -0.559024190 0.471593807
173392.397130188 -0.348043895 0.315897373 0.410058913 0.404014170 -0.542842578 -0.570260060 0.465723040
173392.430464137 -0.349848426 0.315617947 0.389839686 0.403422842 -0.539496916 -0.578001954 0.460550572
173392.463798086 -0.351364872 0.315377449 0.375679427 0.402434167 -0.536185246 -0.584687112 0.456829403
173392.497132035 -0.351895237 0.316110663 0.366840323 0.403795363 -0.530143496 -0.591521611 0.453871526
173392.530465985 -0.349535681 0.316934431 0.363592258 0.411211994 -0.525139852 -0.593277147 0.450727255
173392.563799934 -0.345131483 0.318692966 0.364698233 0.425642750 -0.522772020 -0.588727331 0.446024433
173392.597133883 -0.340281546 0.321366197 0.368694689 0.440170022 -0.524439690 -0.579665028 0.441816498
173392.630467832 -0.334903307 0.325202071 0.374172532 0.453498834 -0.529419062 -0.566725409 0.439177156
173392.663801781 -0.329352739 0.330781393 0.379097733 0.467616638 -0.534427475 -0.550948609 0.438380638
173392.697135731 -0.324379844 0.339479875 0.382016371 0.485863758 -0.533442173 -0.535338537 0.439076880
173392.730469680 -0.319514026 0.351512537 0.382563820 0.508811843 -0.523939119 -0.521065717 0.441688608
173392.763803629 -0.315268521 0.366377805 0.381067925 0.534098556 -0.507217572 -0.508192410 0.446328962
173392.797137578 -0.311684076 0.383281132 0.378212477 0.559480596 -0.485011399 -0.496178089 0.453379211
173392.830471527 -0.308750537 0.401854368 0.374741768 0.585415434 -0.458022161 -0.483113167 0.462716045
173392.863805477 -0.306972351 0.421586058 0.370929415 0.610754837 -0.426793618 -0.469235802 0.473965714
173392.897139426 -0.306357827 0.441919207 0.367219082 0.633305505 -0.392555161 -0.455169464 0.487488812
173392.930473375 -0.307034619 0.462639706 0.364073650 0.654373346 -0.355735055 -0.441101191 0.500677375
173392.963807324 -0.308196698 0.482616487 0.362234088 0.671784180 -0.323251994 -0.425187298 0.513254250
173392.997141274 -0.309727433 0.501061566 0.362202015 0.685399210 -0.298200547 -0.407097584 0.524953249
173393.030475223 -0.311301183 0.518555908 0.363425842 0.697064228 -0.276693306 -0.388933566 0.535044818
173393.063809172 -0.313598910 0.535360937 0.365207093 0.707052506 -0.258180202 -0.370847477 0.543959453
173393.097143121 -0.316500292 0.551525079 0.367313067 0.716204723 -0.241993880 -0.351916830 0.551945922
173393.130477070 -0.320485732 0.567307026 0.369201515 0.725177831 -0.224092276 -0.331264128 0.560503204
173393.163811020 -0.326161549 0.582793034 0.370538243 0.733045541 -0.203960678 -0.309171418 0.570488659
173393.197144969 -0.333433854 0.597869575 0.370954363 0.739880474 -0.180391943 -0.285641611 0.581759831
173393.230478918 -0.341517594 0.612439781 0.370509328 0.744663060 -0.154624910 -0.261325383 0.594371187
173393.263812867 -0.351202690 0.625591732 0.370148040 0.748247087 -0.128275585 -0.236407448 0.606451308
173393.297146816 -0.361300014 0.637595403 0.369275423 0.750437414 -0.101813932 -0.211666937 0.617798284
173393.330480766 -0.371619065 0.648857262 0.367394394 0.751496630 -0.075382813 -0.187016328 0.628168082
173393.363814715 -0.382599830 0.658030330 0.365728413 0.751347394 -0.050256584 -0.165323444 0.636882664
173393.397148664 -0.393144952 0.666829777 0.364852398 0.750433449 -0.028731846 -0.145104431 0.644180739
173393.430482613 -0.402559062 0.673879230 0.364193805 0.748731455 -0.009812717 -0.128354179 0.650253891
173393.463816563 -0.411462439 0.680620296 0.363864746 0.747571925 0.004528354 -0.114092446 0.654292461
173393.497150512 -0.418676073 0.685517077 0.363827890 0.746707376 0.014366526 -0.102565412 0.657040360
173393.530484461 -0.423682966 0.690078113 0.363903533 0.746153425 0.019245731 -0.093767423 0.658856843
173393.563818410 -0.427342716 0.693185379 0.364381537 0.746022741 0.018972076 -0.088295879 0.659768117
173393.597152359 -0.428835586 0.694042939 0.365859081 0.746427292 0.011322793 -0.086950831 0.659664798
173393.630486309 -0.427830275 0.694734923 0.368349576 0.748035392 -0.003605507 -0.089658607 0.657564740
173393.663820258 -0.423560890 0.693004723 0.371974531 0.750723401 -0.025675630 -0.095770486 0.653133334
173393.697154207 -0.415715094 0.688564392 0.376627624 0.752646593 -0.057501877 -0.104549363 0.647523028
173393.730488156 -0.404452246 0.680719759 0.381490181 0.751834052 -0.098809258 -0.117221084 0.641281145
173393.763822105 -0.391758014 0.669185810 0.386524381 0.748580767 -0.142333177 -0.134542512 0.633455930
173393.797156055 -0.379119508 0.653549308 0.390811483 0.742291148 -0.185976216 -0.156230384 0.624506818
173393.830490004 -0.366693169 0.634033901 0.393953804 0.732739653 -0.228631095 -0.180877557 0.614901401
173393.863823953 -0.354510100 0.610050232 0.396000751 0.720317339 -0.268761477 -0.206686440 0.605137105
173393.897157902 -0.343283724 0.583874163 0.396999915 0.706377363 -0.305222599 -0.234803575 0.593917054
173393.930491852 -0.333047591 0.555288570 0.397291491 0.691785358 -0.337630399 -0.264689399 0.580842710
173393.963825801 -0.324952103 0.525150095 0.397873617 0.676941210 -0.367995843 -0.292594290 0.566319909
173393.997159750 -0.319100023 0.495166941 0.399071898 0.663668932 -0.395885825 -0.318163380 0.549172127
173394.030493699 -0.315240097 0.467058908 0.400364949 0.652166361 -0.420661826 -0.341650982 0.530091758
173394.063827648 -0.313153589 0.440921176 0.401914618 0.640891172 -0.443865172 -0.362411616 0.510783746
173394.097161598 -0.313456831 0.417371334 0.402636373 0.628337730 -0.464364169 -0.382455914 0.493239384
173394.130495547 -0.315534731 0.396900423 0.402949153 0.614303813 -0.481065886 -0.401323815 0.479734962
173394.163829496 -0.319076829 0.379836986 0.402722842 0.601305484 -0.493305426 -0.418052126 0.469376067
173394.197163445 -0.321931928 0.366720075 0.402242366 0.589653889 -0.502823932 -0.428736285 0.464393780
173394.230497394 -0.323859844 0.356995525 0.402309535 0.579438143 -0.512376652 -0.431556910 0.464198490
173394.263831344 -0.325662614 0.348981159 0.401966977 0.569856062 -0.522768903 -0.434872991 0.461369943
173394.297165293 -0.330146557 0.342815934 0.398807131 0.561493295 -0.532721592 -0.444739513 0.450710274
173394.330499242 -0.335159625 0.338223489 0.392898889 0.558900565 -0.538094805 -0.460229094 0.431593930
173394.363833191 -0.342375194 0.335212494 0.385321772 0.559109143 -0.542125981 -0.476455834 0.408027237
173394.397167141 -0.348257892 0.334235650 0.376648809 0.558883848 -0.544723626 -0.493300201 0.384161330
173394.430501090 -0.354645914 0.333809098 0.368129878 0.560120656 -0.546023211 -0.507695038 0.361066824
173394.463835039 -0.361472632 0.334723166 0.362051183 0.552709386 -0.549981307 -0.516321146 0.354182680
173394.497168988 -0.368891141 0.335778599 0.356607363 0.541299771 -0.552988659 -0.523303553 0.356863408
173394.530502937 -0.377231982 0.336881190 0.350608353 0.531504017 -0.554549714 -0.532248123 0.355935430
173394.563836887 -0.385987920 0.338664632 0.344154553 0.526153980 -0.553166701 -0.545893607 0.345208283
173394.597170836 -0.392026134 0.341777600 0.340327176 0.524982153 -0.550402778 -0.553204788 0.339727809
173394.630504785 -0.394676278 0.344688217 0.338304002 0.526323930 -0.548547126 -0.553861170 0.339583532
173394.663838734 -0.396687409 0.347352703 0.338062458 0.524455059 -0.549620399 -0.554921883 0.339007393
173394.697172683 -0.397932420 0.349398050 0.340215907 0.521647976 -0.554679463 -0.552703626 0.338722283
173394.730506633 -0.398115531 0.351021387 0.344114286 0.522463337 -0.560058906 -0.547251403 0.337464050
173394.763840582 -0.397020592 0.352595236 0.349062910 0.527664988 -0.563894127 -0.540410394 0.333990539
173394.797174531 -0.394779342 0.353904429 0.355259566 0.534417362 -0.568594129 -0.531388185 0.329735344
173394.830508480 -0.391853977 0.354605541 0.362861891 0.540821041 -0.575902977 -0.520631382 0.323714885
173394.863842430 -0.387322954 0.355186604 0.370984421 0.544275995 -0.585251024 -0.511359486 0.315842297
173394.897176379 -0.381714683 0.354422808 0.378438362 0.542155051 -0.597145497 -0.504235936 0.308595653
173394.930510328 -0.376611427 0.353459705 0.384168378 0.537424752 -0.607630655 -0.497804621 0.306839016
173394.963844277 -0.371727984 0.352941200 0.388246356 0.534590305 -0.615597218 -0.490333751 0.307938442
173394.997178226 -0.366253037 0.351882772 0.391211840 0.532823547 -0.625802314 -0.480076651 0.306589206
173395.030512176 -0.360938073 0.349787591 0.393510187 0.531817078 -0.642149601 -0.460886776 0.303970169
173395.063846125 -0.356599287 0.347733198 0.393208640 0.531855126 -0.655103649 -0.441195951 0.305475803
173395.097180074 -0.353344725 0.346823780 0.389695405 0.528648765 -0.661599651 -0.429820630 0.313162274
173395.130514023 -0.351421396 0.347719175 0.383292610 0.525568712 -0.656848992 -0.434272603 0.322077998
173395.163847972 -0.350363675 0.350799441 0.375727597 0.525101720 -0.646288232 -0.442517215 0.332803575
173395.197181922 -0.349296306 0.356661230 0.367661724 0.529427084 -0.633293095 -0.449135091 0.341942231
173395.230515871 -0.348020975 0.365275848 0.359546636 0.536637643 -0.621368994 -0.452327999 0.348310199
173395.263849820 -0.346618094 0.376793649 0.351481189 0.542487422 -0.611703863 -0.452683284 0.355814033
173395.297183769 -0.344989653 0.389309419 0.343511021 0.545700863 -0.601290604 -0.457380110 0.362579113
173395.330517719 -0.341370239 0.400809975 0.336866480 0.545076268 -0.597666233 -0.461010482 0.364905840
173395.363851668 -0.337084366 0.413955571 0.330997396 0.544107697 -0.595207094 -0.462130238 0.368932205
173395.397185617 -0.332797505 0.429566655 0.326083082 0.543243469 -0.592300506 -0.461789870 0.375255593
173395.430519566 -0.328367454 0.447082626 0.322439647 0.544501650 -0.590771262 -0.459114353 0.379105896
173395.463853515 -0.323646402 0.465642170 0.319941086 0.548818217 -0.592811018 -0.452333074 0.377847128
173395.497187465 -0.319306630 0.485029826 0.317731435 0.553204922 -0.597981164 -0.443985683 0.373174965
173395.530521414 -0.315929881 0.504862891 0.314860184 0.555747705 -0.604735755 -0.435306458 0.368710513
173395.563855363 -0.314013858 0.524832524 0.310542305 0.556248843 -0.609471638 -0.429695358 0.366733481
173395.597189312 -0.313461694 0.544732375 0.304869409 0.555311374 -0.610005121 -0.428960954 0.368124341
173395.630523261 -0.313472657 0.564283728 0.298916550 0.554328599 -0.608568161 -0.430036152 0.370720253
173395.663857211 -0.314015266 0.582476306 0.292709235 0.552924878 -0.607742596 -0.430173134 0.373997447
173395.697191160 -0.315218837 0.599310372 0.286668756 0.552365930 -0.607074002 -0.429545671 0.376621230
173395.730525109 -0.316481674 0.614804389 0.281131641 0.554161085 -0.604930150 -0.429305585 0.377705865
173395.763859058 -0.318246576 0.627986239 0.276290462 0.555753061 -0.603725429 -0.428343049 0.378386541
173395.797193008 -0.320695382 0.639260339 0.271686761 0.557656053 -0.601536205 -0.428487634 0.378909314
173395.830526957 -0.323555481 0.647991282 0.267528919 0.559487325 -0.598057769 -0.431436433 0.378369452
173395.863860906 -0.326256285 0.653838515 0.263925451 0.561554240 -0.593137620 -0.436226373 0.377559467
173395.897194855 -0.329024899 0.656866443 0.260593013 0.563160500 -0.586352743 -0.443674727 0.377085464
173395.930528804 -0.331683718 0.656997136 0.257619548 0.563915743 -0.578653336 -0.453179640 0.376546897
173395.963862754 -0.333940821 0.653788807 0.255622785 0.564223894 -0.571954308 -0.462522529 0.374956768
173395.997196703 -0.336047283 0.647266991 0.254049228 0.564938951 -0.566595932 -0.470681328 0.371849591
173396.030530652 -0.337783289 0.637590418 0.253129707 0.566309375 -0.562507042 -0.476976994 0.367929975
173396.063864601 -0.339085902 0.625280137 0.252543342 0.568219800 -0.558800885 -0.482429821 0.363495940
173396.097198550 -0.339888297 0.609837051 0.252550392 0.569816236 -0.555782382 -0.487173661 0.359273190
173396.130532500 -0.340635330 0.591907045 0.252841492 0.571099459 -0.553979079 -0.490513765 0.355455810
173396.163866449 -0.341343168 0.571555073 0.253282972 0.572033519 -0.553112553 -0.492544033 0.352483379
173396.197200398 -0.342102557 0.548940737 0.253637390 0.572123871 -0.552739302 -0.494371013 0.350358162
173396.230534347 -0.343380184 0.524521764 0.253723654 0.570702399 -0.552147964 -0.497107048 0.349737015
173396.263868297 -0.345304974 0.498411171 0.253790629 0.567326269 -0.552467520 -0.500641570 0.349683518
173396.297202246 -0.347830875 0.470848816 0.254041060 0.562864286 -0.554237154 -0.503429630 0.350090819
173396.330536195 -0.350778781 0.442141016 0.254621808 0.557865831 -0.557635694 -0.505338098 0.349945073
173396.363870144 -0.354329246 0.412744423 0.255429971 0.552626317 -0.562160607 -0.506589144 0.349209171
173396.397204093 -0.358460470 0.382697951 0.256383273 0.546747377 -0.567046416 -0.507717680 0.348924670
173396.430538043 -0.362923863 0.352261062 0.257670182 0.540521576 -0.571812810 -0.509308919 0.348526845
173396.463871992 -0.367807374 0.321797497 0.259092351 0.534478216 -0.576657496 -0.510971525 0.347429516
173396.497205941 -0.373039838 0.291698562 0.261082264 0.527975057 -0.582890845 -0.511810550 0.345731924
173396.530539890 -0.378759051 0.261831338 0.263854739 0.520204401 -0.591371921 -0.511487025 0.343580640
173396.563873840 -0.384912525 0.233151953 0.267488945 0.511542024 -0.601045479 -0.509976812 0.342042017
173396.597207789 -0.391384988 0.206323702 0.271835375 0.502172502 -0.610445319 -0.508390448 0.341640810
173396.630541738 -0.398263131 0.181712303 0.276707501 0.492152820 -0.618448194 -0.507509632 0.343134677
173396.663875687 -0.405648911 0.160085554 0.281471390 0.482005047 -0.624570598 -0.508156151 0.345485207
173396.697209636 -0.412956539 0.141197480 0.285975942 0.473045286 -0.628578727 -0.509777396 0.348201016
173396.730543586 -0.420324511 0.125154412 0.290849456 0.465787223 -0.632897067 -0.509792726 0.350135605
173396.763877535 -0.427223950 0.112024144 0.296514033 0.462377761 -0.638323087 -0.506859480 0.349061471
173396.797211484 -0.433599481 0.101540557 0.302836452 0.463529874 -0.643743992 -0.502092090 0.344437602
173396.830545433 -0.439106694 0.093659992 0.309427947 0.467184098 -0.646815569 -0.498129035 0.339464435
173396.863879382 -0.444091435 0.086846308 0.315573671 0.471398896 -0.651394291 -0.493663686 0.331307596
173396.897213332 -0.447794833 0.081852466 0.321269042 0.474042432 -0.659903134 -0.487037546 0.320321799
