# timestamp tx ty tz qx qy qz qw
173373.396779135 -0.001754750 -0.002480443 0.000876497 0.675786872 0.053201029 -0.735170806 0.002374903
173373.430113085 -0.001741134 -0.002055687 0.000492636 0.677485783 0.050940426 -0.733763999 0.002912125
173373.463447034 -0.001814224 -0.001371723 -0.000788148 0.688341007 0.047388017 -0.723836541 0.001302775
173373.496780983 -0.001820963 -0.000982285 -0.001798476 -0.704371999 -0.043558737 0.708491248 0.001695350
173373.530114932 -0.001497996 -0.000452872 -0.003006208 -0.726212690 -0.034222533 0.686607862 0.003686513
173373.563448882 -0.000356563 0.000097187 -0.003770089 -0.756059946 -0.022738617 0.654033972 0.009791731
173373.596782831 0.003223951 0.000092209 -0.003065442 -0.794168338 -0.024012093 0.606962419 0.017795852
173373.630116780 0.012447522 -0.000866524 -0.000258661 -0.843580830 -0.035525396 0.534884894 0.031740831
173373.663450729 0.028461247 -0.003581234 0.006586283 -0.894611625 -0.064390323 0.439552223 0.048143218
173373.696784678 0.047769976 -0.009592979 0.020501235 -0.933531858 -0.093210367 0.340514803 0.062287768
173373.730118628 0.065866312 -0.020283728 0.041086410 -0.956453146 -0.100367860 0.264959374 0.070144158
173373.763452577 0.079803855 -0.035721466 0.065831893 -0.966935964 -0.074094152 0.232420823 0.074333431
173373.796786526 0.087968197 -0.054211837 0.091500138 -0.965709523 -0.016014320 0.247294532 0.077421395
173373.830120475 0.089720973 -0.073534389 0.116659723 -0.948849098 0.062333270 0.299742056 0.077166396
173373.863454424 0.086413041 -0.091824481 0.144023708 -0.914889513 0.142483033 0.370012615 0.075937014
173373.896788374 0.081415744 -0.107383863 0.175737678 -0.871251398 0.203376828 0.440300672 0.075459832
173373.930122323 0.077228169 -0.099991881 0.211394407 -0.830766289 0.231453550 0.500796472 0.073888566
173373.963456272 0.078581794 -0.108228231 0.249168391 -0.805419815 0.220514469 0.544549059 0.078349299
173373.996790221 0.130245502 -0.092387377 0.286618149 -0.793775040 0.175776631 0.575415671 0.088997568
173374.030124171 0.141033515 -0.096918678 0.316030484 -0.796095247 0.120989116 0.583758331 0.104020203
173374.063458120 0.157506276 -0.104044734 0.348810111 -0.804604783 0.044811812 0.577891073 0.129015317
173374.096792069 0.176937750 -0.114475578 0.377215082 -0.810849459 -0.024859010 0.563489958 0.156154577
173374.130126018 0.198672988 -0.129177224 0.398964038 -0.812431413 -0.067709777 0.552672792 0.172983727
173374.163459967 0.222139194 -0.147866374 0.412853943 -0.808383088 -0.073936253 0.557098399 0.175190146
173374.196793917 0.246768772 -0.169412654 0.418669755 -0.802340699 -0.048501342 0.573592860 0.157760116
173374.230127866 0.273602336 -0.192905730 0.419194812 -0.795174188 -0.009272461 0.591308257 0.134039460
173374.263461815 0.303601324 -0.216826152 0.416211219 -0.794828271 0.024646778 0.596039947 0.111251689
173374.296795764 0.335903731 -0.239441029 0.410185761 -0.803253592 0.042817218 0.587443685 0.088658163
173374.330129713 0.370647289 -0.260313806 0.402018357 -0.816418533 0.049962141 0.570791692 0.071842931
173374.363463663 0.378578884 -0.280086554 0.392645801 -0.831529916 0.056318992 0.550048246 0.053226846
173374.396797612 0.443942948 -0.300986013 0.377819950 -0.837229788 0.077654835 0.540574307 0.028203319
173374.430131561 0.481400964 -0.319399398 0.361198374 -0.837347407 0.117966865 0.533788673 0.001670801
173374.463465510 0.519638827 -0.335728680 0.343326588 0.834564827 -0.169322163 -0.523816072 0.021172588
173374.496799460 0.558909759 -0.348803792 0.324506724 0.833631403 -0.221211252 -0.504863968 0.035165893
173374.530133409 0.594739231 -0.356603789 0.309641108 0.847923543 -0.230671233 -0.475976731 0.035533072
173374.563467358 0.620419897 -0.364277448 0.302536014 0.866734384 -0.194579964 -0.457831156 0.036066295
173374.596801307 0.636917466 -0.371976516 0.294479119 0.876057032 -0.155845059 -0.453488578 0.050838014
173374.630135256 0.652193354 -0.379682250 0.287748971 0.872014088 -0.151882880 -0.461373773 0.060475314
173374.663469206 0.667566943 -0.384637888 0.282442788 0.860023593 -0.164875859 -0.477189119 0.073931829
173374.696803155 0.683557365 -0.384695180 0.278344290 0.846164483 -0.179711178 -0.494194989 0.086492042
173374.730137104 0.700886600 -0.379672243 0.275015325 0.830648118 -0.196090201 -0.512477804 0.094545422
173374.763471053 0.719948449 -0.372657481 0.273542212 0.812017760 -0.222557974 -0.530795650 0.096701002
173374.796805002 0.731432746 -0.367908309 0.275906790 0.798764701 -0.210001064 -0.553770832 0.105888484
173374.830138952 0.738923569 -0.364529983 0.278502162 0.783889871 -0.190243615 -0.578185818 0.122577310
173374.863472901 0.746199739 -0.361144656 0.281243375 0.768044713 -0.182301304 -0.598412620 0.137025138
173374.896806850 0.751396725 -0.356750535 0.284578873 0.755294047 -0.169188451 -0.615548555 0.148344693
173374.930140799 0.754221573 -0.351391470 0.288893435 0.743158088 -0.160577058 -0.630109349 0.157776024
173374.963474749 0.754014291 -0.345437176 0.295281928 0.726184781 -0.162784612 -0.646767536 0.166878964
173374.996808698 0.751318083 -0.338245328 0.304343171 0.702693972 -0.174308013 -0.667881981 0.172544363
173375.030142647 0.747675513 -0.329205231 0.315131861 0.674568473 -0.193220700 -0.691417069 0.171946426
173375.063476596 0.743192259 -0.318901044 0.326652739 0.647074584 -0.207630239 -0.714428683 0.166660804
173375.096810545 0.804108921 -0.315263541 0.336039263 0.617859905 -0.214391374 -0.739989603 0.157165086
173375.130144495 0.801735556 -0.305536914 0.349042427 0.592008547 -0.220669398 -0.761396184 0.145281619
173375.163478444 0.799266456 -0.296907819 0.362446570 0.567295895 -0.222441520 -0.781860798 0.131866719
173375.196812393 0.797596391 -0.290681678 0.374824782 0.551297582 -0.219734641 -0.795412961 0.122906002
173375.230146342 0.795898032 -0.287851824 0.384021190 0.551169285 -0.216198078 -0.795598793 0.128426518
173375.263480291 0.792912866 -0.286796191 0.391958848 0.553185839 -0.206428744 -0.794825822 0.140087523
173375.296814241 0.788988519 -0.286019841 0.399753213 0.552065776 -0.188808925 -0.798468069 0.148402532
173375.330148190 0.784581421 -0.285322359 0.406951003 0.551452463 -0.166274757 -0.803616250 0.149845953
173375.363482139 0.780116863 -0.284078183 0.413487769 0.552179543 -0.143176409 -0.809395372 0.139561456
173375.396816088 0.775786287 -0.282331916 0.419694429 0.554178196 -0.118276170 -0.815062167 0.120710144
173375.430150038 0.771543246 -0.279666915 0.426604680 0.553825978 -0.092417721 -0.822246906 0.092982662
173375.463483987 0.768013941 -0.276384595 0.435387836 0.549304529 -0.065574149 -0.831056798 0.057525330
173375.496817936 0.766542872 -0.274543869 0.446146431 0.545606997 -0.042161319 -0.836488434 0.028679741
173375.530151885 0.768227879 -0.274900826 0.458988178 0.547888142 -0.032359035 -0.835770142 0.016116655
173375.563485834 0.782737147 -0.295071574 0.472274554 0.558921220 -0.029507296 -0.828628648 0.010533444
173375.596819784 0.790644545 -0.298099544 0.487031574 0.577631177 -0.025542718 -0.815865112 0.007342503
173375.630153733 0.801584706 -0.301096314 0.504278439 0.597665670 -0.026491655 -0.801291741 0.005048303
173375.663487682 0.815148535 -0.304477714 0.525280728 0.613502284 -0.032358074 -0.788985948 0.008311246
173375.696821631 0.830899750 -0.307126701 0.549482086 0.624255340 -0.038279979 -0.780183615 0.012387116
173375.730155580 0.847503177 -0.307939159 0.576589053 0.627032662 -0.041153814 -0.777774659 0.014247232
173375.763489530 0.864880606 -0.306824935 0.605550799 0.622666429 -0.043634657 -0.781126577 0.014960115
173375.796823479 0.998356765 -0.422331298 0.655730997 0.605794263 -0.038664856 -0.794555231 0.014153596
173375.830157428 1.024064797 -0.424247954 0.685377287 0.589943478 -0.040162329 -0.806307020 0.014922126
173375.863491377 1.050645992 -0.425524363 0.713106661 0.573143157 -0.040519284 -0.818259574 0.017787038
173375.896825327 1.078804484 -0.426088975 0.738625078 0.558319362 -0.039536044 -0.828365075 0.022971579
173375.930159276 1.108777088 -0.425917267 0.761391085 0.546220481 -0.039470609 -0.836216373 0.028765153
173375.963493225 1.139808952 -0.425011642 0.782368188 0.534031842 -0.037503408 -0.844068700 0.030846637
173375.996827174 1.171144242 -0.423048971 0.802768972 0.517423891 -0.033407870 -0.854598114 0.028609351
173376.030161123 1.202852675 -0.419638628 0.821618150 0.499609225 -0.029259255 -0.865433513 0.023650661
173376.063495073 1.234892690 -0.415257289 0.837411086 0.485765019 -0.024693284 -0.873548728 0.018308671
173376.096829022 1.266679299 -0.410589904 0.850121153 0.478642798 -0.023051762 -0.877559327 0.016103286
173376.130162971 1.365583517 -0.458837701 0.932514392 0.475655643 -0.021868857 -0.879268106 0.012690960
173376.163496920 1.394623187 -0.455887250 0.945576843 0.465820228 -0.022032674 -0.884560406 0.008886193
173376.196830869 1.422205544 -0.454304490 0.957856715 0.455916350 -0.020555993 -0.889763851 0.006166231
173376.230164819 1.448383411 -0.455388069 0.968893851 0.447804443 -0.016740511 -0.893915816 0.010268879
173376.263498768 1.473113949 -0.459826375 0.977278718 0.449227053 -0.008358677 -0.893145586 0.020399755
173376.296832717 1.496591259 -0.467252730 0.982864285 0.459841307 0.003451869 -0.887373627 0.033197934
173376.330166666 1.558819878 -0.504160212 1.016401118 0.475928514 0.018069763 -0.878150206 0.044919354
173376.363500616 1.578620814 -0.516854450 1.020597916 0.486412662 0.030320056 -0.871710640 0.051029173
173376.396834565 1.596627920 -0.530407291 1.024809857 0.492458366 0.040032239 -0.867779950 0.053292921
173376.430168514 1.613313932 -0.545582457 1.028258249 0.498918467 0.049636040 -0.863703723 0.051307944
173376.463502463 1.628543533 -0.561813481 1.030891030 0.506216178 0.058223712 -0.859236048 0.045481803
173376.496836412 1.641478896 -0.577803815 1.034901184 0.509031259 0.061780062 -0.857746337 0.036628168
173376.530170362 1.652338257 -0.594444526 1.039452636 0.510836103 0.065693752 -0.856757078 0.026421897
173376.563504311 1.660944765 -0.611412448 1.043206487 0.515361376 0.068764957 -0.854046943 0.016668868
173376.596838260 1.667591294 -0.628142644 1.045972349 0.525497358 0.068395213 -0.847999308 0.008473239
173376.630172209 1.672375989 -0.644852899 1.048955438 0.536498485 0.064877310 -0.841387529 0.005228499
173376.663506158 1.674612171 -0.662390849 1.053280414 0.541787053 0.062501093 -0.838171914 0.005314557
173376.696840108 1.675554479 -0.679817665 1.058565391 0.542241424 0.061335182 -0.837976979 0.002610707
173376.730174057 1.676377625 -0.696837601 1.064008255 -0.539732654 -0.060198133 0.839666918 0.004930820
173376.763508006 1.677286023 -0.713936907 1.069273380 -0.534470578 -0.060099197 0.842921258 0.014595900
173376.796841955 1.679314170 -0.730752011 1.073540286 -0.530196216 -0.058760773 0.845549236 0.022037107
173376.830175905 1.683105197 -0.746950535 1.076465081 -0.528985875 -0.055489920 0.846413773 0.026048740
173376.863509854 1.689356745 -0.762102567 1.078738169 -0.527479990 -0.052642338 0.847365477 0.031070776
173376.896843803 1.699251337 -0.775646662 1.080460521 -0.525183663 -0.048723184 0.848674182 0.039500676
173376.930177752 1.712995791 -0.788402234 1.080844088 -0.524147940 -0.043511071 0.849031529 0.050211411
173376.963511701 1.730719191 -0.801139894 1.079251529 -0.527261512 -0.035049349 0.846848669 0.060117993
173376.996845651 1.752583482 -0.814227628 1.076486812 -0.532891468 -0.023707346 0.843053001 0.068747963
173377.030179600 1.778430782 -0.828100394 1.073719621 -0.537025404 -0.012502106 0.840004622 0.076417586
173377.063513549 1.808563912 -0.842879367 1.071261672 -0.540673205 -0.003026209 0.837241293 0.081794529
173377.096847498 1.843250782 -0.858674545 1.069170009 -0.544317190 0.004754869 0.834489735 0.085574936
173377.130181447 1.882718200 -0.876239725 1.067204345 -0.548641198 0.010919801 0.831499438 0.086500169
173377.163515397 1.927427423 -0.895880596 1.065196373 -0.553371508 0.013777648 0.828618281 0.083557730
173377.196849346 1.977329206 -0.917033424 1.062376327 -0.558020836 0.011749087 0.825806588 0.080735275
173377.230183295 2.031998450 -0.938992396 1.057293645 -0.565226651 0.009001946 0.821168585 0.078230127
173377.263517244 2.003083828 -0.829966329 1.046458997 -0.574751115 0.039004377 0.812118234 0.092756611
173377.296851194 2.061309646 -0.845946779 1.038434285 -0.578947905 0.047620290 0.808799719 0.091622302
173377.330185143 2.117295306 -0.860938284 1.030548248 -0.578470526 0.056661169 0.808575384 0.091472454
173377.363519092 2.171666843 -0.874749851 1.022846517 -0.578292282 0.064780160 0.807836933 0.093707294
173377.396853041 2.224893893 -0.887580782 1.015655728 -0.580505974 0.073678986 0.804959444 0.098104614
173377.430186990 2.276249691 -0.899965770 1.009738937 -0.583108996 0.078492689 0.802108601 0.102198771
173377.463520940 2.325542596 -0.911840049 1.005425280 -0.584609038 0.078592869 0.800691606 0.104634538
173377.496854889 2.373376242 -0.923675727 1.002117988 -0.586042504 0.077152748 0.799684069 0.105389876
173377.530188838 2.419103643 -0.936113092 0.999602029 -0.587441067 0.076093501 0.799086333 0.102877620
173377.563522787 2.462258724 -0.949115748 0.998264083 -0.586321289 0.074500143 0.800554216 0.098944536
173377.596856736 2.502634183 -0.962232346 0.997982154 -0.582908994 0.073201509 0.803718657 0.094313116
173377.630190686 2.540174158 -0.975742454 0.998627530 -0.578404413 0.073504499 0.807383729 0.090426419
173377.663524635 2.630879502 -0.844452105 1.066732584 -0.569392338 0.093815724 0.811091861 0.095503763
173377.696858584 2.760872311 -0.898564507 1.119355825 -0.562822162 0.090364507 0.817104913 0.086052493
173377.730192533 2.799605955 -0.906165388 1.123281792 -0.558236753 0.088035559 0.821523964 0.075629654
173377.763526483 2.641156723 -0.854664829 1.159697765 -0.560619179 0.090336719 0.819960953 0.072176516
173377.796860432 3.053255442 -0.899147328 1.209728696 -0.546499802 0.082916923 0.830536153 0.068355311
173377.830194381 3.120534714 -0.910463929 1.222920600 -0.547301050 0.073553513 0.831037590 0.066542954
173377.863528330 3.186385453 -0.918746767 1.232459144 -0.548603344 0.066134839 0.830692011 0.067906823
173377.896862279 3.231958389 -0.915836563 1.238904838 -0.548708047 0.062829009 0.830644778 0.070719498
173377.930196229 3.277503905 -0.910276799 1.246342964 -0.545761564 0.060023521 0.832293407 0.076349044
173377.963530178 3.323988659 -0.901837199 1.254548232 -0.541212696 0.057491852 0.834586343 0.085141885
173377.996864127 3.371887312 -0.890389784 1.263370546 -0.535563650 0.056895468 0.837152308 0.095448919
173378.030198076 3.421533488 -0.876183182 1.272380988 -0.530749586 0.058545287 0.838633726 0.107567659
173378.063532025 3.473524303 -0.859169450 1.281337906 -0.526706722 0.062562982 0.839063847 0.120986625
173378.096865975 3.618627295 -0.846259215 1.261678056 -0.522048108 0.055772587 0.842065523 0.123615719
173378.130199924 3.679167313 -0.826662185 1.270874377 -0.516405517 0.066104762 0.841677203 0.143300346
173378.163533873 3.744138694 -0.804797191 1.279571494 -0.510832342 0.077707903 0.839674409 0.167208514
173378.196867822 3.814185618 -0.781271522 1.287354126 -0.505154648 0.091319537 0.835768388 0.194860786
173378.230201772 3.889172548 -0.756658933 1.293941687 -0.497852978 0.105807180 0.830699358 0.225578876
173378.263535721 3.968771466 -0.731767958 1.298514843 -0.490218152 0.121954396 0.824203833 0.255932278
173378.296869670 4.052588188 -0.707309904 1.300560643 -0.483389919 0.140532900 0.815799227 0.284703903
173378.330203619 4.140563754 -0.683947017 1.299801188 -0.479077221 0.162504214 0.804473730 0.311286707
173378.363537568 4.233390723 -0.662717494 1.297166903 -0.475738680 0.187571622 0.790222157 0.337695925
173378.396871518 4.329218425 -0.643355657 1.292147778 -0.471060567 0.214770538 0.774196629 0.364136153
173378.430205467 4.427623681 -0.626984434 1.285600430 -0.464526163 0.243594659 0.757260810 0.389144127
173378.463539416 4.527690493 -0.613651413 1.278043581 -0.456897652 0.271580600 0.739926965 0.412306439
173378.496873365 4.628631564 -0.603430063 1.269732095 -0.449921774 0.296570419 0.722011734 0.433953269
173378.530207314 4.729314419 -0.596379687 1.261164701 -0.444933662 0.317803419 0.703321236 0.454284341
173378.563541264 4.828517775 -0.592164215 1.252886307 -0.442364832 0.334408703 0.685115836 0.472335120
173378.596875213 4.924975350 -0.590450509 1.245470964 -0.442951137 0.344369975 0.668128345 0.488679982
173378.630209162 5.017312247 -0.590826520 1.238794003 -0.447578241 0.348812700 0.652969564 0.501631505
173378.663543111 5.104292626 -0.593078283 1.232206423 -0.457023389 0.351803128 0.640473795 0.507106989
173378.696877061 5.185163471 -0.596863637 1.225288642 -0.470923181 0.355083790 0.632112066 0.502574568
173378.730211010 5.260161433 -0.601653177 1.218151800 -0.488311616 0.356180187 0.627142670 0.491303889
173378.763544959 5.330580761 -0.607113267 1.211381614 -0.507918349 0.348325040 0.623341527 0.481802820
173378.796878908 5.396831645 -0.613029402 1.205537845 -0.526739549 0.326758692 0.622841614 0.477328533
173378.830212857 5.458806040 -0.619832624 1.200075257 -0.544158015 0.292100210 0.626520201 0.475438703
173378.863546807 5.517202095 -0.628954702 1.193971634 -0.561402029 0.250974956 0.633353428 0.469790133
173378.896880756 5.573216338 -0.641843896 1.186586290 -0.579353345 0.209989084 0.643322221 0.454302549
173378.930214705 5.627789344 -0.658886380 1.177854519 -0.596977566 0.171437863 0.655588993 0.429453045
173378.963548654 5.682546195 -0.679730813 1.168229453 -0.612467419 0.137084042 0.668707407 0.398650259
173378.996882603 5.715894062 -0.676665157 1.152948447 -0.624601598 0.102006306 0.683464540 0.363790847
173379.030216553 5.774043419 -0.704341534 1.144972384 -0.630088760 0.072695863 0.699006369 0.330293146
173379.063550502 5.835496834 -0.734611391 1.138424087 -0.633324272 0.044771888 0.714805442 0.293170641
173379.096884451 5.901722413 -0.766701279 1.133936420 -0.635745320 0.019767121 0.729188762 0.252429987
173379.130218400 5.972402688 -0.799282471 1.132058308 -0.635533011 -0.001727330 0.742476227 0.211716463
173379.163552350 6.047351819 -0.830880974 1.133075711 -0.630303332 -0.022988688 0.755891051 0.175550417
173379.196886299 6.126224964 -0.861438359 1.136481965 -0.622016558 -0.042017132 0.769050410 0.141036978
173379.230220248 6.208150724 -0.890196571 1.141425638 -0.611620786 -0.059770514 0.781321323 0.109016004
173379.263554197 6.293034976 -0.916079523 1.146766662 -0.603803017 -0.072487069 0.789754041 0.080349843
173379.296888146 6.380044131 -0.939062164 1.153329896 -0.597264023 -0.081747761 0.795718109 0.058529330
173379.330222096 6.468963752 -0.960265656 1.160548379 -0.591367683 -0.091664674 0.799987608 0.043608236
173379.363556045 6.628686322 -1.019280350 1.243585530 -0.583768163 -0.108029805 0.804197457 0.028473566
173379.396889994 6.715458651 -1.059295090 1.260590122 -0.574753951 -0.116431226 0.809708775 0.021756945
173379.430223943 6.925840831 -1.050910988 1.311362615 0.563454881 0.144312841 -0.813435037 0.003980176
173379.463557892 7.021214267 -1.071641733 1.317817718 0.556927936 0.155744817 -0.815664182 0.016333062
173379.496891842 7.022128706 -1.128704521 1.384592052 0.558247813 0.161115164 -0.813527892 0.023951059
173379.530225791 7.116180369 -1.142091048 1.388712849 0.557501165 0.167062711 -0.812657358 0.029504571
173379.563559740 7.211893486 -1.151819305 1.392811893 0.553425930 0.168526104 -0.815116945 0.030050934
173379.596893689 7.307921017 -1.157345732 1.396751846 0.547471028 0.166049369 -0.819796524 0.025233695
173379.630227639 7.404575660 -1.158888654 1.400080827 0.541915673 0.158841972 -0.825122687 0.016406811
173379.663561588 7.502038423 -1.157145789 1.402801816 0.537930099 0.148021381 -0.829873684 0.005527015
173379.696895537 7.600741529 -1.152822438 1.405340619 -0.535060918 -0.135696532 0.833823436 0.005894333
173379.730229486 7.701120295 -1.146751863 1.408229534 -0.531550345 -0.122929252 0.837831146 0.019534586
173379.763563435 7.803537498 -1.139551159 1.411024397 -0.530244212 -0.110267390 0.839921381 0.034846109
173379.796897385 7.923017744 -1.151346063 1.424164102 -0.532193009 -0.094977891 0.839615336 0.052876168
173379.830231334 8.030285295 -1.143675311 1.426940492 -0.534203978 -0.081380672 0.838488870 0.070283084
173379.863565283 8.138632948 -1.137120223 1.429714573 -0.535477780 -0.068935192 0.837261484 0.086629642
173379.896899232 8.248387286 -1.132425772 1.432144324 -0.536085895 -0.056960655 0.836199728 0.100684719
173379.930233181 8.359332861 -1.130473188 1.434135434 -0.535903376 -0.045553439 0.835741054 0.110767082
173379.963567131 8.471542092 -1.131665134 1.435885814 -0.535681790 -0.036793780 0.835219621 0.118740990
173379.996901080 8.584925619 -1.135875726 1.437403109 -0.536576025 -0.031294681 0.833987456 0.124786760
173380.030235029 8.699689390 -1.142862403 1.438473197 -0.539640567 -0.027332051 0.831243521 0.130672207
173380.063568978 8.815517028 -1.152437997 1.439139561 -0.544355379 -0.024394506 0.827383098 0.136085778
173380.096902928 8.932058977 -1.164426644 1.439741682 -0.548489775 -0.021895340 0.823959410 0.140607439
173380.130236877 9.049027648 -1.178594569 1.440231245 -0.551724850 -0.018583233 0.821433379 0.143183652
173380.163570826 9.166163580 -1.194703159 1.440688475 -0.554461882 -0.014758921 0.819720993 0.142869483
173380.196904775 9.283397067 -1.212539260 1.441368343 -0.556687885 -0.011268032 0.818704928 0.140334856
173380.230238724 9.400693421 -1.231936359 1.442281697 -0.559397547 -0.008980123 0.817695579 0.135527421
173380.263572674 9.518169511 -1.252905369 1.443573437 -0.562046909 -0.007382947 0.816956019 0.128963665
173380.296906623 9.635972894 -1.275418205 1.445458581 -0.564352439 -0.006457165 0.816650425 0.120609758
173380.330240572 9.754331564 -1.299330682 1.448403873 -0.565113252 -0.006427491 0.817292274 0.112423479
173380.363574521 9.873506489 -1.324516632 1.452438349 -0.564636784 -0.006511804 0.818573641 0.105262019
173380.396908470 9.998935723 -1.370111715 1.463564077 -0.564460054 -0.005000004 0.819311300 0.100443224
173380.430242420 10.120167814 -1.397555294 1.469296208 -0.564513600 -0.003742952 0.819854665 0.095648912
173380.463576369 10.242293741 -1.425875645 1.475809730 -0.564144885 -0.003480181 0.820648009 0.090913598
173380.496910318 10.365325869 -1.454932603 1.482860711 -0.562620620 -0.003598666 0.822242300 0.085806109
173380.530244267 10.489556383 -1.484543752 1.489873271 -0.560318930 -0.002692796 0.824348051 0.080534062
173380.563578217 10.615201745 -1.514399194 1.496257738 -0.557879752 0.000821345 0.826475679 0.075547733
173380.596912166 10.742187977 -1.544461298 1.502048335 -0.554640420 0.005200961 0.829032033 0.071083347
173380.630246115 10.872130742 -1.572194727 1.508073724 -0.550586651 0.009593868 0.832079001 0.066383988
173380.663580064 11.001980531 -1.602182279 1.512573014 -0.547095968 0.013620111 0.834707650 0.061348458
173380.696914013 11.132770578 -1.631646382 1.516119249 -0.545064984 0.017049872 0.836391748 0.055338136
173380.730247963 11.264939284 -1.660584458 1.519244411 -0.543306349 0.018843240 0.837833888 0.049975191
173380.763581912 11.398552976 -1.688862256 1.522139717 -0.541911583 0.017647730 0.838959560 0.046553727
173380.796915861 11.533802705 -1.716295499 1.524149003 -0.543284683 0.015155725 0.838150708 0.045993998
173380.830249810 11.670276867 -1.742492752 1.525200530 -0.546916746 0.012633777 0.835760540 0.047188772
173380.863583759 11.807483669 -1.767043791 1.525692686 -0.550933372 0.009447356 0.833049280 0.049112772
173380.896917709 11.945162654 -1.789405484 1.525569561 -0.555672502 0.005586151 0.829756729 0.051967648
173380.930251658 12.083252041 -1.809136303 1.524692829 -0.561199143 0.002421356 0.825834947 0.055193290
173380.963585607 12.221794953 -1.825905583 1.523130232 -0.567775759 0.000214582 0.821047605 0.059257664
173380.996919556 12.360615533 -1.839401229 1.521245067 -0.574308945 -0.001083163 0.816114588 0.064226496
173381.030253506 12.480825572 -1.761281949 1.506100471 -0.579543675 -0.004263981 0.812146623 0.067296426
173381.063587455 12.619911229 -1.768036898 1.504302595 -0.584366844 -0.004703107 0.808201501 0.072825858
173381.096921404 12.759613183 -1.772948165 1.502907792 -0.589097874 -0.005421356 0.804374805 0.076912135
173381.130255353 12.900651075 -1.776856109 1.502645054 -0.592174362 -0.007618136 0.801800753 0.079918972
173381.163589302 13.043585989 -1.780567360 1.503848326 -0.592995831 -0.011044715 0.800761564 0.083754861
173381.196923252 13.188946882 -1.784600362 1.506277693 -0.592261754 -0.014410055 0.800497453 0.090676308
173381.230257201 13.337010200 -1.789773616 1.509090679 -0.592180475 -0.016079851 0.799515983 0.099186265
173381.263591150 13.487546275 -1.796306915 1.512403932 -0.591773206 -0.017124752 0.798756540 0.107234347
173381.296925099 13.649706548 -2.045431859 1.545784983 -0.589351957 -0.011063850 0.798413462 0.122791720
173381.330259049 13.805445309 -2.057221244 1.549306926 -0.587883434 -0.011570572 0.798747070 0.127523754
173381.363592998 13.962842491 -2.070943833 1.552566111 -0.585858661 -0.011058787 0.799764731 0.130474929
173381.396926947 14.121812005 -2.086433516 1.555379455 -0.584168378 -0.011166140 0.800794628 0.131721626
173381.430260896 14.282382361 -2.103451807 1.557593988 -0.583097941 -0.011427165 0.801532942 0.131951333
173381.463594845 14.444552391 -2.121643436 1.559043477 -0.582962982 -0.011222935 0.801756356 0.131205764
173381.496928795 14.608215164 -2.140816927 1.559630508 -0.583951748 -0.010244551 0.801328324 0.129492554
173381.530262744 14.772947475 -2.160906907 1.559807313 -0.584033703 -0.009319405 0.801800943 0.126226110
173381.563596693 14.938490490 -2.181644625 1.560001645 -0.581566453 -0.008780426 0.804556228 0.119969336
173381.596930642 15.105202583 -2.202866391 1.560041797 -0.577411981 -0.007703035 0.808660824 0.112266372
173381.630264591 15.273243807 -2.224375982 1.559599334 -0.573498522 -0.005320761 0.812516070 0.104349271
173381.663598541 15.442556860 -2.246083786 1.559056155 -0.568772902 -0.002414164 0.816777277 0.096780352
173381.696932490 15.613194977 -2.268199051 1.558161543 -0.564782951 -0.000766467 0.820445120 0.088822501
173381.730266439 15.785300288 -2.290801827 1.556568239 -0.562734047 0.000444723 0.822758456 0.079991988
173381.763600388 15.958988411 -2.313938932 1.554437137 -0.561829169 0.001271149 0.824160546 0.071454627
173381.796934338 16.134197709 -2.337621541 1.551998057 -0.561319062 0.001218576 0.825113945 0.064081228
173381.830268287 16.310821384 -2.361714047 1.549535519 -0.560049750 0.000076360 0.826362798 0.058896508
173381.863602236 16.488636753 -2.385985844 1.546885358 -0.558704814 -0.001556675 0.827547281 0.054881732
173381.896936185 16.667492369 -2.410280141 1.543949052 -0.558149775 -0.003143467 0.828123379 0.051678008
173381.930270134 16.847119718 -2.434526850 1.540928487 -0.558221886 -0.005451111 0.828265629 0.048318306
173381.963604084 17.027380048 -2.458674735 1.538066173 -0.558523221 -0.008878607 0.828229322 0.044823787
173381.996938033 17.208343551 -2.482757337 1.535293138 -0.559921270 -0.012549398 0.827445589 0.040798058
173382.030271982 17.390046815 -2.506838285 1.532883651 -0.562174606 -0.017011949 0.826029527 0.036681413
173382.063605931 17.572553257 -2.530985124 1.531131379 -0.564256613 -0.022924998 0.824617051 0.033100427
173382.096939880 17.752752034 -2.604227227 1.527537573 -0.565680062 -0.028035981 0.823510041 0.032423187
173382.130273830 17.936667114 -2.629130620 1.526606994 -0.566892600 -0.035051293 0.822507305 0.029764418
173382.163607779 18.122132577 -2.654373746 1.525733179 -0.567992270 -0.041398320 0.821548774 0.026992084
173382.196941728 18.308706335 -2.679876755 1.524872266 -0.568846751 -0.047482800 0.820712777 0.024275414
173382.230275677 18.496575451 -2.705548433 1.523923572 -0.569380069 -0.053083418 0.820057473 0.022231255
173382.263609627 18.685906812 -2.731278751 1.522633054 -0.570578367 -0.057517889 0.818956359 0.021035710
173382.296943576 18.825936420 -2.659805103 1.575394666 -0.572898374 -0.066351139 0.816787578 0.015589490
173382.330277525 18.774745197 -2.614711655 1.624739032 -0.577033037 -0.069710488 0.813621794 0.013888791
173382.363611474 18.960101269 -2.639462281 1.623804259 -0.579987244 -0.071888587 0.811331419 0.013717053
173382.396945423 19.149442035 -2.664715625 1.622754476 -0.582906960 -0.073152868 0.809137430 0.012835654
173382.430279373 19.340298093 -2.690107517 1.621677255 -0.585834877 -0.072896559 0.807059575 0.011765696
173382.463613322 19.532756748 -2.715404497 1.620680469 -0.588429309 -0.071104501 0.805324240 0.012164139
173382.496947271 19.726753822 -2.740261163 1.619642451 -0.590456505 -0.066350116 0.804184627 0.015680052
173382.530281220 19.921940540 -2.764258662 1.618285317 -0.592231005 -0.057282915 0.803451732 0.021128641
173382.563615169 20.117792978 -2.787187842 1.616994578 -0.591670191 -0.042871339 0.804588545 0.026938956
173382.596949119 20.230434716 -3.086965077 1.584235755 -0.585396081 -0.016011194 0.809494787 0.042110095
173382.630283068 20.427428922 -3.109334432 1.585343778 -0.573042181 0.002152771 0.818192881 0.046673694
173382.663617017 20.625350386 -3.130690768 1.588384701 -0.558059179 0.020885800 0.827863452 0.052686260
173382.696950966 20.825509071 -3.151799818 1.593462235 -0.543214773 0.038612809 0.836510542 0.060637236
173382.730284916 21.028603135 -3.173408337 1.600989647 -0.528811381 0.053151896 0.843974396 0.072392109
173382.763618865 21.234963448 -3.196246037 1.611240791 -0.513003922 0.062238022 0.851467460 0.089199602
173382.796952814 21.444941900 -3.221040022 1.623312486 -0.497289964 0.068049187 0.857597250 0.112245076
173382.830286763 21.654385116 -3.249682491 1.637916357 -0.480568178 0.065472158 0.864295753 0.133268428
173382.863620712 21.862242375 -3.282236668 1.653595264 -0.461680897 0.058933408 0.873266632 0.144163075
173382.896954662 22.072320587 -3.316642367 1.667556535 -0.444148575 0.060150723 0.881260606 0.149978925
173382.930288611 22.302393194 -3.196065598 1.725510545 -0.423007287 0.060059101 0.891096999 0.152983260
173382.963622560 22.519724901 -3.230362686 1.741533324 -0.391696837 0.063443255 0.901803227 0.171170910
173382.996956509 22.741512403 -3.265829630 1.757432785 -0.357914051 0.065451111 0.912145655 0.188690191
173383.030290458 22.962805282 -3.302729017 1.773492717 -0.332263895 0.062605321 0.919705555 0.199556935
173383.063624408 23.184238343 -3.340493659 1.788885015 -0.309798510 0.059620530 0.926875299 0.203402204
173383.096958357 23.406062080 -3.378252437 1.802615139 -0.291969661 0.055942727 0.932409134 0.205517239
173383.130292306 23.627955365 -3.415459184 1.814389208 -0.280083513 0.050558971 0.935633898 0.208773143
173383.163626255 23.849232917 -3.451847107 1.822989576 -0.277098155 0.041535997 0.936635366 0.210251192
173383.196960205 24.068788207 -3.487458278 1.826864177 -0.287953634 0.035518638 0.934092889 0.208066350
173383.230294154 24.286913370 -3.522012622 1.826216585 -0.309020255 0.031249736 0.928490749 0.203555559
173383.263628103 24.504892435 -3.555566884 1.821345015 -0.334434533 0.028973373 0.920661395 0.199240264
173383.296962052 24.724102234 -3.588159003 1.812455603 -0.362298979 0.028926789 0.910422562 0.197568846
173383.330296001 24.943459787 -3.620312639 1.800679318 -0.389612891 0.027798571 0.899800343 0.194392326
173383.363629951 25.163078916 -3.651951577 1.786124722 -0.415433888 0.025156221 0.889179021 0.190111855
173383.396963900 25.384734589 -3.682705290 1.767839952 -0.442986333 0.026753171 0.876441703 0.186808239
173383.430297849 25.608987832 -3.712383170 1.745551805 -0.475368319 0.037086004 0.859486664 0.184207122
173383.463631798 25.836102817 -3.741343216 1.719247644 -0.516067789 0.055140046 0.835474060 0.180600963
173383.496965747 26.067019396 -3.769963538 1.689240393 -0.566236803 0.079516628 0.801172997 0.176563922
173383.530299697 26.302475193 -3.798474937 1.656941830 -0.620105294 0.107342140 0.757212646 0.174860222
173383.563633646 26.542068766 -3.827263843 1.624388483 -0.673201641 0.128775409 0.706892984 0.174696178
173383.596967595 26.785737977 -3.855687017 1.594407754 -0.718546559 0.139121386 0.656898007 0.181165919
173383.630301544 27.031251688 -3.883920374 1.568449326 -0.751684397 0.138828053 0.617044797 0.186957367
173383.663635494 27.277341584 -3.910898019 1.546854751 -0.772712694 0.130213080 0.590117665 0.194218402
173383.696969443 27.525147564 -3.936458478 1.528057585 -0.787589578 0.120891040 0.569477678 0.201948475
173383.730303392 27.775885873 -3.960027378 1.511781420 -0.799610663 0.114261563 0.550061048 0.212131861
173383.763637341 27.788255800 -3.795495516 1.501593323 -0.809779754 0.110496113 0.532041364 0.221312778
173383.796971290 28.041913437 -3.815630075 1.491871075 -0.814125543 0.124498366 0.520527221 0.225280203
173383.830305240 28.081124948 -3.875806657 1.529773397 -0.808613082 0.133361348 0.524997679 0.229645536
173383.863639189 28.324482442 -3.894040808 1.530118641 -0.792000483 0.141867443 0.545780401 0.233950034
173383.896973138 28.569295134 -3.912151984 1.534477056 -0.766320591 0.151664046 0.576386526 0.239852750
173383.930307087 28.814605538 -3.930305400 1.543007809 -0.734458486 0.163289389 0.611432637 0.245066189
173383.963641036 29.062127935 -3.949268706 1.555340692 -0.700761610 0.177793649 0.645957168 0.245075339
173383.996974986 29.311625930 -3.969859517 1.572040033 -0.666746838 0.189206233 0.679805300 0.239821621
173384.030308935 29.563205740 -3.992069120 1.593301669 -0.630368106 0.197396309 0.714124210 0.231726910
173384.063642884 29.817014920 -4.016409083 1.618486237 -0.589906677 0.200301317 0.749828339 0.222815972
173384.096976833 30.072997355 -4.043373711 1.646523527 -0.546253001 0.193426883 0.786408599 0.213904689
173384.130310783 30.331008135 -4.073309882 1.675835021 -0.500827241 0.175158047 0.822528385 0.204789622
173384.163644732 30.591022260 -4.106357370 1.704801986 -0.453515760 0.152968576 0.856021152 0.195325004
173384.196978681 30.853147177 -4.142778708 1.732010235 -0.405118815 0.129927701 0.885347483 0.187502992
173384.230312630 31.116754138 -4.182379478 1.756290068 -0.356414150 0.108376250 0.910423022 0.179870683
173384.263646579 31.381275516 -4.224351717 1.776835778 -0.309956551 0.091622362 0.930736454 0.171061197
173384.296980529 31.645804623 -4.268418183 1.793457355 -0.269311547 0.074817053 0.946778734 0.159636237
173384.330314478 31.910186469 -4.314448792 1.805914371 -0.233444197 0.053575956 0.959169976 0.150420682
173384.363648427 32.174076753 -4.361763239 1.813609148 -0.205284750 0.030339650 0.968062133 0.140688962
173384.396982376 32.437629159 -4.409266571 1.817258227 -0.189315354 0.016093781 0.973553529 0.126862971
173384.430316325 32.964644589 -4.726051116 1.809355283 -0.178876464 0.007160337 0.976974389 0.116073177
173384.463650275 33.233171480 -4.776106259 1.808695687 -0.174132349 -0.003778310 0.979318338 0.102952625
173384.496984224 33.501948612 -4.825947893 1.804868082 -0.174698496 -0.013500201 0.980355144 0.090564739
173384.530318173 33.756019241 -4.844548470 1.804709849 -0.181304150 -0.019183642 0.980331135 0.075575511
173384.563652122 34.005216284 -4.875348069 1.796910346 -0.191293811 -0.022323471 0.979348960 0.061513859
173384.596986072 34.274057166 -4.924502445 1.784317049 -0.209233350 -0.021108476 0.976438180 0.048418167
173384.630320021 34.542147227 -4.972736969 1.767284636 -0.242116538 -0.019702951 0.969279475 0.038583345
173384.663653970 34.810380478 -5.020217078 1.745403201 -0.289966299 -0.019092244 0.956355342 0.030651138
173384.696987919 35.080414056 -5.066700562 1.719077346 -0.345948565 -0.016836361 0.937775086 0.024779347
173384.730321868 35.352979905 -5.112206020 1.688704608 -0.408308340 -0.016721757 0.912451082 0.020921419
173384.763655818 35.627869624 -5.157795294 1.656015507 -0.473706529 -0.022887730 0.880249688 0.015451957
173384.796989767 35.905915660 -5.204199258 1.622228498 -0.534843157 -0.029619926 0.844425479 0.003326801
173384.830323716 36.187818602 -5.250953816 1.589095072 0.590214652 0.038764054 -0.806261765 0.009272495
173384.863657665 36.472326163 -5.297530198 1.558853848 0.634683372 0.050493910 -0.770824170 0.021388801
173384.896991614 36.759040868 -5.343882026 1.532172817 0.667046985 0.061218244 -0.741755193 0.033164431
173384.930325564 37.048058222 -5.389492215 1.509681024 0.689822456 0.069615927 -0.719285593 0.043895759
173384.963659513 37.338973780 -5.433416813 1.492360497 0.702056105 0.071785973 -0.706781407 0.049234558
173384.996993462 37.630626347 -5.475319515 1.480006529 0.702911739 0.068586991 -0.706235684 0.049417305
173385.030327411 37.922838375 -5.514849330 1.471695844 0.693732469 0.060386675 -0.716268779 0.045252042
173385.063661361 38.216155165 -5.551286764 1.466375960 0.677161577 0.049260071 -0.733294616 0.036119931
173385.096995310 38.511611883 -5.584086657 1.462563734 0.657083374 0.035564795 -0.752640219 0.022567377
173385.130329259 38.810177895 -5.613203560 1.459270011 0.636420499 0.018578462 -0.771106229 0.004355657
173385.163663208 39.112548637 -5.639366906 1.455477873 -0.617325200 0.002039469 0.786549806 0.015647388
173385.196997157 39.418924518 -5.662742577 1.450550664 -0.600895650 0.026600378 0.797952082 0.038591601
173385.230331107 39.729328630 -5.683849189 1.444713233 -0.586334971 0.052048220 0.805760246 0.065212804
173385.263665056 40.043701893 -5.703432701 1.437988976 -0.574769150 0.077411330 0.809122923 0.094699560
173385.296999005 40.361723043 -5.722538761 1.430422373 -0.566315319 0.102603984 0.808218471 0.124668699
173385.330332954 40.683312915 -5.741699645 1.422918829 -0.558846254 0.123186286 0.805261094 0.155146942
173385.363666903 41.007582724 -5.761477019 1.415606645 -0.550590400 0.141411456 0.801858443 0.184054470
173385.397000853 41.333542018 -5.782269993 1.408649997 -0.540420673 0.155563865 0.799656171 0.210464696
173385.430334802 41.591967035 -5.941267970 1.383065168 -0.528311695 0.170651909 0.796733811 0.238704656
173385.463668751 41.921948912 -5.965133716 1.375258863 -0.518770086 0.182264492 0.792873309 0.262695964
173385.497002700 42.253579554 -5.990220482 1.366662671 -0.510930516 0.194450622 0.787263387 0.285228545
173385.530336650 42.586669912 -6.016224088 1.357159781 -0.505217900 0.207276721 0.780105921 0.305329308
173385.563670599 42.921545017 -6.042972529 1.346838801 -0.501376135 0.221716417 0.770756191 0.324651651
173385.597004548 43.244661427 -6.116245499 1.328294308 -0.498266661 0.237258761 0.760137504 0.342971704
173385.630338497 43.582994590 -6.146027817 1.316249431 -0.495128310 0.253793162 0.748934264 0.359908953
173385.663672446 43.922235507 -6.177102554 1.303615356 -0.491831245 0.271319564 0.737199601 0.375532247
173385.697006396 44.262047073 -6.209258941 1.290594866 -0.486860662 0.288148017 0.727196921 0.388744201
173385.730340345 44.603182608 -6.242512802 1.277523161 -0.480616412 0.304064690 0.718366956 0.400626317
173385.763674294 45.059284946 -6.207519552 1.284573783 -0.475502818 0.317984758 0.709978267 0.410747640
173385.797008243 45.405430717 -6.242268232 1.271080236 -0.471921724 0.333624225 0.697994221 0.422834282
173385.830342192 45.753690494 -6.278012818 1.257434053 -0.470572564 0.348721027 0.683689694 0.435342980
173385.863676142 46.103963237 -6.314958465 1.243672908 -0.470126463 0.363241147 0.667967823 0.448169572
173385.897010091 46.455735524 -6.353254660 1.230053996 -0.467821052 0.377682127 0.652711238 0.460942203
173385.930344040 46.808913741 -6.393236564 1.216624302 -0.462314491 0.392467751 0.638464503 0.473917138
173385.963677989 47.163426149 -6.434949245 1.203319430 -0.452544988 0.407845952 0.625209630 0.487829511
173385.997011939 47.519256470 -6.478343938 1.190056536 -0.437919823 0.423430984 0.612953559 0.503210060
173386.030345888 47.876785717 -6.523647496 1.176569480 -0.419202756 0.439356430 0.600360337 0.520386820
173386.063679837 48.236300030 -6.571224732 1.162346851 -0.397764348 0.456161738 0.585696552 0.539128501
173386.097013786 48.592011585 -6.603350979 1.150912112 -0.376164264 0.474938264 0.567901459 0.557155297
173386.130347735 48.955027010 -6.655620115 1.134790050 -0.354682460 0.496206070 0.546971401 0.573412744
173386.163681685 49.319516056 -6.711176271 1.117901071 -0.332433828 0.518835248 0.524054468 0.587932522
173386.197015634 49.685791971 -6.769673772 1.100823809 -0.310568916 0.541453966 0.498189982 0.601814999
173386.230349583 50.053646302 -6.829777878 1.084003779 -0.289532140 0.561393612 0.472081460 0.614936946
173386.263683532 50.422929394 -6.891301862 1.067524793 -0.269943699 0.578123754 0.447061270 0.626928660
173386.297017481 50.793654052 -6.954697185 1.051222110 -0.251553357 0.592308277 0.422674918 0.638151806
173386.330351431 51.166032178 -7.019983343 1.035365722 -0.234432633 0.603494675 0.397866731 0.650028908
173386.363685380 51.539725876 -7.086753598 1.019611662 -0.218412235 0.613003864 0.372340234 0.661728878
173386.397019329 51.914534937 -7.154900979 1.003812170 -0.202332044 0.621603936 0.345777325 0.673133221
173386.430353278 52.290285415 -7.224045211 0.988103924 -0.186595908 0.628753672 0.319400457 0.683984017
173386.463687228 52.666457225 -7.294105007 0.972371205 -0.170850991 0.635377421 0.294183777 0.693225344
173386.497021177 53.042821089 -7.365144590 0.956612799 -0.155077069 0.642230197 0.268993710 0.700809432
173386.530355126 53.975753931 -8.046794157 0.818912311 -0.132576085 0.651328734 0.237279785 0.708443905
173386.563689075 54.358246906 -8.122692461 0.802333339 -0.117261468 0.656718727 0.212426597 0.714034455
173386.597023024 54.742198425 -8.198857797 0.785609810 -0.101932192 0.660893607 0.188417853 0.719255296
173386.630356974 55.126227193 -8.275759945 0.768705728 -0.086461129 0.664482477 0.163522338 0.724049692
173386.663690923 55.511043577 -8.352705415 0.751473166 -0.071349262 0.667918836 0.138293970 0.727783271
173386.697024872 55.944159173 -8.319530870 0.769511470 -0.058495992 0.671263299 0.116544189 0.729658313
173386.730358821 56.330488880 -8.395009244 0.752051569 -0.044558371 0.675997996 0.094987473 0.729396079
173386.763692770 56.583995605 -8.449359864 0.750561629 -0.031597953 0.679880793 0.076901051 0.728594472
173386.797026720 56.971226795 -8.522230533 0.734010915 -0.020274485 0.681954348 0.062072987 0.728473855
173386.830360669 57.359162831 -8.593844920 0.718351858 -0.010945053 0.681973934 0.049143484 0.729641472
173386.863694618 57.747717685 -8.664274132 0.703478876 -0.003711520 0.680989402 0.036913648 0.731352884
173386.897028567 58.137096479 -8.732978287 0.688821201 0.001423542 0.680299339 0.026797446 0.732442953
173386.930362517 58.527560382 -8.799549768 0.674001182 0.004981803 0.680173179 0.020072291 0.732759668
173386.963696466 58.919341650 -8.863837686 0.659013196 0.006741357 0.680127783 0.017032134 0.732864694
173386.997030415 59.312607587 -8.925688851 0.643913986 0.006187750 0.679737799 0.018219851 0.733202750
173387.030364364 59.707134279 -8.985241810 0.628790085 0.003118546 0.679414827 0.022906025 0.733390129
173387.063698313 60.102728234 -9.042635801 0.613650788 -0.002333957 0.679199059 0.031206237 0.733286684
173387.097032263 60.499514482 -9.097895644 0.598615437 -0.009521755 0.678334913 0.043200165 0.733419953
173387.130366212 60.897569192 -9.151166612 0.583528428 -0.018398650 0.677183231 0.058767678 0.733233061
173387.163700161 61.297034300 -9.202671718 0.568343426 -0.028477152 0.676000473 0.077728648 0.732236757
173387.197034110 61.697937066 -9.252785870 0.553200765 -0.039956807 0.674405755 0.098980593 0.730604662
173387.230368059 62.099963640 -9.301833320 0.538122931 -0.053425054 0.672674545 0.122382460 0.727789292
173387.263702009 62.502721122 -9.350173109 0.523346221 -0.068863551 0.670231450 0.147941235 0.723989644
173387.297035958 62.906011617 -9.398293268 0.508892791 -0.086034182 0.666567674 0.174983802 0.719490323
173387.330369907 63.309703853 -9.446604285 0.494804957 -0.103930807 0.661294870 0.203096692 0.714590244
173387.363703856 63.713599754 -9.495392458 0.481003239 -0.121615735 0.654471609 0.232357757 0.709144836
173387.397037806 64.117572170 -9.545052994 0.467473815 -0.138990285 0.646321923 0.262672149 0.702817910
173387.430371755 64.521733732 -9.595767271 0.454409579 -0.156536564 0.636407588 0.293700329 0.695860476
173387.463705704 64.926027656 -9.647232189 0.441911568 -0.175241178 0.624955103 0.325792960 0.687444976
173387.497039653 65.330028657 -9.699458392 0.430134819 -0.197114694 0.612102323 0.358299878 0.676829182
173387.530373602 65.733070214 -9.753645570 0.418975312 -0.221088055 0.597463643 0.389472692 0.665182900
173387.563707552 66.135421314 -9.810234891 0.407889795 -0.244955833 0.582226963 0.417487952 0.653232128
173387.597041501 66.537371589 -9.868656589 0.396394191 -0.267971547 0.566876035 0.443108893 0.640700648
173387.630375450 66.939011162 -9.929432603 0.384364702 -0.289477377 0.551592120 0.466592766 0.627885477
173387.663709399 67.340392358 -9.992684090 0.371548649 -0.309070043 0.536825673 0.488711040 0.614374010
173387.697043348 67.741753474 -10.058241224 0.358037523 -0.325904631 0.522466774 0.510154125 0.600464329
173387.730377298 68.143396695 -10.126006222 0.343916494 -0.339921085 0.508679723 0.530775053 0.586495045
173387.763711247 68.545610552 -10.195638977 0.329117896 -0.351601678 0.496037317 0.550239881 0.572327978
173387.797045196 68.948762521 -10.266949683 0.313820894 -0.361278117 0.483425012 0.568779052 0.558810138
173387.830379145 69.353200482 -10.339905472 0.298047690 -0.370535583 0.470745493 0.586237575 0.545369204
173387.863713095 68.980601662 -9.701134130 0.377352334 -0.385086423 0.453926125 0.606807931 0.526729205
173387.897047044 69.383899372 -9.772775006 0.361248832 -0.396892714 0.440691185 0.622820610 0.510256740
173387.930380993 69.785917857 -9.845351221 0.344844732 -0.411460489 0.426979808 0.637970871 0.491306093
173387.963714942 70.189210750 -9.920002439 0.328246545 -0.429626082 0.410801844 0.653299536 0.468895500
173387.997048891 70.594047801 -9.997140301 0.311853798 -0.449513136 0.392685960 0.668007394 0.444411745
173388.030382841 71.000834423 -10.076314515 0.295978611 -0.467854071 0.373425331 0.681675093 0.420696040
173388.063716790 71.409507688 -10.157257271 0.280539800 -0.483849038 0.354173910 0.694681383 0.397326977
173388.097050739 71.819931184 -10.239694965 0.265688165 -0.496556733 0.334357881 0.708532814 0.373654212
173388.130384688 70.197053759 -8.721495359 0.417109390 -0.512796370 0.304850827 0.726595424 0.340829791
173388.163718637 70.602437154 -8.798138785 0.404600553 -0.518537220 0.281415716 0.742938137 0.316176013
173388.197052587 71.003698281 -8.875391247 0.391780353 -0.523208640 0.257675241 0.758549778 0.290617314
173388.230386536 71.964676661 -9.445796438 0.311830287 -0.526443290 0.236318829 0.771623921 0.267595585
173388.263720485 72.375511194 -9.528986256 0.296436185 -0.533291028 0.211671274 0.782937142 0.240427501
173388.297054434 72.792057571 -9.613917527 0.279945396 -0.541768810 0.186754070 0.791414905 0.212771996
173388.330388384 73.212524031 -9.699921634 0.262904477 -0.550464066 0.161739448 0.797681943 0.185831055
173388.363722333 73.636444328 -9.786802734 0.245802331 -0.557814383 0.136688751 0.802960663 0.159416040
173388.397056282 74.636180060 -10.108118058 0.243679565 -0.562541982 0.111920326 0.808095653 0.134170692
173388.430390231 75.072087016 -10.198480225 0.226712717 -0.566759766 0.089047985 0.811567785 0.110505902
173388.463724180 75.510365716 -10.288980177 0.210041137 -0.569754239 0.068378536 0.814043771 0.089650556
173388.497058130 76.251145028 -10.750477977 0.121634260 -0.571514322 0.052767492 0.815412362 0.075429773
173388.530392079 76.695686954 -10.842601009 0.104662132 -0.573955980 0.037156343 0.815842590 0.059956714
173388.563726028 77.144359845 -10.934671486 0.087364276 -0.575838726 0.024802196 0.815900771 0.045831698
173388.597059977 77.594653785 -11.025924142 0.069668038 -0.576739098 0.015910783 0.816077021 0.033721750
173388.630393926 78.123269842 -11.251908418 0.022785797 -0.576411326 0.011337737 0.816673466 0.025804817
173388.663727876 78.575370050 -11.341526711 0.003849734 -0.576225138 0.007721829 0.817029527 0.019175908
173388.697061825 79.030467924 -11.430311372 -0.015647140 -0.576247507 0.005578815 0.817104565 0.015742216
173388.730395774 79.487387252 -11.518109029 -0.035406488 -0.575777116 0.004506726 0.817439906 0.015887157
173388.763729723 79.946246669 -11.605225964 -0.055296917 -0.574799238 0.004484750 0.818065517 0.018829029
173388.797063673 80.407074622 -11.691929798 -0.075139197 -0.573691686 0.005809665 0.818703280 0.023854492
173388.830397622 80.869993557 -11.778331891 -0.094775604 -0.572376178 0.008671489 0.819371167 0.030679094
173388.863731571 81.334938921 -11.864814704 -0.114325035 -0.572283087 0.013271633 0.819089696 0.037523353
173388.897065520 81.801430093 -11.951607290 -0.133222041 -0.571725960 0.018804514 0.819081113 0.043381429
173388.930399469 82.588806264 -12.297073603 -0.192898164 -0.568698339 0.025309905 0.820512263 0.051973400
173388.963733419 83.060921660 -12.385279792 -0.210447656 -0.565048635 0.028682649 0.822495318 0.058299203
173388.997067368 83.389545203 -12.377210244 -0.217695626 -0.560372071 0.029871489 0.825328100 0.062644739
173389.030401317 83.862065398 -12.464405725 -0.236325075 -0.554524228 0.030764536 0.828920940 0.066682067
173389.063735266 84.334340804 -12.551043825 -0.257267807 -0.547766147 0.032291422 0.833058047 0.070169810
173389.097069215 84.806376194 -12.637492570 -0.281387469 -0.540025259 0.034253380 0.837863582 0.072000308
173389.130403165 85.278335836 -12.724005462 -0.309670858 -0.533289351 0.036719993 0.842197049 0.070414779
173389.163737114 85.750452037 -12.810390473 -0.342242073 -0.529832703 0.038610030 0.844545083 0.067306576
173389.197071063 86.478284089 -13.047208220 -0.397579447 -0.528249654 0.041654526 0.845431774 0.066800595
173389.230405012 86.953641203 -13.133558222 -0.439207525 -0.528978743 0.047313567 0.844648177 0.067174202
173389.263738962 87.430878455 -13.220214725 -0.485306911 -0.534684945 0.054037475 0.840758445 0.065705391
173389.297072911 87.910642483 -13.306870160 -0.535133200 -0.546364255 0.060715986 0.832801482 0.065125744
173389.330406860 88.392773343 -13.393815724 -0.588069069 -0.561096565 0.065652983 0.822653940 0.064037687
173389.363740809 88.877092348 -13.481449204 -0.643459324 -0.575781687 0.069897115 0.812314253 0.061117892
173389.397074758 89.363532064 -13.569395137 -0.700189080 -0.588286344 0.071993666 0.803283175 0.058925643
173389.430408708 89.367905727 -13.224061185 -0.675221702 -0.596051077 0.068805941 0.798090743 0.055136393
173389.463742657 89.857743361 -13.310321190 -0.732026435 -0.596203435 0.066595433 0.798148771 0.055362913
173389.497076606 90.347301694 -13.396760963 -0.789371589 -0.593778448 0.065147694 0.800086733 0.055173845
173389.530410555 90.839767589 -13.483633844 -0.848510927 -0.594421886 0.063456152 0.799697506 0.055855502
173389.563744504 91.335545313 -13.571121838 -0.909615271 -0.603069078 0.063504389 0.793153559 0.056411990
173389.597078454 91.709260465 -13.586896307 -0.959845008 -0.619630541 0.067395124 0.780052614 0.055080027
173389.630412403 92.209687191 -13.675789249 -1.021974149 -0.636778108 0.074038336 0.765673100 0.052694120
173389.663746352 93.004801852 -14.370577948 -1.150235797 -0.647153417 0.088750891 0.755370819 0.052255715
173389.697080301 93.508292984 -14.463893298 -1.208288055 -0.653693729 0.099675383 0.748654916 0.047593522
173389.730414251 97.265291052 -16.152008495 -1.844412630 -0.654381236 0.115185203 0.745357341 0.054405883
173389.763748200 97.902591060 -16.466401931 -1.928809684 -0.660144438 0.126102441 0.738317568 0.056521360
173389.797082149 98.435692665 -16.573146245 -1.982989711 -0.665858375 0.134208134 0.731461290 0.059876395
173389.830416098 98.971810764 -16.680592290 -2.034187371 -0.669945337 0.139111943 0.726472833 0.063705065
173389.863750047 99.509157551 -16.788074570 -2.082064873 -0.671514792 0.140179257 0.724364016 0.068661730
173389.897083997 100.048373343 -16.896154010 -2.127151103 -0.672776279 0.138572010 0.723041747 0.073351945
173389.930417946 100.590150316 -17.005244573 -2.169803422 -0.676853007 0.136788711 0.719249303 0.076415286
173389.963751895 101.134958060 -17.115378401 -2.209091924 -0.683910942 0.135771734 0.712536950 0.078249311
173389.997085844 101.682830541 -17.226547138 -2.243338221 -0.691723566 0.135715078 0.704901921 0.078823899
173390.030419793 102.233148301 -17.338602638 -2.270531240 -0.696290521 0.134523294 0.700636816 0.078683194
173390.063753743 102.785591674 -17.451402770 -2.290168977 -0.696504614 0.131183330 0.701079870 0.078481034
173390.097087692 103.339993495 -17.565251523 -2.303406837 -0.693835307 0.127011936 0.704609641 0.077367882
173390.130421641 103.905630558 -17.689874391 -2.311100207 -0.691004425 0.122637988 0.708235563 0.076649820
173390.163755590 104.463541750 -17.805210699 -2.314795565 -0.688320790 0.119119903 0.711413616 0.076912974
173390.197089540 105.154254939 -18.054621614 -2.305851722 -0.684356856 0.117621353 0.715235150 0.079117584
173390.230423489 105.715966154 -18.171329512 -2.300548140 -0.678456650 0.117465785 0.720590346 0.081534758
173390.263757438 106.305109244 -18.322436027 -2.286517397 -0.670072276 0.119719858 0.727674948 0.084613660
173390.297091387 106.870430966 -18.439652590 -2.272238435 -0.659762548 0.123744468 0.735979564 0.087947527
173390.330425336 107.438621218 -18.557170116 -2.253884610 -0.646969225 0.125906703 0.746420146 0.091843837
173390.363759286 108.009833057 -18.675236893 -2.232579322 -0.630618894 0.126506643 0.759803233 0.094946964
173390.397093235 108.584814333 -18.793978085 -2.209924901 -0.613096288 0.124753613 0.773946616 0.097755371
173390.430427184 111.210432647 -19.117785617 -2.051125482 -0.593673580 0.114500731 0.790919262 0.094276104
173390.463761133 111.815104174 -19.253295453 -2.023415977 -0.574833467 0.109527423 0.805454364 0.093880221
173390.497095082 112.574728109 -19.395723630 -2.003196582 -0.561311210 0.104083247 0.815491044 0.095240539
173390.530429032 113.183087575 -19.520912716 -1.989602549 -0.553779140 0.101274761 0.820726307 0.097367427
173390.563762981 113.791586591 -19.646505476 -1.979601640 -0.547006626 0.098941519 0.825497783 0.097712523
173390.597096930 114.403483507 -19.773114417 -1.972965772 -0.537063600 0.096677217 0.832211973 0.098180633
173390.630430879 115.019089394 -19.900250479 -1.970168346 -0.525815875 0.095011957 0.839175695 0.101363438
173390.663764829 115.614983003 -20.019501606 -1.972903182 -0.513040170 0.091202592 0.846748812 0.107183579
173390.697098778 116.235798676 -20.147901604 -1.979174089 -0.499961442 0.085121927 0.854322150 0.113694670
173390.730432727 116.858736866 -20.277469019 -1.991281107 -0.489078158 0.079468071 0.860559677 0.118001793
173390.763766676 117.482367838 -20.407756029 -2.008452004 -0.479970126 0.074118918 0.865742261 0.120935529
173390.797100625 118.105408313 -20.538645066 -2.030399686 -0.473290632 0.069016393 0.869545347 0.122978068
173390.830434575 118.728044251 -20.669992343 -2.056842939 -0.469602564 0.066341498 0.871507159 0.124689651
173390.863768524 119.350131645 -20.801637024 -2.086890627 -0.469257398 0.066500350 0.871472905 0.126135538
173390.897102473 119.971767675 -20.933701572 -2.119823190 -0.472993084 0.068861639 0.869329985 0.125702006
173390.930436422 120.593303194 -21.066185319 -2.154940530 -0.480273719 0.073388526 0.865294301 0.123357414
173390.963770371 121.214240207 -21.198806083 -2.190838184 -0.486796216 0.079319772 0.861606985 0.119880027
173390.997104321 121.833902948 -21.331033641 -2.226502222 -0.489977435 0.085256310 0.859675241 0.116670281
173391.030438270 122.452434508 -21.462557437 -2.261878102 -0.490512531 0.090811109 0.858910318 0.115861403
173391.063772219 123.071406047 -21.593687854 -2.297198662 -0.492415775 0.096116767 0.856878202 0.118524335
173391.097106168 123.691123146 -21.724871235 -2.331937332 -0.496257786 0.100000627 0.853579839 0.123002211
173391.130440118 124.311790552 -21.856899383 -2.365635606 -0.499458182 0.102552384 0.850994863 0.125826375
173391.163774067 124.934139591 -21.990227859 -2.398038064 -0.502901342 0.103008630 0.849291906 0.123218180
173391.197108016 125.559057344 -22.124677564 -2.429001657 -0.504168185 0.103167587 0.849283291 0.117850674
173391.230441965 126.188184338 -22.259720924 -2.458056485 -0.503584011 0.100783072 0.850221458 0.115626067
173391.263775914 126.821589261 -22.395543233 -2.485788422 -0.504149797 0.097477056 0.850360503 0.114970524
173391.297109864 127.459577478 -22.532354102 -2.512759374 -0.506379579 0.095401760 0.849121060 0.116067441
173391.330443813 128.102232151 -22.670669899 -2.538894769 -0.512944391 0.094961628 0.845213451 0.116123052
173391.363777762 128.748626479 -22.810462835 -2.563035642 -0.521872244 0.096773248 0.839778966 0.114261051
173391.397111711 129.397445255 -22.951087999 -2.584183122 -0.530558188 0.100075176 0.834190164 0.112337604
173391.430445660 130.048663336 -23.092034609 -2.601507166 -0.537923701 0.103515465 0.829134375 0.111619122
173391.463779610 130.702676408 -23.232757341 -2.614800343 -0.545311942 0.108110352 0.823077833 0.116146111
173391.497113559 131.358505721 -23.373846880 -2.625406032 -0.553149065 0.114172943 0.816388399 0.120418573
173391.530447508 132.015767736 -23.515307131 -2.634309126 -0.560030065 0.121443705 0.810172662 0.123442341
173391.563781457 132.674614297 -23.657166699 -2.642254024 -0.566645036 0.127667247 0.804085346 0.126732921
173391.597115407 133.334279333 -23.799672476 -2.649690813 -0.571911179 0.130696408 0.799973664 0.126008686
173391.630449356 133.995199039 -23.942587327 -2.657375577 -0.574293290 0.131588580 0.798345135 0.124566083
173391.663783305 134.658426841 -24.085429365 -2.665572128 -0.574773101 0.129417598 0.797885992 0.127533961
173391.697117254 135.324825704 -24.226683269 -2.677395267 -0.584804252 0.118445875 0.790038595 0.140760715
173391.730451203 135.466875404 -24.717488103 -2.693969775 -0.616878281 0.109716003 0.760851239 0.168905230
173391.763785153 136.116055285 -24.853674874 -2.721380195 -0.649486039 0.103723232 0.730619014 0.183317298
173391.797119102 138.119695819 -25.448590811 -2.993371966 -0.668070685 0.096072219 0.711800963 0.194399272
173391.830453051 138.796113769 -25.592323091 -3.027616581 -0.670428260 0.084535637 0.709856778 0.198703368
173391.863787000 139.471735273 -25.737074254 -3.064493731 -0.661238361 0.068113020 0.719402435 0.201456156
173391.897120949 140.149882684 -25.884195950 -3.107211591 -0.649151535 0.054196054 0.731584415 0.201120152
173391.930454899 140.832026125 -26.033867483 -3.158028377 -0.643608468 0.050593803 0.738783024 0.193411609
173391.963788848 141.767754382 -26.568624887 -3.251186500 -0.645588196 0.057765036 0.738547053 0.185546038
173391.997122797 142.450077161 -26.720704802 -3.312087794 -0.650858105 0.068532584 0.734406843 0.179815463
173392.030456746 143.146380429 -26.875399260 -3.375653700 -0.651406134 0.076306863 0.732674539 0.181756242
173392.063790696 143.687394108 -27.215638221 -3.436085571 -0.645029358 0.080668975 0.736268279 0.187985812
173392.097124645 144.382947879 -27.372380880 -3.502884623 -0.634856651 0.079689691 0.744111475 0.192105958
173392.130458594 145.085812417 -27.531825965 -3.573132158 -0.624261011 0.077611056 0.752167938 0.196260305
173392.163792543 145.790209684 -27.692345975 -3.647233065 -0.616837542 0.076526232 0.758002131 0.197706731
173392.197126492 146.496081980 -27.853719608 -3.725072628 -0.614806412 0.078227834 0.759093024 0.199176460
173392.230460442 147.029176538 -28.137647003 -3.807710008 -0.619510435 0.083736818 0.754034098 0.201562758
173392.263794391 147.730111013 -28.298854003 -3.888768701 -0.627805565 0.092475344 0.746737016 0.199229298
173392.297128340 148.437470477 -28.462164118 -3.969881916 -0.636737373 0.105732110 0.738972370 0.193147808
173392.330462289 149.146785114 -28.626506332 -4.047825054 -0.644251802 0.119508065 0.731808266 0.187387569
173392.363796238 149.858738750 -28.792305577 -4.120689410 -0.649102229 0.132213276 0.726733344 0.181781717
173392.397130188 150.573474948 -28.959301080 -4.187259197 -0.651142336 0.143760054 0.724036412 0.176402890
173392.430464137 151.291390140 -29.127050464 -4.247122493 -0.652113930 0.151957370 0.721973157 0.174387901
173392.463798086 152.011842467 -29.296157206 -4.301410751 -0.654089048 0.159486721 0.719406763 0.170837386
173392.497132035 152.459150004 -29.548167121 -4.348411330 -0.655726833 0.166304632 0.717730418 0.165009505
173392.530465985 153.181302539 -29.720227038 -4.391678434 -0.652198720 0.167344300 0.722860950 0.155257084
173392.563799934 153.903744282 -29.893491621 -4.430885366 -0.643667673 0.164352768 0.733233832 0.145080122
173392.597133883 154.628425248 -30.068615088 -4.467839730 -0.633117881 0.157943296 0.744893008 0.139104531
173392.630467832 155.355167058 -30.245864682 -4.504332361 -0.621229177 0.147601133 0.757545219 0.135696192
173392.663801781 156.391602596 -30.470097265 -4.552776040 -0.609325287 0.134174526 0.770578814 0.130108349
173392.697135731 157.126810748 -30.655283979 -4.593473060 -0.599834707 0.119922064 0.782593493 0.115604704
173392.730469680 157.734670259 -30.681737673 -4.624013415 -0.593357270 0.104335570 0.792807257 0.092184010
173392.763803629 158.470276632 -30.872443992 -4.669379381 -0.589676536 0.088737240 0.800265402 0.063107615
173392.797137578 157.733139631 -31.657424763 -4.594293120 -0.589077993 0.075277106 0.803786876 0.035314788
173392.830471527 158.464208982 -31.855766114 -4.640968666 0.589511169 -0.055332971 -0.805861947 0.001169296
173392.863805477 160.947847290 -32.438755409 -4.895577183 0.590107429 -0.032043379 -0.805724552 0.039425765
173392.897139426 161.692412863 -32.642215551 -4.944441586 0.593727597 -0.009243684 -0.800780139 0.078442745
173392.930473375 162.418380415 -32.912529978 -4.997786509 0.596960439 0.013062127 -0.793698329 0.116235014
173392.963807324 163.171290291 -33.117245538 -5.045197836 0.597727896 0.036568097 -0.787235003 0.147123031
173392.997141274 163.928006088 -33.321434639 -5.091350350 0.596339340 0.059668982 -0.781957326 0.171352691
173393.030475223 164.700424774 -33.515175341 -5.134879148 0.593604190 0.081772305 -0.777194856 0.192134097
173393.063809172 165.368154622 -33.790097078 -5.194209515 0.590105128 0.102285181 -0.773015945 0.209188977
173393.097143121 166.132846303 -33.994939699 -5.239760417 0.584878961 0.123817615 -0.769196383 0.225660636
173393.130477070 166.952562185 -34.377639506 -5.307635923 0.579941237 0.146937187 -0.763693862 0.242588767
173393.163811020 167.725645464 -34.584655053 -5.355551846 0.575489717 0.172400121 -0.755433467 0.261553170
173393.197144969 168.502563979 -34.791986118 -5.404784031 0.571709166 0.200084331 -0.744100489 0.281832135
173393.230478918 169.283000551 -34.999287992 -5.455023094 0.568121694 0.228606227 -0.730414974 0.302441563
173393.263812867 170.066508837 -35.206539455 -5.506032853 0.564237647 0.256792973 -0.715445347 0.322228494
173393.297146816 170.853041074 -35.413442342 -5.557460899 0.559566235 0.284536588 -0.699444510 0.341616652
173393.330480766 171.642439837 -35.619870798 -5.609200449 0.554905764 0.310357701 -0.682634220 0.360233552
173393.363814715 172.434152051 -35.825648114 -5.661031324 0.550377444 0.332995415 -0.666581543 0.376653381
173393.397148664 173.521286180 -35.982040173 -5.683801547 0.545357796 0.353934464 -0.651655370 0.390717991
173393.430482613 174.319555079 -36.186286224 -5.735102823 0.541308543 0.370301588 -0.638896967 0.402085142
173393.463816563 174.497150741 -36.825969531 -5.716450376 0.538443444 0.381182637 -0.630745683 0.408580883
173393.497150512 175.294799526 -37.031080104 -5.766608162 0.534624083 0.391177973 -0.624562342 0.413616688
173393.530484461 176.091639348 -37.234975711 -5.816294749 0.531242687 0.398140664 -0.621942472 0.415274344
173393.563818410 176.889261973 -37.437792382 -5.865293282 0.528877148 0.401447705 -0.623345150 0.413000637
173393.597152359 177.687295506 -37.639128874 -5.913020155 0.527439985 0.400292132 -0.630300289 0.405332971
173393.630486309 178.485717862 -37.838819381 -5.959269025 0.525830710 0.394445172 -0.642623518 0.393636997
173393.663820258 179.284138940 -38.036214179 -6.003925210 0.523748879 0.384529307 -0.660325589 0.376556025
173393.697154207 180.082465728 -38.230108873 -6.047074955 0.521896350 0.371177262 -0.683477353 0.350300367
173393.730488156 180.882115362 -38.420539794 -6.089614296 0.521403804 0.353245514 -0.708959248 0.317383781
173393.763822105 181.683928301 -38.607556505 -6.132431404 0.522814429 0.330485199 -0.733295293 0.282351942
173393.797156055 182.488182335 -38.791173608 -6.176243201 0.525960283 0.303639937 -0.755427468 0.245963231
173393.830490004 183.295469918 -38.971383750 -6.221381737 0.530649138 0.274633887 -0.774190456 0.208846495
173393.863823953 184.106117402 -39.148819990 -6.267869805 0.536178164 0.244303557 -0.789319768 0.172635606
173393.897157902 184.920409021 -39.324437300 -6.315768754 0.542230162 0.210896803 -0.801311636 0.139314937
173393.930491852 185.739050352 -39.498889897 -6.364536657 0.547837093 0.176334510 -0.810558308 0.108516771
173393.963825801 186.562286724 -39.673491729 -6.413431562 0.550422039 0.142734966 -0.818778824 0.079142566
173393.997159750 187.389722544 -39.849802236 -6.462655742 0.550050918 0.109404805 -0.826192376 0.053672469
173394.030493699 188.221032241 -40.028717785 -6.512339411 0.547082569 0.077404342 -0.832922023 0.030824262
173394.063827648 189.056045035 -40.210726091 -6.562681571 0.543253752 0.047458882 -0.838177914 0.008988884
173394.097161598 189.894709133 -40.396612611 -6.614334039 -0.541624199 -0.019484812 0.840315288 0.011566537
173394.130495547 190.736567249 -40.586628981 -6.667277226 -0.542496864 0.004490858 0.839513765 0.029893527
173394.163829496 191.580617549 -40.781122535 -6.721445473 -0.544614900 0.023929987 0.837159946 0.044555494
173394.197163445 192.425517696 -40.979724412 -6.775620631 -0.546473283 0.033613253 0.834796621 0.057893887
173394.230497394 193.271438063 -41.181704096 -6.829443142 -0.547080427 0.036256392 0.833212156 0.071735504
173394.263831344 194.120557576 -41.386047789 -6.884969327 -0.545956828 0.045235462 0.832239049 0.085223593
173394.297165293 194.972550782 -41.592776346 -6.943658413 -0.542070575 0.064195134 0.832572267 0.094137645
173394.330499242 195.826636288 -41.801911488 -7.005526558 -0.534667766 0.090756937 0.834724383 0.095544557
173394.363833191 196.683481813 -42.012745297 -7.069305317 -0.525848768 0.117870473 0.836974658 0.095200040
173394.397167141 197.542704205 -42.226272058 -7.134394315 -0.516342558 0.146443035 0.838590949 0.093327491
173394.430501090 198.402989185 -42.441914862 -7.198560549 -0.509087356 0.168058972 0.838991275 0.093165911
173394.463835039 199.266412566 -42.658413031 -7.260805350 -0.512040039 0.176311277 0.834492909 0.101739453
173394.497168988 200.133341675 -42.875960322 -7.323462007 -0.519025328 0.181221501 0.828013397 0.110296379
173394.530502937 201.003378449 -43.095138116 -7.387743714 -0.522068868 0.194077128 0.822562142 0.114759262
173394.563836887 201.874901615 -43.315765096 -7.451840181 -0.522178335 0.210586438 0.818391646 0.114970661
173394.597170836 202.745708143 -43.537160634 -7.512655278 -0.522706632 0.215600877 0.817238412 0.111424486
173394.630504785 203.617722022 -43.758754004 -7.571202117 -0.522587464 0.216037310 0.817272547 0.110886459
173394.663838734 204.492450487 -43.980919468 -7.628209789 -0.522660059 0.217214006 0.816401091 0.114602775
173394.697172683 205.369277740 -44.203025344 -7.683097585 -0.519225049 0.215354298 0.818246915 0.120415367
173394.730506633 206.248086836 -44.425519730 -7.736662334 -0.513451579 0.212128355 0.822295253 0.123286470
173394.763840582 207.128312066 -44.648435702 -7.789413247 -0.504828167 0.208295949 0.828664251 0.122787941
173394.797174531 208.010590059 -44.871609506 -7.840980976 -0.494059837 0.203572129 0.836177120 0.123576250
173394.830508480 208.894509310 -45.095172096 -7.891407321 -0.481167923 0.199318918 0.844247033 0.126476661
173394.863842430 209.779937429 -45.318465559 -7.941954460 -0.468170863 0.198492399 0.850625197 0.133617306
173394.897176379 210.667533528 -45.541399731 -7.993846435 -0.458364940 0.197859456 0.854168388 0.145428961
173394.930510328 211.557592442 -45.765310950 -8.047917581 -0.453689113 0.193581193 0.855852873 0.155590390
173394.963844277 212.449812881 -45.990045008 -8.103672375 -0.448093513 0.187807225 0.858355217 0.164824063
173394.997178226 213.344310920 -46.214588753 -8.160679889 -0.437707191 0.180829158 0.863109529 0.175371524
173395.030512176 214.241621859 -46.439014988 -8.219211500 -0.421986055 0.165962536 0.870717117 0.190357315
173395.063846125 215.141683854 -46.664665422 -8.281227831 -0.412042376 0.150878090 0.875788271 0.201126298
173395.097180074 216.044305166 -46.892492659 -8.347073258 -0.415475136 0.141513423 0.874354332 0.207023824
173395.130514023 216.949489717 -47.122937642 -8.415674588 -0.427703105 0.141226666 0.869458194 0.202897837
173395.163847972 217.856860547 -47.356608003 -8.485543236 -0.441861517 0.139991947 0.864556974 0.194169754
173395.197181922 218.765802406 -47.593572403 -8.555980208 -0.452172338 0.138663690 0.862364052 0.180667651
173395.230515871 219.676319527 -47.833920975 -8.626631993 -0.458415769 0.134718298 0.862094616 0.168815984
173395.263849820 220.588648692 -48.077403204 -8.697700647 -0.466116047 0.130217000 0.860680641 0.158139804
173395.297183769 221.502690176 -48.321247001 -8.768225976 -0.473791072 0.130761303 0.857738758 0.150690827
173395.330517719 222.418198276 -48.565390449 -8.837623046 -0.477100339 0.131085357 0.856020647 0.149734922
173395.363851668 223.335585464 -48.812335637 -8.906717477 -0.481824870 0.128589811 0.853979697 0.148418774
173395.397185617 224.255187534 -49.062327967 -8.975020804 -0.486115844 0.124153212 0.852373460 0.147434227
173395.430519566 225.176997914 -49.314670252 -9.042419592 -0.485052895 0.119324983 0.853906803 0.146042494
173395.463853515 226.101126334 -49.568743487 -9.109295009 -0.477478146 0.115022818 0.858723152 0.146215321
173395.497187465 227.028128544 -49.824365229 -9.176668819 -0.467321470 0.111251767 0.864387932 0.148550299
173395.530521414 228.005944001 -50.415905525 -9.267457696 -0.458272951 0.108322616 0.868603796 0.154206224
173395.563855363 228.701079784 -50.242948609 -9.301755368 -0.455067474 0.105169291 0.870387482 0.155816063
173395.597189312 229.807243132 -50.585787365 -9.404952017 -0.456683638 0.104614570 0.869470842 0.156576821
173395.630523261 230.749345805 -50.845223534 -9.478744504 -0.459541691 0.103643436 0.868138104 0.156255257
173395.663857211 232.113965249 -50.839184314 -9.587108712 -0.461636564 0.100641848 0.867470968 0.155746658
173395.697191160 233.067229807 -51.097120961 -9.661865180 -0.462942569 0.098938458 0.867134069 0.154834965
173395.730525109 234.228186160 -51.109216011 -9.739198282 -0.463307334 0.097109675 0.867809896 0.151069556
173395.763859058 235.076882081 -51.639905877 -9.817709195 -0.462889302 0.096558288 0.868167095 0.150651540
173395.797193008 236.024259025 -52.674872302 -9.962575317 -0.463229738 0.098974134 0.867738255 0.150507978
173395.830526957 236.990339895 -52.931344016 -10.037202632 -0.464907188 0.102102155 0.867215410 0.146198114
173395.863860906 237.958247779 -53.185462404 -10.111665398 -0.467874301 0.106468194 0.866080901 0.140221382
173395.897194855 238.929806296 -53.437438426 -10.186209823 -0.472993110 0.112796511 0.863596469 0.133250153
173395.930528804 239.904906684 -53.687020285 -10.260464743 -0.478712555 0.120471814 0.860445057 0.126313638
173395.963862754 240.883437445 -53.934241381 -10.334235380 -0.482829894 0.128528876 0.857811801 0.120476290
173395.997196703 241.865220998 -54.179016516 -10.407643183 -0.484872719 0.136269388 0.856168983 0.115341980
173396.030530652 242.850183880 -54.421570194 -10.480781019 -0.485179626 0.143095031 0.855499546 0.110657437
173396.063864601 243.838208406 -54.662127141 -10.553849871 -0.484965147 0.149615198 0.855101587 0.105949868
173396.097198550 244.829439017 -54.900838052 -10.626815229 -0.484244298 0.155334127 0.854908909 0.102515977
173396.130532500 245.823886115 -55.138024740 -10.699871600 -0.482981944 0.159593336 0.855110244 0.100224150
173396.163866449 246.821693653 -55.373775759 -10.773280361 -0.481755629 0.162701685 0.855345161 0.099117764
173396.197200398 247.822943810 -55.608359853 -10.847273058 -0.481570857 0.165374426 0.854970306 0.098826030
173396.230534347 248.827833863 -55.842107485 -10.921918446 -0.483173973 0.168321412 0.853396516 0.099625304
173396.263868297 249.836414192 -56.075346957 -10.997112268 -0.485314852 0.171410365 0.851231023 0.102438891
173396.297202246 250.848551845 -56.308319885 -11.072571319 -0.486984657 0.173821102 0.849210090 0.107118583
173396.330536195 251.864120218 -56.541285037 -11.148106555 -0.487358579 0.176269051 0.847705555 0.113164169
173396.363870144 252.883192321 -56.774479350 -11.223841475 -0.487269846 0.178415428 0.846343301 0.120162594
173396.397204093 253.952210258 -55.179514715 -11.216301286 -0.489056751 0.177138344 0.845315824 0.122010899
173396.430538043 254.978367237 -55.404782559 -11.292241895 -0.489262139 0.179867411 0.843504192 0.129502712
173396.463871992 255.175273161 -55.404754758 -11.202497204 -0.489411892 0.182920182 0.841561019 0.137081208
173396.497205941 256.203199532 -55.630966989 -11.277522605 -0.487814596 0.185734794 0.840241815 0.146741948
173396.530539890 257.234396923 -55.858851594 -11.352255091 -0.485137941 0.187812950 0.839136831 0.158798151
173396.563873840 258.268477810 -56.089136710 -11.426731383 -0.482646999 0.189005379 0.837706291 0.171979684
173396.597207789 259.305189831 -56.322235486 -11.501087243 -0.481460690 0.189377376 0.835485240 0.185192407
173396.630541738 260.344757394 -56.558458190 -11.575709809 -0.482567931 0.189461226 0.831956768 0.197688067
173396.663875687 261.386465712 -56.798257728 -11.650949432 -0.485139845 0.190183863 0.827826175 0.207781741
173396.697209636 262.430085696 -57.041788498 -11.726681661 -0.488069190 0.190793299 0.823728648 0.216465926
173396.730543586 263.475576867 -57.288777332 -11.802055879 -0.488324222 0.190340229 0.821634144 0.224114668
173396.763877535 264.522815362 -57.539250516 -11.876802197 -0.483079119 0.189790323 0.823234861 0.229996874
173396.797211484 265.571527400 -57.792913089 -11.951379231 -0.475813181 0.188920577 0.827016128 0.232282493
173396.830545433 266.622026126 -58.048960334 -12.026330084 -0.468036713 0.189418718 0.831437143 0.231893212
173396.863879382 267.673924368 -58.307130523 -12.101823667 -0.456688078 0.191275126 0.836733062 0.233939326
173396.897213332 268.727198371 -58.567030029 -12.178141157 -0.442295557 0.192933235 0.842589005 0.239155130
