# timestamp tx ty tz qx qy qz qw
173373.363445186 -0.002180882 -0.002673291 0.000506699 0.679025099 0.053817095 -0.732133654 0.002991427
173373.396779135 -0.002015152 -0.002539994 0.000851545 0.675822731 0.053206231 -0.735137479 0.002370571
173373.430113085 -0.002026444 -0.002120836 0.000463478 0.677521460 0.050945475 -0.733730722 0.002908013
173373.463447034 -0.002125421 -0.001442640 -0.000821817 0.688376071 0.047392935 -0.723802879 0.001298756
173373.496780983 -0.002159130 -0.001059153 -0.001836959 -0.704406182 -0.043563542 0.708456957 0.001699325
173373.530114932 -0.001864155 -0.000535860 -0.003049773 -0.726245685 -0.034227122 0.686572711 0.003690746
173373.563448882 -0.000751774 0.000007903 -0.003818959 -0.756091215 -0.022743103 0.653997597 0.009796377
173373.596782831 0.002798559 -0.000003556 -0.003119687 -0.794197200 -0.024016460 0.606924348 0.017800347
173373.630116780 0.011990798 -0.000968955 -0.000318044 -0.843606086 -0.035529757 0.534844537 0.031744746
173373.663450729 0.027971909 -0.003690522 0.006522119 -0.894632208 -0.064394649 0.439509419 0.048145726
173373.696784678 0.047246509 -0.009709319 0.020432333 -0.933547658 -0.093214540 0.340470153 0.062288801
173373.730118628 0.065307285 -0.020407274 0.041012418 -0.956465333 -0.100371727 0.264913775 0.070144669
173373.763452577 0.079208104 -0.035852326 0.065752225 -0.966946571 -0.074097778 0.232375042 0.074334967
173373.796786526 0.087334880 -0.054350091 0.091414094 -0.965720729 -0.016017899 0.247249272 0.077425437
173373.830120475 0.089049384 -0.073680122 0.116566556 -0.948862599 0.062329700 0.299698134 0.077173861
173373.863454424 0.085702213 -0.091977843 0.143922790 -0.914906075 0.142479411 0.369970814 0.075947930
173373.896788374 0.030739006 0.072276782 0.180988995 -0.874484200 0.212142045 0.431905057 0.061083209
173373.930122323 0.023785879 0.072980440 0.216645541 -0.834021942 0.240395855 0.492730592 0.061917665
173373.963456272 0.154201572 0.114794994 0.251887439 -0.802495337 0.233083246 0.545855792 0.060949897
173373.996790221 0.165284017 0.122811309 0.289221244 -0.793162172 0.188444478 0.574380980 0.073952264
173374.030124171 0.180894417 0.130843152 0.324812451 -0.796879039 0.121511843 0.584480705 0.092741443
173374.063458120 0.200200673 0.137179028 0.357240708 -0.805967336 0.045040544 0.578186833 0.118692835
173374.096792069 0.222421480 0.140247368 0.385031154 -0.812311029 -0.021634391 0.564514775 0.144933829
173374.130126018 0.246811948 0.139154151 0.406074189 -0.813052243 -0.059251268 0.556698487 0.159756476
173374.163459967 0.272919225 0.134325888 0.419225811 -0.808614894 -0.059507865 0.563311410 0.159000072
173374.196793917 0.300202236 0.126923927 0.424652495 -0.801763688 -0.030180642 0.580398115 0.139291583
173374.230127866 0.330001708 0.117976476 0.425297038 -0.794389031 0.009710504 0.596208045 0.115705402
173374.263461815 0.362954062 0.109184071 0.422458181 -0.795120527 0.041621116 0.597921415 0.092417594
173374.296795764 0.398212149 0.102180369 0.416645624 -0.803966110 0.057387379 0.587723114 0.070190624
173374.330129713 0.436018848 0.097216582 0.408639101 -0.817461613 0.063331527 0.570006045 0.053279807
173374.363463663 0.475081115 0.093764914 0.397883394 -0.830383025 0.070747883 0.551735915 0.032345774
173374.396797612 0.514193351 0.091329500 0.383922411 -0.835313064 0.095430620 0.541391226 0.006373475
173374.430131561 0.583968562 0.098635551 0.369661511 0.832826527 -0.137657482 -0.535671033 0.022515299
173374.463465510 0.638335695 0.101819435 0.346862186 0.827861012 -0.204913138 -0.519882467 0.048774689
173374.496799460 0.681505119 0.109750937 0.328538989 0.831932800 -0.243425499 -0.495118290 0.059073861
173374.530133409 0.719067257 0.122067709 0.317286008 0.851290180 -0.231427687 -0.467596844 0.055672681
173374.563467358 0.745232515 0.134575162 0.310423842 0.867038207 -0.187129979 -0.457256738 0.064369201
173374.596801307 0.765916477 0.147641269 0.302555415 0.870238962 -0.161524780 -0.458945614 0.077219283
173374.630135256 0.786903250 0.162061924 0.296600768 0.861708987 -0.168579544 -0.470479964 0.087676462
173374.663469206 0.808167476 0.181021100 0.291596179 0.847830603 -0.183475879 -0.486998870 0.101744634
173374.696803155 0.830587957 0.205786774 0.287381589 0.833037603 -0.198771945 -0.503873432 0.112470574
173374.730137104 0.858132388 0.229597125 0.282393727 0.815925465 -0.219724137 -0.521931340 0.116510150
173374.763471053 0.882020938 0.259739376 0.281550957 0.797333071 -0.238011261 -0.541507049 0.119919680
173374.796805002 0.897749201 0.287824246 0.284342279 0.784650012 -0.212794852 -0.566959465 0.132663764
173374.830138952 0.912283317 0.315525117 0.286227836 0.767292855 -0.202411737 -0.589996618 0.148980382
173374.863472901 0.926153083 0.344519478 0.288873484 0.752420600 -0.191896483 -0.609095943 0.161372588
173374.896806850 0.938015284 0.375027188 0.292006774 0.740101821 -0.180391192 -0.624729206 0.171527641
173374.930140799 0.947305063 0.407019997 0.296604491 0.725795878 -0.176146890 -0.639953603 0.180698654
173374.963474749 0.954050651 0.440407987 0.303640363 0.705744849 -0.183496550 -0.657786416 0.188600783
173374.996808698 0.959002077 0.476168848 0.313107936 0.678968205 -0.198991059 -0.680378274 0.191023924
173375.030142647 0.963740399 0.514196898 0.323563487 0.650649030 -0.218705385 -0.702478443 0.188010191
173375.063476596 0.967727388 0.553776909 0.334775259 0.623237922 -0.229880036 -0.725407410 0.180315696
173375.096810545 0.971841500 0.593816169 0.346663147 0.596921510 -0.237498575 -0.747478509 0.168982297
173375.130144495 0.975921344 0.633610322 0.358984780 0.571960779 -0.243430921 -0.767661962 0.155876127
173375.163478444 0.980252340 0.672741833 0.371670810 0.548861629 -0.242854131 -0.787018141 0.142741826
173375.196812393 0.985555706 0.709135320 0.382161065 0.540266463 -0.240754693 -0.794223248 0.139135758
173375.230146342 0.990205057 0.743146420 0.390230828 0.542049138 -0.234943660 -0.792969696 0.148940491
173375.263480291 0.993859679 0.776654757 0.397650139 0.542740592 -0.222385378 -0.793906997 0.160278115
173375.296814241 0.996745884 0.810797488 0.405078890 0.540302451 -0.201760607 -0.799895892 0.165929147
173375.330148190 0.999720339 0.845451464 0.411453493 0.541166829 -0.179728730 -0.805087245 0.163311283
173375.363482139 1.440593983 0.881811329 0.423106328 0.517998716 -0.150979998 -0.828554772 0.149597331
173375.396816088 1.464633165 0.916892084 0.429685776 0.520090647 -0.127393504 -0.834764059 0.128240324
173375.430150038 1.490328228 0.954834410 0.437643050 0.517928958 -0.102855711 -0.843811823 0.095665589
173375.463483987 1.440036066 1.194542990 0.410704047 0.515843509 -0.089419496 -0.849236277 0.068610302
173375.496817936 1.465700214 1.238321490 0.420433812 0.514567023 -0.072735943 -0.853049244 0.047299571
173375.530151885 1.497311581 1.285372139 0.432648970 0.518925508 -0.066834474 -0.851339252 0.038352940
173375.563485834 1.532724081 1.332329451 0.445336592 0.533073234 -0.064639743 -0.842826028 0.036040490
173375.596819784 1.560575342 1.377440961 0.450423748 0.552498861 -0.059037706 -0.830688335 0.034877608
173375.630153733 1.600814564 1.422718807 0.465436627 0.570471314 -0.061026028 -0.818298171 0.035020086
173375.663487682 1.647649733 1.472313325 0.484843148 0.585215378 -0.066898572 -0.807097399 0.040513335
173375.696821631 1.697392280 1.524226139 0.507054035 0.594051889 -0.071818117 -0.799947197 0.045044337
173375.730155580 1.748860604 1.579350769 0.531665525 0.594478940 -0.074204257 -0.799293233 0.047104619
173375.763489530 1.796611831 1.652451384 0.567021955 0.587438981 -0.077726251 -0.804006468 0.049473963
173375.796823479 1.859867517 1.722476781 0.596625883 0.572434720 -0.081118583 -0.814414154 0.049677492
173375.830157428 1.923314507 1.771962617 0.603346867 0.553814144 -0.085300841 -0.826882659 0.047736036
173375.863491377 1.981375135 1.834160175 0.624839341 0.537290567 -0.085933089 -0.837462619 0.050899040
173375.896825327 2.043799286 1.900184153 0.644429486 0.522230730 -0.085658308 -0.846623883 0.056264731
173375.930159276 2.108391039 1.967873595 0.661102802 0.509849742 -0.085798739 -0.853781721 0.061225727
173375.963493225 2.174459512 2.037359316 0.676267159 0.495758986 -0.083646638 -0.862237924 0.061416866
173375.996827174 2.241504564 2.109319537 0.690529984 0.477685325 -0.080463658 -0.872962710 0.057257631
173376.030161123 2.309564555 2.183594398 0.702419151 0.460159676 -0.077116430 -0.882982868 0.051452729
173376.063495073 2.378347355 2.259472563 0.710825508 0.448156553 -0.073588406 -0.889701594 0.046599614
173376.096829022 2.447246815 2.336639789 0.716552294 0.441917590 -0.073944580 -0.892873426 0.044923142
173376.130162971 2.515763621 2.415359765 0.721597832 0.433673079 -0.075805229 -0.896902005 0.041809338
173376.163496920 2.584082757 2.494740572 0.726383552 0.423357716 -0.075892927 -0.901983594 0.037869572
173376.196830869 2.652208477 2.573713182 0.730644138 0.412990014 -0.074546103 -0.906938530 0.036669192
173376.230164819 2.719646440 2.650852585 0.733597822 0.406095573 -0.069728100 -0.910152128 0.042982332
173376.263498768 2.786397386 2.725710423 0.734109650 0.409816728 -0.059416885 -0.908577592 0.054832859
173376.296832717 2.852679062 2.798873428 0.732467495 0.420835970 -0.046482006 -0.903379495 0.068132202
173376.330166666 2.918496316 2.871102311 0.729934632 0.432456182 -0.033172036 -0.897688678 0.077693651
173376.363500616 2.983974423 2.943215319 0.727341223 0.440735246 -0.021550465 -0.893508500 0.083250107
173376.396834565 3.049157691 3.015601473 0.724845930 0.446047520 -0.012237767 -0.890881598 0.084981326
173376.430168514 3.113986765 3.087645952 0.721504917 0.453038158 -0.002365333 -0.887702311 0.082069728
173376.463502463 3.178196008 3.160601379 0.718041106 0.459517700 0.004182208 -0.884881604 0.076226897
173376.496836412 3.241286018 3.235307672 0.716050777 0.461753650 0.006624717 -0.884418775 0.067402598
173376.530170362 3.303441240 3.310818623 0.714276023 0.464312940 0.010116921 -0.883727824 0.057760497
173376.563504311 3.364302482 3.387569795 0.711578711 0.470686350 0.011785556 -0.880847837 0.049219395
173376.596838260 3.591076307 3.398897562 0.802528322 0.492959416 -0.019508153 -0.869645008 0.018110936
173376.630172209 3.652760462 3.490522429 0.801089003 0.503009425 -0.024082258 -0.863753777 0.018192719
173376.663506158 3.707423929 3.575163134 0.801237132 0.505976416 -0.026407473 -0.861939570 0.018726718
173376.696840108 3.807294769 3.631329130 0.853022750 0.509095569 -0.039202433 -0.859804058 0.004674683
173376.730174057 3.862501883 3.723032203 0.854021242 -0.505665795 0.041156377 0.861739754 0.003584954
173376.763508006 3.901578077 3.804258733 0.866669044 -0.501941191 0.041494250 0.863797855 0.013657689
173376.796841955 3.885284152 3.953069773 0.845774649 -0.496528031 0.030285260 0.867470508 0.006134787
173376.830175905 3.891050765 4.059408328 0.831058848 -0.495606497 0.026305165 0.868143995 0.002870904
173376.863509854 3.951946846 4.153316412 0.827235200 -0.493838694 0.030086551 0.868988131 0.008818870
173376.896843803 4.018701870 4.251928438 0.821877574 -0.491866871 0.035241582 0.869773052 0.017884348
173376.930177752 4.090071807 4.352274852 0.814206815 -0.492883462 0.042617858 0.868608929 0.027715349
173376.963511701 4.166309075 4.453784019 0.804275131 -0.497894468 0.053055071 0.864881302 0.035589202
173376.996845651 4.247422495 4.556333049 0.793278005 -0.503429657 0.065255892 0.860527837 0.042333080
173377.030179600 4.333501932 4.659679594 0.782099760 -0.507318270 0.076471448 0.857026219 0.047815793
173377.063513549 4.424963898 4.763876686 0.770834882 -0.511037041 0.085744637 0.853743764 0.051093888
173377.096847498 4.521944647 4.868560922 0.759499452 -0.514674345 0.093459265 0.850627840 0.052990210
173377.130181447 4.624795015 4.972894267 0.747956067 -0.518800562 0.098532408 0.847674104 0.050852283
173377.163515397 4.733820991 5.076961292 0.735844545 -0.522816242 0.099657393 0.845310806 0.046703556
173377.196849346 4.848700000 5.181352746 0.721872597 -0.527866774 0.096917150 0.842673959 0.043177936
173377.230183295 4.968886956 5.286339747 0.704988047 -0.535712979 0.095785399 0.837991475 0.040088012
173377.263517244 5.093148896 5.392667694 0.685975055 -0.542781092 0.101045579 0.832891477 0.038344023
173377.296851194 5.219137165 5.506452822 0.673113293 -0.544426186 0.110278909 0.830757104 0.035795576
173377.330185143 5.345821674 5.619058748 0.653211386 -0.543201118 0.119036244 0.830346210 0.035889971
173377.363519092 5.470377760 5.732887094 0.633529519 -0.544275956 0.127776765 0.828245990 0.038017929
173377.396853041 5.594648822 5.849247733 0.614555363 -0.547035654 0.135773020 0.824970781 0.041723977
173377.430186990 5.718112171 5.967865157 0.596932034 -0.549450229 0.138935136 0.822713360 0.044093102
173377.463520940 5.840940882 6.088820086 0.580685798 -0.550646601 0.138143077 0.821965691 0.045576473
173377.496854889 5.963395258 6.211362513 0.565251262 -0.551739217 0.136978994 0.821478211 0.044655808
173377.530188838 6.084701422 6.334967862 0.550881033 -0.551788812 0.135876890 0.821830953 0.040748768
173377.563522787 6.204603446 6.460134888 0.537810320 -0.548754616 0.134372330 0.824320868 0.036160129
173377.596856736 6.322883191 6.586986644 0.525847832 -0.543897423 0.134086948 0.827767326 0.031583827
173377.630190686 6.439833608 6.715260522 0.514854888 -0.538386011 0.135474953 0.831279332 0.027599144
173377.663524635 6.556222890 6.845326099 0.504482001 -0.532809227 0.137018765 0.834784759 0.021785122
173377.696858584 6.672304140 6.977347072 0.494404756 -0.527082213 0.136755275 0.838645862 0.012468105
173377.730192533 6.788397312 7.112042677 0.484779877 -0.521152477 0.132878859 0.843053543 0.002006904
173377.763526483 6.904950526 7.249933647 0.475262659 0.516498128 -0.125719600 -0.846994410 0.004973435
173377.796860432 7.022120662 7.391242193 0.465167711 0.515357430 -0.117749277 -0.848811754 0.007773909
173377.830194381 7.139968979 7.536351893 0.454585751 0.516316064 -0.110987590 -0.849146117 0.007095783
173377.863528330 7.258396936 7.685026421 0.443752098 0.517242166 -0.106307238 -0.849197621 0.004765884
173377.896862279 7.377401181 7.837517723 0.433113752 0.516079847 -0.103886042 -0.850215641 0.001626585
173377.930196229 7.563593214 7.996677662 0.443928304 0.508600941 -0.091713405 -0.856101121 0.002145664
173377.963530178 7.692981881 8.160140255 0.433904761 -0.503411072 0.090617842 0.859250933 0.007316608
173377.996864127 7.821583506 8.324370590 0.423817920 -0.498547285 0.092132297 0.861768123 0.017831035
173378.030198076 7.952797211 8.493010174 0.413062386 -0.494731691 0.095434000 0.863262646 0.030174641
173378.063532025 8.087352270 8.666302689 0.401352795 -0.492094576 0.101860098 0.863471526 0.043409367
173378.096865975 8.115185614 8.799112914 0.386859077 -0.492195015 0.112096652 0.861093779 0.060794010
173378.130199924 8.251707338 8.977302367 0.374187799 -0.487920136 0.123490266 0.860269651 0.081364747
173378.163533873 8.076102363 9.013710685 0.440710739 -0.491040237 0.127440006 0.855532762 0.103451554
173378.196867822 8.215697539 9.195763028 0.426931326 -0.487409269 0.142272640 0.851348150 0.131897794
173378.230201772 7.805655266 9.018189917 0.824941738 -0.490454122 0.137838164 0.845763176 0.158556128
173378.263535721 7.849933556 9.172219205 0.836850076 -0.486455588 0.147979996 0.841522532 0.182490301
173378.296869670 8.060777234 9.382261988 0.798131381 -0.482588068 0.169790715 0.833330397 0.209380798
173378.330203619 8.204808024 9.556571326 0.782279147 -0.482366293 0.192934451 0.821488469 0.235065422
173378.363537568 8.354602889 9.731821109 0.764049446 -0.482378024 0.218760580 0.806869394 0.261566496
173378.396871518 8.508440779 9.905977685 0.744036285 -0.480819575 0.246710067 0.790726067 0.287574278
173378.430205467 8.665328921 10.078526944 0.722842700 -0.477467674 0.275480941 0.773803493 0.312030488
173378.463539416 8.855007828 10.249177038 0.721340365 -0.472964064 0.303690632 0.755991912 0.335489529
173378.496873365 9.016908995 10.418871212 0.699173432 -0.469917521 0.327085688 0.737919411 0.357305778
173378.530207314 9.178559166 10.586187455 0.677303116 -0.468839804 0.346321559 0.719820224 0.376974085
173378.563541264 9.339280860 10.751965487 0.656296392 -0.469853011 0.360137351 0.702710082 0.394636260
173378.596875213 9.497727131 10.916377647 0.636625760 -0.473718254 0.366733282 0.687454614 0.410492228
173378.630209162 9.652467225 11.079560703 0.617886478 -0.481393371 0.369066140 0.674362102 0.421053872
173378.663543111 9.802407626 11.241494831 0.599537593 -0.493231824 0.370763647 0.663896975 0.422489636
173378.696877061 9.946954995 11.402487116 0.581313535 -0.508543332 0.371895722 0.657323506 0.413525161
173378.730211010 10.086892467 11.563233084 0.563447800 -0.526256751 0.368359746 0.653137980 0.400968463
173378.763544959 10.223364693 11.724148922 0.546503173 -0.544578359 0.353808327 0.651228434 0.392626547
173378.796878908 10.356343013 11.885415001 0.530699121 -0.560420841 0.325352481 0.654829354 0.388937993
173378.830212857 10.486092142 12.046029358 0.515190709 -0.574586724 0.286456793 0.662442099 0.385957339
173378.863546807 10.613697611 12.204525193 0.499225677 -0.588141369 0.243644724 0.673153480 0.376286289
173378.896880756 10.740527548 12.359848286 0.482382807 -0.601714201 0.202502292 0.685734529 0.355950837
173378.930214705 10.867553753 12.512235029 0.464725732 -0.613847858 0.163836055 0.699430110 0.327331753
173378.963548654 10.993386120 12.654873394 0.441759123 -0.623199640 0.129951530 0.712640771 0.294750640
173378.996882603 11.125714248 12.803740249 0.424944036 -0.627379831 0.099210404 0.726657246 0.261765334
173379.030216553 11.261522734 12.951366129 0.409441379 -0.626907338 0.069877424 0.742153326 0.226523233
173379.063550502 11.402747084 13.098731429 0.395357432 -0.625207323 0.042361968 0.756503298 0.187147075
173379.096884451 11.549593610 13.246989449 0.383253152 -0.622290727 0.018072851 0.768960377 0.145353231
173379.130218400 11.701531757 13.397694825 0.373470621 -0.615894712 -0.003511917 0.780693161 0.105733430
173379.163552350 11.858325820 13.551702110 0.365782842 -0.605564397 -0.023804580 0.792339750 0.070162836
173379.196886299 12.019148101 13.709138093 0.359860908 -0.591976542 -0.042069247 0.804023290 0.036612866
173379.230220248 12.183436695 13.870528460 0.354168632 -0.578911891 -0.058282556 0.813286730 0.005372238
173379.263554197 12.350448129 14.036913443 0.348493719 0.569094695 0.068586140 -0.819135257 0.021085544
173379.296888146 12.519889078 14.207393457 0.343443879 0.560987537 0.078479021 -0.823114306 0.040210275
173379.330222096 12.691480176 14.381373698 0.338291786 0.553268666 0.087748324 -0.826676388 0.052916570
173379.363556045 12.865129062 14.558744858 0.332616884 0.543518693 0.097712423 -0.831372939 0.062118826
173379.396889994 13.040324841 14.738799469 0.325990237 0.532345355 0.107656031 -0.836603870 0.071502211
173379.430223943 13.216661573 14.921771151 0.317970841 0.522179447 0.119172087 -0.840294222 0.083858567
173379.463557892 13.394664456 15.108516067 0.307718419 0.516456731 0.129780177 -0.841029299 0.095390088
173379.496891842 13.574025169 15.299834872 0.295107200 0.515509115 0.137668433 -0.839308946 0.104202915
173379.530225791 13.754267888 15.496300706 0.281513040 0.512893441 0.142031497 -0.839729111 0.107807199
173379.563559740 13.939176326 15.697322623 0.268540222 0.507716949 0.141079167 -0.843198172 0.106475401
173379.596893689 14.120604906 15.905025204 0.253088740 0.502296676 0.135942124 -0.848023003 0.100373173
173379.630227639 14.302962325 16.117950328 0.236262948 0.498206701 0.125916763 -0.853019745 0.091062433
173379.663561588 14.486532948 16.335428661 0.218316531 0.496163958 0.113580242 -0.856936188 0.081124751
173379.696895537 14.671993934 16.556902730 0.199882928 0.494508674 0.099924559 -0.860585672 0.069775036
173379.730229486 14.859721220 16.781604395 0.181272647 0.492862629 0.086658358 -0.863931858 0.056555311
173379.763563435 15.050259990 17.009054509 0.161813150 0.495105194 0.072323674 -0.864836361 0.041209246
173379.796897385 15.278976324 17.200994751 0.133814847 0.499196518 0.056358459 -0.864342033 0.023225198
173379.830231334 15.475654489 17.431400990 0.113742970 0.502800835 0.043089020 -0.863297294 0.007241488
173379.863565283 15.674753667 17.662222700 0.093433090 -0.505619425 -0.030489197 0.862185638 0.007438545
173379.896899232 15.876049877 17.892557054 0.072766040 -0.507476438 -0.018322760 0.861262016 0.018965277
173379.930233181 16.079594259 18.121658886 0.051878994 -0.508411840 -0.007387651 0.860654346 0.027146258
173379.963567131 16.285380955 18.349429618 0.031025412 -0.509299497 0.000126218 0.859933134 0.033600768
173379.996901080 16.493459524 18.576055291 0.009983620 -0.511746749 0.004810573 0.858250303 0.038711003
173380.030235029 16.872244555 18.596967814 -0.058078776 -0.514845354 0.012098911 0.855712272 0.050441903
173380.063568978 17.087320167 18.817697742 -0.080134492 -0.520037297 0.014331697 0.852261360 0.054830527
173380.096902928 17.305103900 19.038961620 -0.102232255 -0.524261591 0.016867333 0.849408268 0.058059211
173380.130236877 17.524158394 19.259831397 -0.124350868 -0.527581882 0.020254581 0.847220430 0.058861298
173380.163570826 17.609664842 19.535708394 -0.150486896 -0.530849296 0.021019417 0.845484572 0.053972650
173380.196904775 17.828305182 19.756613130 -0.171990900 -0.533104261 0.023710725 0.844243806 0.049900353
173380.230238724 18.048229458 19.977974046 -0.193205601 -0.535510220 0.025297202 0.843014274 0.043769730
173380.263572674 18.269332158 20.199530912 -0.213937389 -0.537535856 0.026190741 0.842075495 0.035750664
173380.296906623 18.491809947 20.421451480 -0.233893382 -0.538634555 0.026294528 0.841705324 0.026712563
173380.330240572 18.707159445 20.631757263 -0.259298642 -0.537893426 0.025864746 0.842411913 0.018543089
173380.363574521 18.933357232 20.854720943 -0.277345914 -0.536804870 0.025988522 0.843226751 0.011566067
173380.396908470 19.161522763 21.078575777 -0.294731110 -0.536389132 0.027182511 0.843511426 0.006023657
173380.430242420 19.391470060 21.303438651 -0.311424607 -0.536041197 0.027987945 0.843727374 0.000792908
173380.463576369 19.623158427 21.529390202 -0.327526067 0.534710837 -0.027932283 -0.844561347 0.004498782
173380.496910318 19.856680437 21.756554770 -0.343432697 0.532168483 -0.028080482 -0.846112413 0.010098328
173380.530244267 20.092306559 21.985096219 -0.359912678 0.529472467 -0.030086814 -0.847646802 0.015766714
173380.563578217 20.330033362 22.215221334 -0.377283571 0.526402239 -0.034267563 -0.849284491 0.021030239
173380.596912166 20.569768983 22.446953029 -0.395488454 0.522534774 -0.039193884 -0.851321441 0.025943291
173380.630246115 20.811430320 22.680506560 -0.414575386 0.518220890 -0.043772981 -0.853561745 0.031038402
173380.663580064 21.055030803 22.916100688 -0.434890628 0.514956438 -0.047728380 -0.855085005 0.037033805
173380.696914013 21.300627152 23.153931843 -0.456346910 0.512709570 -0.050708346 -0.855963830 0.043399106
173380.730247963 21.561010386 23.383929330 -0.481351554 0.510215152 -0.051691496 -0.857129224 0.048352671
173380.763581912 21.775228163 23.634685626 -0.509025334 0.509282209 -0.048886466 -0.857668056 0.051451428
173380.796915861 22.027457738 23.880133458 -0.533554251 0.511408524 -0.046161999 -0.856539742 0.051672645
173380.830249810 22.281080841 24.128557004 -0.559362483 0.515304605 -0.043204267 -0.854421717 0.050577517
173380.863583759 22.535781494 24.380532706 -0.586198547 0.519453440 -0.039309481 -0.852202741 0.048717313
173380.896917709 22.791282711 24.636538372 -0.614287881 0.524467101 -0.035004589 -0.849453264 0.046239492
173380.930251658 23.047574449 24.896971779 -0.643781530 0.530573049 -0.031851772 -0.845939590 0.043173078
173380.963585607 23.304551770 25.162148724 -0.674535032 0.537602145 -0.029221927 -0.841767782 0.039459008
173380.996919556 23.562031743 25.432425215 -0.706105283 0.543912820 -0.027834852 -0.837968482 0.034538205
173381.030253506 23.820082786 25.707649708 -0.738218420 0.548942168 -0.026925798 -0.834923147 0.028997177
173381.063587455 24.079297544 25.987008150 -0.770883860 0.554288242 -0.026190555 -0.831546578 0.024675657
173381.096921404 24.340237461 26.269937388 -0.803390702 0.558775652 -0.024647509 -0.828672519 0.021543598
173381.130255353 24.474325323 26.613024634 -0.826735762 0.561732246 -0.019688706 -0.826815706 0.021095657
173381.163589302 24.738390641 26.901606604 -0.857085047 0.561702903 -0.016348065 -0.827014750 0.016407111
173381.196923252 25.005944550 27.191762763 -0.886935838 0.561483660 -0.013988506 -0.827323128 0.008767107
173381.230257201 25.216458711 27.505136516 -0.913133409 0.562457640 -0.012106557 -0.826735675 0.001719995
173381.263591150 25.489828930 27.797129406 -0.942355130 -0.561702838 0.011370151 0.827239910 0.005896858
173381.296925099 25.635198787 28.144988559 -0.964656121 -0.560761426 0.008211411 0.827876347 0.009997512
173381.330259049 25.619500163 28.634774143 -0.872621817 -0.562076825 0.005726174 0.827016495 0.008976125
173381.363592998 25.718849398 29.032319188 -0.871315478 -0.561107351 0.004077658 0.827693903 0.008044621
173381.396926947 25.991477701 29.329695812 -0.899701262 -0.559651301 0.003964444 0.828677253 0.008289417
173381.430260896 26.266302543 29.627485226 -0.928778937 -0.558687033 0.003935301 0.829333285 0.007721099
173381.463594845 26.543431380 29.926222202 -0.958883685 -0.559086488 0.004299016 0.829076797 0.005956712
173381.496928795 26.822653217 30.225985019 -0.989830845 -0.559783185 0.005146076 0.828616215 0.003387130
173381.530262744 27.103501369 30.526935577 -1.021151460 0.558695971 -0.005906707 -0.829349899 0.001633078
173381.563596693 27.385964005 30.829361562 -1.052595716 0.554610373 -0.006832672 -0.832031693 0.009160306
173381.596930642 27.670329042 31.133424885 -1.084593412 0.549720141 -0.008719108 -0.835118750 0.017561800
173381.630264591 27.956617901 31.439325207 -1.117267062 0.545169424 -0.011989971 -0.837837115 0.025990536
173381.663598541 28.244796416 31.747068880 -1.150252329 0.539783007 -0.014899983 -0.840983237 0.034051314
173381.696932490 28.534974344 32.056403041 -1.184030992 0.535812288 -0.016494894 -0.843080988 0.042983225
173381.730266439 28.827325592 32.367321512 -1.218710933 0.533563796 -0.017512102 -0.843957190 0.052337974
173381.763600388 29.121884907 32.679811973 -1.254087191 0.532150587 -0.017907237 -0.844253769 0.061079106
173381.796934338 29.418611606 32.993958092 -1.289888903 0.530738353 -0.017316827 -0.844618192 0.068095801
173381.830268287 29.717297691 33.309939102 -1.325979156 0.528603295 -0.015883420 -0.845564845 0.073118845
173381.863602236 30.017706347 33.627889168 -1.362620292 0.526919199 -0.014338479 -0.846278062 0.077226991
173381.896936185 30.319632051 33.947909404 -1.399775711 0.526154846 -0.012517121 -0.846450768 0.080780547
173381.930270134 30.622814618 34.270054608 -1.437163287 0.525594586 -0.009585284 -0.846465179 0.084588151
173381.963604084 30.927224372 34.594365588 -1.474690838 0.525482062 -0.005709867 -0.846152111 0.088671326
173381.996938033 31.232953163 34.920809429 -1.512345426 0.526500662 -0.001483735 -0.845060624 0.093098835
173382.030271982 31.540038085 35.249414191 -1.549763225 0.527861948 0.004084580 -0.843702575 0.097524590
173382.063605931 31.848615674 35.580129379 -1.586788310 0.528814189 0.010693554 -0.842659288 0.100829193
173382.096939880 32.158660240 35.912771298 -1.623544392 0.529164790 0.018056609 -0.841976871 0.103602766
173382.130273830 32.470322996 36.247298694 -1.660368722 0.529291840 0.025107284 -0.841353817 0.106505990
173382.163607779 32.783691915 36.583749573 -1.697430854 0.529419552 0.031573476 -0.840662680 0.109564192
173382.196941728 33.098843746 36.922160340 -1.734759937 0.529162366 0.037777117 -0.840203396 0.112331353
173382.230275677 33.415953376 37.262661424 -1.772587453 0.529068672 0.043198102 -0.839733175 0.114317361
173382.263609627 33.735080508 37.605339980 -1.811132748 0.530082134 0.047517394 -0.838682245 0.115616264
173382.296943576 34.056246572 37.950223993 -1.850361397 0.531932330 0.051051870 -0.837197953 0.116367050
173382.330277525 34.379412435 38.297283681 -1.890204968 0.534453775 0.054153910 -0.835319231 0.116911502
173382.363611474 34.704516712 38.646478941 -1.930542894 0.537195623 0.056600295 -0.833266574 0.117830752
173382.396945423 35.031705968 38.997803531 -1.971304135 0.539940677 0.057741707 -0.831195560 0.119347817
173382.430279373 35.361068477 39.351404274 -2.012384298 0.542744979 0.057454177 -0.829191210 0.120701457
173382.463613322 35.692629595 39.707592956 -2.053847766 0.545563743 0.054975640 -0.827644212 0.119762010
173382.496947271 36.026064343 40.066654676 -2.095908636 0.548405409 0.048942668 -0.826671887 0.116059094
173382.530281220 36.360918286 40.428868213 -2.138782792 0.551310224 0.037433320 -0.825986832 0.111362184
173382.563615169 36.696608903 40.794318774 -2.181626879 0.550750316 0.021212348 -0.827480085 0.107241946
173382.596949119 37.032934073 41.163071525 -2.223448319 0.543924397 0.002163932 -0.832642167 0.104156563
173382.630283068 37.370455890 41.535442627 -2.263896335 0.532418716 -0.018545176 -0.840298427 0.100423806
173382.663617017 37.710228861 41.911294102 -2.302933219 0.519659931 -0.039929214 -0.848174042 0.094657321
173382.696950966 38.129305396 42.278096447 -2.350517092 0.507443816 -0.059654699 -0.855307725 0.085969680
173382.730284916 38.477637655 42.659548123 -2.385872488 0.494977220 -0.074812835 -0.862614838 0.072775217
173382.763618865 38.830310100 43.042696151 -2.419213519 0.481267054 -0.085461093 -0.870699183 0.054418358
173382.796952814 39.187031801 43.426370887 -2.450784556 0.468004194 -0.092186037 -0.878393959 0.029964332
173382.830286763 39.543428364 43.808034154 -2.479136869 0.451093312 -0.089652151 -0.887863832 0.013233747
173382.863620712 39.901286139 44.188639904 -2.507570087 0.432084584 -0.089128915 -0.897403544 0.005082138
173382.896954662 40.263085403 44.570773096 -2.537764879 -0.414942952 0.095514980 0.904819288 0.001136291
173382.930288611 40.630468152 44.956012097 -2.567473393 -0.390588982 0.104457863 0.914491235 0.015316115
173382.963622560 41.003072484 45.343886788 -2.596959820 -0.358461950 0.112786921 0.926014580 0.035793001
173382.996956509 41.377802135 45.732980698 -2.626982101 -0.329134081 0.117538989 0.935520626 0.051541250
173383.030290458 41.753001961 46.122753127 -2.656780455 -0.305319421 0.118042037 0.942958735 0.060621382
173383.063624408 42.129272587 46.514093875 -2.688006623 -0.284186503 0.117881226 0.949364443 0.063633340
173383.096958357 42.506312300 46.907468849 -2.721302627 -0.268528998 0.115988482 0.953916506 0.066948850
173383.130292306 42.883562649 47.303205428 -2.757135342 -0.258922228 0.109902082 0.957060592 0.070113018
173383.163626255 43.259974170 47.700740216 -2.797127296 -0.260330493 0.101406095 0.957627661 0.069957849
173383.196960205 43.634784891 48.099945557 -2.842013964 -0.275378530 0.093779296 0.954525787 0.065212193
173383.230294154 44.008787844 48.501174507 -2.891429512 -0.297666352 0.086403868 0.948931510 0.058805650
173383.263628103 44.383549850 48.904827863 -2.945470861 -0.323756798 0.081182116 0.941113276 0.053821948
173383.296962052 44.759533764 49.310797694 -3.003500566 -0.351836577 0.076430135 0.931577094 0.050334640
173383.330296001 45.135742824 49.718719817 -3.064352560 -0.377599075 0.069877531 0.922249680 0.044627312
173383.363629951 45.513281857 50.128996044 -3.128802027 -0.403341749 0.063665097 0.911986732 0.039273261
173383.396963900 45.893354485 50.542150639 -3.197768078 -0.432890604 0.063720267 0.898516713 0.034830568
173383.430297849 46.276153218 50.958180175 -3.271331966 -0.470028427 0.071014828 0.879279843 0.029952124
173383.463631798 46.781395417 51.455870232 -3.345755771 -0.517834115 0.084242303 0.850981304 0.024122283
173383.496965747 47.174604785 51.880257853 -3.428303321 -0.574232992 0.100872561 0.812226331 0.019224583
173383.530299697 47.571032073 52.305552468 -3.512698090 -0.632866601 0.115499277 0.765402607 0.017280960
173383.563633646 47.972151788 52.734081986 -3.596883912 -0.687169231 0.121167323 0.716049928 0.019733950
173383.596967595 48.430208348 53.175444539 -3.687255716 -0.730478526 0.118280290 0.672055663 0.027424115
173383.630301544 48.838449262 53.612098450 -3.765173653 -0.759221019 0.107733352 0.640916635 0.034681912
173383.663635494 49.247558428 54.052979503 -3.840044028 -0.777169129 0.094122332 0.620725877 0.042994388
173383.696969443 49.659614108 54.498609007 -3.913211517 -0.791185577 0.082717965 0.603623239 0.053123498
173383.730303392 50.074648122 54.949400096 -3.984693197 -0.802853742 0.074764480 0.587976126 0.064188907
173383.763637341 50.492572157 55.404395070 -4.054234450 -0.812902151 0.080271072 0.572251407 0.072629020
173383.796971290 50.912249222 55.862602824 -4.119089729 -0.814839078 0.090071550 0.567602011 0.075844249
173383.830305240 54.695127158 55.434927482 -4.618711838 -0.797720480 0.131239998 0.581558610 0.090596258
173383.863639189 55.153753782 55.896325251 -4.682132372 -0.776556470 0.145190612 0.605755398 0.094552273
173383.896973138 55.613452709 56.360746346 -4.741806745 -0.747607503 0.161509032 0.636478128 0.099465806
173383.930307087 56.076091304 56.828360582 -4.798119811 -0.714216762 0.182465135 0.667950929 0.102188301
173383.963641036 56.542582253 57.298277897 -4.850884063 -0.679336111 0.201621538 0.698645599 0.098719453
173383.996974986 57.012932924 57.770249411 -4.899611071 -0.643148759 0.218001798 0.728375145 0.091129241
173384.030308935 57.487310788 58.244238049 -4.944349531 -0.602793777 0.231075056 0.759186360 0.082946077
173384.063642884 57.965853106 58.719364773 -4.985905685 -0.557950901 0.237918695 0.791530119 0.074602666
173384.096976833 58.448361415 59.195079988 -5.025302561 -0.509509533 0.232723828 0.825609707 0.067884228
173384.130310783 58.934523731 59.670615353 -5.064246644 -0.458451443 0.219814235 0.858959277 0.060769544
173384.163644732 59.424482924 60.145623897 -5.104106981 -0.405784744 0.204569522 0.889067244 0.055222159
173384.196978681 59.917774166 60.619561799 -5.146121516 -0.352868707 0.188695651 0.915007283 0.051374116
173384.230312630 60.413693851 61.092526524 -5.191373319 -0.301111253 0.175662245 0.936093637 0.046941368
173384.263646579 60.911290373 61.565171987 -5.240345546 -0.253624216 0.165315828 0.952189092 0.041004474
173384.296980529 61.409845114 62.037224409 -5.293028858 -0.211421601 0.151318071 0.965036669 0.033286276
173384.330314478 61.909224875 62.509020537 -5.349985698 -0.174442484 0.132421102 0.975311454 0.028320284
173384.363648427 62.408893963 62.981072760 -5.411663102 -0.148136747 0.113783476 0.982199657 0.019815614
173384.396982376 60.791122264 64.264883817 -5.167684444 0.138075569 -0.097109398 -0.985560916 0.013212977
173384.430316325 61.270208328 64.745359996 -5.230945288 0.128308559 -0.086400542 -0.987576271 0.027658067
173384.463650275 61.751293723 65.228587109 -5.296780337 0.122373950 -0.075631296 -0.988823792 0.039141179
173384.496984224 62.233868442 65.713251535 -5.366651289 0.123984944 -0.066901243 -0.988592167 0.053268041
173384.530318173 62.717847012 66.199903823 -5.438953274 0.129179857 -0.059660373 -0.987522042 0.067479039
173384.563652122 63.202379178 66.688284492 -5.514355224 0.139467853 -0.056070054 -0.985194779 0.082438548
173384.596986072 63.686841024 67.178703443 -5.594038370 0.162113743 -0.053730696 -0.980561680 0.096596782
173384.630320021 64.171198181 67.671134697 -5.678626408 0.200577011 -0.047967295 -0.972460108 0.108578727
173384.663653970 64.656755447 68.165818695 -5.768405423 0.252074778 -0.040808082 -0.959426243 0.119558738
173384.696987919 65.144742440 68.663463876 -5.863226500 0.310885210 -0.032908059 -0.941177001 0.128270412
173384.730321868 65.635684611 69.163838810 -5.962108104 0.374834943 -0.019434293 -0.916972452 0.135213151
173384.763655818 66.129966669 69.666262408 -6.063334578 0.438758381 -0.000459673 -0.886721410 0.145657174
173384.796989767 66.628921526 70.171033756 -6.165670275 0.496306069 0.018499422 -0.853062778 0.160068592
173384.830323716 68.512556497 70.276570287 -6.488500030 0.544804208 0.032769358 -0.821443528 0.165363460
173384.863657665 69.033036106 70.785564773 -6.590011620 0.583078525 0.052561169 -0.791255952 0.176552473
173384.896991614 69.514879033 71.338106849 -6.681908504 0.609687704 0.069628624 -0.766808328 0.188249158
173384.930325564 70.462694709 71.735839591 -6.851228039 0.627095538 0.078334180 -0.750067271 0.194971873
173384.963659513 70.997109364 72.259273662 -6.942913428 0.634428595 0.079696081 -0.742811145 0.198445195
173384.996993462 71.533610229 72.788769704 -7.031041139 0.631423858 0.073234982 -0.746218890 0.197731931
173385.030327411 72.071699003 73.324136152 -7.116606828 0.619758731 0.060496025 -0.758284994 0.192985010
173385.063661361 73.009679053 73.829363472 -7.287482846 0.601830809 0.042408307 -0.776346592 0.182447751
173385.096995310 73.557258542 74.378019108 -7.373458186 0.583436283 0.022188570 -0.794155570 0.168602200
173385.130329259 74.108463700 74.933042143 -7.460828496 0.566329048 -0.001506363 -0.810225189 0.151010869
173385.163663208 74.663858249 75.493806123 -7.550595141 0.552301455 -0.028468610 -0.822616633 0.132115543
173385.196997157 75.223529905 76.060170952 -7.642912406 0.541620440 -0.058109090 -0.831424327 0.109563779
173385.230331107 75.787727134 76.631513720 -7.737452924 0.533764308 -0.087154046 -0.836988331 0.083368880
173385.263665056 76.356374145 77.207042425 -7.834097330 0.529947779 -0.116056780 -0.838247321 0.055023667
173385.296999005 76.929599875 77.785753301 -7.932107475 0.527660661 -0.141390876 -0.837185968 0.026504775
173385.330332954 77.507274080 78.367576028 -8.030824111 -0.525904218 0.163359463 0.834703623 0.002881260
173385.363666903 78.088519328 78.951528187 -8.129885756 -0.522277419 0.182451841 0.832493828 0.029860510
173385.397000853 78.672621513 79.537520365 -8.229019116 -0.515503824 0.197997582 0.831859003 0.055347669
173385.430334802 79.260051095 80.125282563 -8.328985885 -0.509008477 0.212372040 0.830331389 0.079738777
173385.463668751 79.850992031 80.714676538 -8.430096417 -0.504436423 0.226285135 0.826856433 0.103186105
173385.497002700 80.444824493 81.305687880 -8.532428753 -0.501634536 0.240044993 0.821713358 0.124612805
173385.530336650 81.041517865 81.898587469 -8.636113402 -0.501005905 0.254399389 0.814572908 0.144031290
173385.563670599 81.641085080 82.493405638 -8.741042977 -0.502022901 0.269582325 0.805515476 0.162613638
173385.597004548 82.243564934 83.089587382 -8.847186925 -0.503590226 0.284825666 0.795683785 0.179328020
173385.630338497 82.849277026 83.687045594 -8.954349622 -0.505133479 0.302019949 0.784373539 0.195913934
173385.663672446 83.457086155 84.285962832 -9.062317517 -0.505687167 0.319485041 0.773248966 0.210465756
173385.697006396 84.067133741 84.886504088 -9.170768417 -0.504020784 0.336111025 0.763756025 0.222865793
173385.730340345 84.680293535 85.488940588 -9.279791894 -0.501560835 0.352381245 0.754374031 0.234912768
173385.763674294 85.353768274 86.147211902 -9.394649122 -0.500421348 0.368444235 0.743423997 0.247281381
173385.797008243 85.975593351 86.755738892 -9.505705928 -0.501863300 0.383517052 0.730512772 0.259613151
173385.830342192 86.599729654 87.364928929 -9.617211354 -0.505321980 0.397361157 0.715821956 0.272676979
173385.863676142 87.227138525 87.975866391 -9.729191992 -0.508568471 0.410932605 0.700569314 0.285823619
173385.897010091 87.857604247 88.588325234 -9.841311913 -0.509174214 0.424939081 0.685989823 0.299309806
173385.930344040 88.491118669 89.202026912 -9.953567947 -0.506311633 0.440088984 0.672154478 0.313334604
173385.963677989 89.127625978 89.816986401 -10.066015982 -0.499001624 0.456543637 0.659046810 0.328972019
173385.997011939 89.767241166 90.433193774 -10.178796766 -0.487227709 0.473873897 0.646463505 0.346608751
173386.030345888 90.410414982 91.050320721 -10.292298287 -0.472268837 0.492149082 0.632751558 0.366574539
173386.063679837 91.057342263 91.667978594 -10.406949557 -0.456043886 0.511810391 0.616114138 0.387914251
173386.097013786 90.478511795 92.472885844 -10.281582041 -0.444244535 0.529144377 0.597993623 0.406271642
173386.130347735 91.119653327 93.091117390 -10.395582856 -0.428775243 0.552178084 0.575184339 0.424751847
173386.163681685 91.765545431 93.709878081 -10.510317093 -0.413070224 0.576065441 0.549480824 0.442258319
173386.197015634 92.414997180 94.329405245 -10.625264744 -0.397945946 0.598452068 0.521823416 0.459558993
173386.230349583 93.875506403 94.813437343 -10.874077292 -0.380744017 0.619988088 0.493287821 0.476776562
173386.263683532 94.538854433 95.435401169 -10.990739239 -0.366998750 0.636059428 0.467750291 0.491884119
173386.297017481 95.205452178 96.058345196 -11.107403404 -0.353849469 0.649330533 0.442866891 0.506980601
173386.330351431 95.875399879 96.682634365 -11.224030402 -0.341997257 0.659754721 0.417748719 0.522730899
173386.363685380 97.548544843 97.160805861 -11.539655456 -0.327448796 0.671655668 0.389271069 0.538631585
173386.397019329 98.234090641 97.788222383 -11.659252624 -0.315838326 0.679576876 0.362670074 0.553978194
173386.430353278 98.921132837 98.416671339 -11.779024967 -0.304267700 0.686236640 0.336898250 0.568330898
173386.463687228 99.610093753 99.046737050 -11.899079888 -0.292282718 0.692825896 0.311765191 0.580831780
173386.497021177 100.300907355 99.678596961 -12.019450172 -0.280102030 0.699235495 0.286477240 0.592067028
173386.530355126 100.993740898 100.312859986 -12.140103243 -0.267876435 0.704850779 0.261443921 0.602556778
173386.563689075 101.688760736 100.950026648 -12.261247511 -0.255952548 0.709626683 0.236776644 0.612254101
173386.597023024 102.385376328 101.589153619 -12.382869707 -0.243531633 0.713353628 0.212567931 0.621798858
173386.630356974 103.083868260 102.230296744 -12.505081545 -0.231237800 0.716679170 0.187268781 0.630738021
173386.663690923 103.784510109 102.874135749 -12.628162021 -0.219292013 0.719671416 0.162135758 0.638510816
173386.697024872 104.486818772 103.520813538 -12.751981582 -0.207564292 0.723341643 0.138434878 0.643839823
173386.730358821 105.190830179 104.170751238 -12.876564355 -0.196255715 0.727682781 0.117518734 0.646645817
173386.763692770 105.897071957 104.824580820 -13.001636879 -0.185637885 0.730838699 0.100513963 0.649084213
173386.797026720 106.605554312 105.482448036 -13.126719945 -0.176472536 0.731974233 0.086444679 0.652379095
173386.830360669 107.315932685 106.144175656 -13.251670162 -0.169071116 0.731421120 0.074104807 0.656465217
173386.863694618 108.028061222 106.809857624 -13.376771990 -0.163673456 0.730216929 0.062955339 0.660326330
173386.897028567 108.741954832 107.479987734 -13.502774710 -0.159871420 0.729570846 0.054597611 0.662711559
173386.930362517 109.457741384 108.154817037 -13.629919035 -0.157326465 0.729400409 0.049740625 0.663889522
173386.963696466 110.175603265 108.834539383 -13.758241130 -0.156490974 0.729182684 0.048852710 0.664391903
173386.997030415 110.895562866 109.519248620 -13.887679100 -0.157622003 0.728809240 0.052297869 0.664272030
173387.030364364 111.617383501 110.208654603 -14.018091027 -0.161028264 0.728615610 0.059083670 0.663097512
173387.063698313 112.341063994 110.902711471 -14.149390926 -0.166123765 0.728271205 0.069788013 0.661175907
173387.097032263 113.166508929 111.690779987 -14.313552112 -0.172657724 0.727574168 0.084088464 0.658600236
173387.130366212 113.895576994 112.395064776 -14.447170279 -0.180093219 0.726762790 0.102035453 0.654958812
173387.163700161 114.626566836 113.103182585 -14.581630210 -0.188545649 0.725755269 0.123070741 0.650064166
173387.197034110 115.359901826 113.815089431 -14.716868316 -0.198206254 0.724373805 0.146068300 0.643941708
173387.230368059 116.095308029 114.530463211 -14.852634701 -0.209539034 0.722534031 0.171351484 0.636141994
173387.263702009 118.595409203 114.172474725 -15.261632207 -0.215641639 0.722585407 0.191404091 0.628278193
173387.297035958 119.347641983 114.884369240 -15.399864724 -0.229440871 0.718343401 0.220013193 0.618816484
173387.330369907 120.103620071 115.600109566 -15.538457837 -0.243249186 0.712420384 0.249986552 0.608928365
173387.363703856 120.861401023 116.317567813 -15.677074745 -0.256443415 0.705201494 0.281075910 0.598267466
173387.397037806 121.539523760 117.141273362 -15.808183926 -0.269486314 0.696395929 0.313441046 0.586655391
173387.430371755 122.300829036 117.862551949 -15.946409232 -0.282195826 0.685889366 0.346347771 0.574425378
173387.463705704 123.063673880 118.585348535 -16.084237004 -0.296425505 0.673800232 0.380158481 0.560004194
173387.497039653 123.827857450 119.309324039 -16.221407727 -0.313466928 0.659327903 0.414092179 0.543647743
173387.530373602 124.593371986 120.033055479 -16.357939224 -0.331471411 0.643161663 0.445660623 0.527120847
173387.563707552 125.360414593 120.756874521 -16.494576986 -0.349058390 0.626519336 0.474378830 0.510486520
173387.597041501 126.129126222 121.480838746 -16.631629055 -0.365771592 0.609559547 0.500700834 0.493909886
173387.630375450 126.899674602 122.204417991 -16.769199422 -0.380935657 0.593016306 0.524859172 0.477223780
173387.663709399 127.672106645 122.927723771 -16.907485192 -0.393977967 0.577000536 0.547806220 0.460173976
173387.697043348 128.955907961 123.354634644 -17.129319420 -0.402726871 0.563184919 0.568344301 0.444543101
173387.730377298 131.545205631 123.328472272 -17.611426088 -0.405735030 0.553907007 0.584889058 0.431822768
173387.763711247 132.342465284 124.045943666 -17.755385062 -0.411703277 0.540769644 0.604415041 0.415633327
173387.797045196 133.143295036 124.764452688 -17.900177453 -0.416268791 0.527622621 0.622895350 0.400419839
173387.830379145 133.947180836 125.484049807 -18.045868080 -0.421175902 0.514245335 0.640556814 0.384512110
173387.863713095 134.754271877 126.204743843 -18.192544691 -0.426932518 0.500080260 0.657918544 0.367139684
173387.897047044 135.565181507 126.926428405 -18.340074125 -0.434821839 0.485501793 0.673756034 0.348239549
173387.930380993 136.379433554 127.648954291 -18.488399406 -0.445525290 0.468915083 0.689444239 0.326025308
173387.963714942 137.197219617 128.371685877 -18.636985255 -0.458773676 0.449068953 0.705335964 0.300607665
173387.997048891 138.019009527 129.094753757 -18.785585402 -0.472189669 0.427509515 0.720349973 0.274533146
173388.030382841 138.844964647 129.818708526 -18.934159265 -0.483563367 0.405555182 0.734326139 0.249913157
173388.063716790 139.674823174 130.543700894 -19.082769497 -0.492382499 0.383874768 0.747960223 0.225289020
173388.097050739 140.508668611 131.269982748 -19.231251014 -0.497306202 0.361652223 0.762575275 0.200930735
173388.130384688 141.347019455 131.997423167 -19.379765923 -0.498267213 0.338337841 0.778427485 0.176940497
173388.163718637 142.190300139 132.725718306 -19.529012570 -0.496818477 0.313914410 0.794604981 0.152420696
173388.197052587 143.038823938 133.454807906 -19.679733732 -0.495053059 0.288682589 0.809647020 0.126714384
173388.230386536 143.892744437 134.184901411 -19.832332324 -0.494329101 0.262420521 0.822644628 0.100150023
173388.263720485 144.752103133 134.916263223 -19.986942675 -0.495398711 0.235415127 0.832941139 0.073272734
173388.297054434 145.617101936 135.649170245 -20.143399580 -0.497937574 0.208017971 0.840600956 0.046655417
173388.330388384 146.487747733 136.384012582 -20.301211985 -0.500221483 0.180434502 0.846628293 0.021033129
173388.363722333 147.363612079 137.120861659 -20.459918453 0.500922055 -0.153085367 -0.851837143 0.003930261
173388.397056282 148.244864412 137.859821978 -20.619487661 0.500306455 -0.126854981 -0.856064576 0.027471929
173388.430390231 149.131277836 138.601189749 -20.779892250 0.498952738 -0.102968860 -0.859111839 0.048687032
173388.463724180 150.022520482 139.345272881 -20.941069344 0.497295961 -0.081525038 -0.861140964 0.066982352
173388.497058130 150.918515706 140.092362341 -21.103236370 0.496054989 -0.062625812 -0.862090075 0.082511568
173388.530392079 151.818655150 140.842490874 -21.266501916 0.495032931 -0.046779366 -0.862227895 0.096525357
173388.563726028 153.283730205 141.753819746 -21.593453776 0.493153799 -0.035383392 -0.862413428 0.108583728
173388.597059977 154.194728876 142.511888448 -21.760636978 0.491589441 -0.026994134 -0.862210658 0.119180199
173388.630393926 155.108134816 143.273207290 -21.929138970 0.489705307 -0.021610462 -0.862275832 0.127287429
173388.663727876 156.024343539 144.037992355 -22.099131125 0.488596535 -0.018252106 -0.862139432 0.132875453
173388.697061825 156.943727966 144.806369785 -22.270484332 0.488019661 -0.016463572 -0.862170017 0.135013421
173388.730395774 157.866484053 145.578186938 -22.442960225 0.487021389 -0.016139487 -0.862893097 0.134034272
173388.763729723 158.792856513 146.353208926 -22.616491363 0.486350841 -0.017231567 -0.863758665 0.130716874
173388.797063673 159.722914903 147.131311986 -22.790759954 0.485580211 -0.019984889 -0.864892585 0.125591719
173388.830397622 160.656855207 147.912363520 -22.965811867 0.485542056 -0.024328777 -0.865695154 0.119285049
173388.863731571 161.594540986 148.695919686 -23.141464747 0.486798103 -0.030158192 -0.865527419 0.113931462
173388.897065520 163.063652322 149.503893803 -23.450119837 0.485935908 -0.037230066 -0.866495995 0.108004196
173388.930399469 164.012687706 150.294053625 -23.626614232 0.483771513 -0.042694316 -0.868137440 0.102370425
173388.963733419 164.963566164 151.086128332 -23.803237845 0.480245783 -0.046557523 -0.870495185 0.097131452
173388.997067368 165.916990970 151.880695557 -23.980896939 0.475084988 -0.049140290 -0.873612714 0.093168197
173389.030401317 166.872568313 152.677731992 -24.160777671 0.468929565 -0.051620805 -0.877137635 0.089832763
173389.063735266 167.829585594 153.476924859 -24.343761756 0.461655848 -0.055184123 -0.881028220 0.087280391
173389.097069215 168.787597888 154.277665799 -24.530555202 0.454010364 -0.058513033 -0.884798469 0.087077458
173389.130403165 169.746836069 155.079788010 -24.721992764 0.447986474 -0.061877013 -0.887322737 0.090209282
173389.163737114 170.707350422 155.883748838 -24.918040928 0.445135755 -0.063814594 -0.888264331 0.093639388
173389.197071063 171.669590864 156.689997294 -25.119134351 0.444863131 -0.067762982 -0.888035623 0.094327648
173389.230405012 174.388656073 156.847057162 -25.689275305 0.446339824 -0.077009820 -0.886881223 0.091060126
173389.263738962 175.369468981 157.653758970 -25.903315857 0.455431230 -0.082380729 -0.881504821 0.093515032
173389.297072911 176.352651898 158.461391823 -26.121421641 0.470237070 -0.085749433 -0.873179100 0.095301583
173389.330406860 177.339512433 159.270787417 -26.343128493 0.486002024 -0.087260017 -0.864027210 0.098207447
173389.363740809 178.330199558 160.081961797 -26.567701578 0.501035565 -0.088037646 -0.854837518 0.102301290
173389.397074758 179.324584301 160.895619996 -26.793980416 0.512050537 -0.086653401 -0.848180601 0.104331697
173389.430408708 180.322616481 161.711651575 -27.021125908 0.515813918 -0.084340781 -0.846033112 0.105121875
173389.463742657 181.325284291 162.530221879 -27.249505655 0.513920724 -0.082625229 -0.847378185 0.104922695
173389.497076606 182.332387347 163.350731362 -27.480139797 0.511364823 -0.082017250 -0.848925541 0.105378438
173389.530410555 183.344211687 164.173615832 -27.713704205 0.514561947 -0.079873349 -0.847287724 0.104641120
173389.563744504 184.351044376 164.997299413 -27.947471217 0.527580968 -0.079135193 -0.839183428 0.105674585
173389.597078454 185.372451477 165.823955440 -28.185796584 0.546962166 -0.080699577 -0.826255133 0.107807342
173389.630412403 186.398217027 166.652786777 -28.423810536 0.563592249 -0.085312273 -0.813881570 0.112616090
173389.663746352 187.427735821 167.484236127 -28.660395033 0.574104490 -0.093456739 -0.804573696 0.119712324
173389.697080301 188.461361016 168.319034541 -28.895439514 0.581195959 -0.102041993 -0.797756445 0.124029607
173389.730414251 189.499300186 169.157236286 -29.128983810 0.588229515 -0.109815873 -0.791331102 0.125385802
173389.763748200 190.541763543 169.998599864 -29.360824153 0.596149101 -0.117710255 -0.784358993 0.124625505
173389.797082149 191.588546515 170.843107936 -29.590692297 0.603246169 -0.123598058 -0.778378712 0.122246311
173389.830416098 192.639123489 171.691038787 -29.818140742 0.607293472 -0.126544792 -0.775339413 0.118447665
173389.863750047 193.693550192 172.542322688 -30.043317495 0.608675195 -0.126719012 -0.774936484 0.113711237
173389.897083997 199.190876513 169.733650186 -30.953409521 0.607817868 -0.138132855 -0.776049586 0.096040582
173389.930417946 200.278663277 170.564090429 -31.178871555 0.613454352 -0.135970490 -0.772256809 0.093836054
173389.963751895 202.471924418 171.317002032 -31.735529145 0.620736456 -0.135912786 -0.766735639 0.091271166
173389.997085844 203.584716972 172.157719960 -31.957116031 0.628056796 -0.134505619 -0.760966945 0.091554403
173390.030419793 204.702426036 173.001730854 -32.172253387 0.630640308 -0.131867187 -0.759269097 0.091729415
173390.063753743 205.825744933 173.849476346 -32.381374674 0.628400319 -0.128647161 -0.761596541 0.092377789
173390.097087692 206.954409606 174.700529224 -32.585715679 0.624378270 -0.125082357 -0.765356509 0.093464402
173390.130421641 208.087951878 175.554860861 -32.786313226 0.620674270 -0.121742652 -0.768846227 0.093902372
173390.163755590 209.225917967 176.412614364 -32.983643718 0.616931081 -0.119813573 -0.772238658 0.093210535
173390.197089540 210.368203572 177.274012788 -33.177544480 0.612007261 -0.119997759 -0.776322010 0.091497469
173390.230423489 211.514856363 178.139204045 -33.367742833 0.604657124 -0.122467474 -0.781939958 0.089226578
173390.263757438 212.666495679 179.008224751 -33.554643462 0.595365129 -0.128107667 -0.788398168 0.086931675
173390.297091387 213.812195355 180.263894201 -33.794705098 0.584002607 -0.133912734 -0.796137150 0.084699314
173390.330425336 214.975075717 181.143359033 -33.976727600 0.569034217 -0.138856093 -0.806384158 0.081631086
173390.363759286 216.143183885 182.025602407 -34.157719031 0.550751455 -0.142705958 -0.818581098 0.078948279
173390.397093235 217.317428329 182.910747321 -34.339271888 0.531529669 -0.143757312 -0.831259695 0.076271659
173390.430427184 218.496904832 183.798084458 -34.522643139 0.510299286 -0.143016941 -0.844655415 0.075485251
173390.463761133 219.681930885 184.687239372 -34.709868134 0.491240612 -0.141494345 -0.856200157 0.074721501
173390.497095082 220.873188998 185.578505421 -34.902020455 0.479328804 -0.139367695 -0.863487365 0.072181125
173390.530429032 222.069609547 186.471438016 -35.099165210 0.472464335 -0.138687913 -0.867496081 0.070665865
173390.563762981 223.271157850 187.365766726 -35.300638356 0.463475131 -0.137893691 -0.872460526 0.070631176
173390.597096930 224.477561645 188.261883448 -35.506712569 0.451776011 -0.138182487 -0.878678529 0.068761028
173390.630430879 225.689081500 189.159878835 -35.717888676 0.439749859 -0.138801012 -0.884992253 0.064366553
173390.663764829 226.904855702 190.059503428 -35.934290499 0.425771887 -0.137151777 -0.892542241 0.057236684
173390.697098778 228.123715182 190.959966854 -36.156868445 0.412674295 -0.133970833 -0.899556201 0.050501318
173390.730432727 229.345296559 191.861064286 -36.385503769 0.401643445 -0.130976271 -0.905193179 0.046401166
173390.763766676 230.568174376 192.763050545 -36.619206780 0.392599975 -0.127390424 -0.909816473 0.043254189
173390.797100625 231.791858630 193.665927733 -36.857733859 0.386212261 -0.124486309 -0.913044159 0.041153509
173390.830434575 233.016524645 194.569989362 -37.100590843 0.383457823 -0.123558124 -0.914401770 0.039533420
173390.863768524 234.242218684 195.475567397 -37.346993712 0.384807513 -0.124661406 -0.913697912 0.039228006
173390.897102473 235.469317896 196.382671323 -37.596264157 0.390477416 -0.126563336 -0.910928104 0.041462022
173390.930436422 236.698163074 197.291708692 -37.847659742 0.398372231 -0.130192321 -0.906786689 0.045688350
173390.963770371 237.928155916 198.203279264 -38.099666807 0.404197014 -0.134735862 -0.903281778 0.050527727
173390.997104321 239.158890034 199.117933301 -38.351646463 0.406164795 -0.139752245 -0.901427653 0.054107815
173391.030438270 240.391080236 200.035834413 -38.604107591 0.407471590 -0.145131530 -0.899962088 0.054515892
173391.063772219 241.402803231 200.706285711 -38.745543980 0.411764417 -0.149540143 -0.897454400 0.051608235
173391.097106168 242.639119814 201.628476918 -38.997742701 0.416443451 -0.152650616 -0.894963650 0.048090611
173391.130440118 243.879612674 202.553095245 -39.249608353 0.420011085 -0.153838123 -0.893101354 0.047900861
173391.163774067 245.124573259 203.479974339 -39.501008341 0.422326259 -0.153109417 -0.891847361 0.052974724
173391.197108016 246.375378062 204.409888776 -39.752090669 0.421619026 -0.152137252 -0.892063440 0.057571460
173391.230441965 247.632959086 205.343325426 -40.003067492 0.420525050 -0.148968710 -0.893011962 0.059132409
173391.263775914 248.897196660 206.279912056 -40.254577534 0.421015797 -0.146145027 -0.893251178 0.059073363
173391.297109864 250.168470948 207.219316057 -40.507031615 0.424795533 -0.144081224 -0.891836218 0.058459526
173391.330443813 251.446766079 208.161190618 -40.759716466 0.432739099 -0.142948403 -0.888088532 0.060011538
173391.363777762 252.730979749 209.105975770 -41.011271402 0.442139557 -0.143473465 -0.883133671 0.063268440
173391.397111711 254.020330345 210.054297664 -41.260756278 0.450827289 -0.145116074 -0.878263021 0.065955646
173391.430445660 255.315148521 211.006952139 -41.507655529 0.458897899 -0.147534236 -0.873676039 0.065852457
173391.463779610 256.615223818 211.963980804 -41.752414952 0.468239702 -0.151597300 -0.868312085 0.061676271
173391.497113559 257.919467320 212.924222013 -41.995992335 0.477271055 -0.156816590 -0.862584148 0.059745169
173391.530447508 259.227698840 213.887676449 -42.239218996 0.485664010 -0.162820101 -0.856909238 0.057677044
173391.563781457 260.539686134 214.853953905 -42.482588352 0.493251463 -0.166610530 -0.851905579 0.056575708
173391.597115407 266.004238954 212.995037609 -43.508454318 0.494336353 -0.175245577 -0.849979481 0.049552399
173391.630449356 267.347246431 213.949787768 -43.758449789 0.495295907 -0.175114098 -0.849436131 0.049752143
173391.663783305 268.694282757 214.907743439 -44.010695828 0.496544356 -0.171317385 -0.849728380 0.045340225
173391.697117254 270.046105268 215.870835532 -44.272240935 0.520470035 -0.155157817 -0.839417705 0.020369380
173391.730451203 271.401502610 216.835423933 -44.544210031 0.558212858 -0.143580369 -0.817177702 0.001919663
173391.763785153 272.758873151 217.801965137 -44.821533547 -0.591195309 0.132922282 0.795442108 0.009572166
173391.797119102 274.116881607 218.771009389 -45.101054569 -0.604701351 0.121558381 0.786871634 0.019820882
173391.830453051 290.025943420 206.230334115 -47.665670861 -0.591118025 0.142085077 0.791799421 0.058694021
173391.863787000 291.465185307 207.120518975 -47.963486209 -0.577232804 0.128457356 0.803840766 0.064350765
173391.897120949 292.912798086 208.011872393 -48.269937184 -0.564710269 0.120179685 0.814155523 0.061724705
173391.930454899 294.365686046 208.902286766 -48.585077710 -0.560744225 0.120747839 0.817433735 0.052801156
173391.963788848 295.981759173 209.846897388 -48.976416356 -0.565157431 0.128468330 0.813814407 0.042415537
173391.997122797 297.447229203 210.740104070 -49.303430320 -0.569664087 0.137625016 0.809365414 0.038338093
173392.030456746 298.918340240 211.635790831 -49.633235734 -0.567825543 0.144021724 0.809384907 0.041568836
173392.063790696 300.394163756 212.533086588 -49.965877277 -0.558981903 0.147751758 0.814580491 0.046553986
173392.097124645 301.874430663 213.431086230 -50.302035035 -0.547391561 0.148108545 0.822072296 0.051219899
173392.130458594 303.358769349 214.329947313 -50.642391835 -0.537207782 0.148589162 0.828440291 0.054915791
173392.163792543 304.846237890 215.229681792 -50.987318946 -0.531327231 0.149498119 0.831997320 0.055876165
173392.197126492 306.213663736 215.864088794 -51.267128376 -0.532991936 0.153145298 0.830160532 0.057442186
173392.230460442 307.704585686 216.765245231 -51.618016167 -0.540718919 0.157913189 0.824328910 0.056287871
173392.263794391 309.234904003 217.689688137 -51.985918341 -0.550540499 0.166977660 0.816445413 0.049401507
173392.297128340 310.735933072 218.596752021 -52.338015375 -0.560047408 0.178277904 0.808032940 0.040579029
173392.330462289 312.242949991 219.506695341 -52.687340592 -0.567179846 0.189685337 0.800765870 0.033174042
173392.363796238 313.756827009 220.419740976 -53.032557824 -0.571191145 0.200305922 0.795609931 0.024960981
173392.397130188 315.278110261 221.336810500 -53.372918710 -0.572705865 0.209505945 0.792291387 0.019738499
173392.430464137 316.806707253 222.257690624 -53.708855159 -0.574313287 0.216482019 0.789319753 0.016556312
173392.463798086 317.586289203 222.270063414 -53.622534551 -0.577353583 0.222386296 0.785547416 0.011064932
173392.497132035 319.121085103 223.191807567 -53.947139317 -0.576084745 0.225219741 0.785745728 0.002466901
173392.530465985 320.661776106 224.117102155 -54.268143238 0.567348334 -0.224497183 -0.792244564 0.008089093
173392.563799934 322.207939584 225.044702153 -54.587023757 0.554761502 -0.221131701 -0.801931893 0.015674381
173392.597133883 323.759717970 225.973850035 -54.905511903 0.540737618 -0.215036895 -0.813028235 0.018629343
173392.630467832 325.316374702 226.903648101 -55.225169829 0.525647788 -0.205560148 -0.825246238 0.020200862
173392.663801781 326.877416798 227.832708018 -55.547152292 0.510856022 -0.193461447 -0.837185345 0.026823340
173392.697135731 328.442441067 228.760280252 -55.871895817 0.497659951 -0.178720117 -0.847663953 0.043122107
173392.730469680 330.011821933 229.686765946 -56.199438023 0.486679623 -0.161495616 -0.855922823 0.066769993
173392.763803629 331.586056594 230.613035691 -56.529529207 0.478384241 -0.142498553 -0.861281907 0.095058701
173392.797137578 333.165497985 231.539680687 -56.861509494 0.471593582 -0.119711837 -0.864433822 0.126580947
173392.830471527 334.750541659 232.467168772 -57.195346360 0.465819927 -0.094429433 -0.864982054 0.160937641
173392.863805477 336.341641596 233.396267422 -57.530998546 0.462384605 -0.066566443 -0.862333796 0.195319763
173392.897139426 337.938948350 234.327468165 -57.868271761 0.459947106 -0.037797247 -0.856421665 0.231434568
173392.930473375 339.542427185 235.261852441 -58.206509579 0.456720687 -0.009527763 -0.849760266 0.263102501
173392.963807324 341.152009566 236.200678214 -58.545357473 0.451774285 0.017957972 -0.844843096 0.286037846
173392.997141274 340.117950867 236.608436601 -57.797766270 0.447867496 0.045064351 -0.838823397 0.306201272
173393.030475223 341.724030801 237.551541027 -58.132177482 0.441049583 0.068853468 -0.834991342 0.321751338
173393.063809172 343.336264379 238.498124993 -58.468365813 0.433454091 0.091562567 -0.831775447 0.334489840
173393.097143121 344.954370199 239.447483449 -58.806576408 0.424760092 0.115788045 -0.827917017 0.347455616
173393.130477070 346.578445347 240.399552389 -59.147590061 0.416572571 0.142572074 -0.822143435 0.360861010
173393.163811020 348.208563855 241.354128871 -59.491625793 0.408843393 0.171846193 -0.813748477 0.375671907
173393.197144969 349.844638870 242.311715578 -59.838670671 0.402226692 0.203495844 -0.802614647 0.390656957
173393.230478918 350.190905653 242.753462671 -59.628116006 0.396279929 0.235919921 -0.789029091 0.405878185
173393.263812867 352.179551838 244.316426211 -60.191961377 0.388886483 0.267305805 -0.775130261 0.420104734
173393.297146816 353.828049904 245.285557770 -60.544084823 0.381350681 0.298301521 -0.760108132 0.433386073
173393.330480766 360.274310695 251.511796117 -63.338895640 0.368599758 0.326239256 -0.746825450 0.447162065
173393.363814715 361.964767820 252.519177844 -63.710832938 0.362086035 0.351074678 -0.732524785 0.457217360
173393.397148664 369.320252748 254.828449421 -66.581871259 0.353733155 0.370632432 -0.723977144 0.461910759
173393.430482613 371.038411173 255.842910005 -66.968174086 0.348485507 0.387482962 -0.713516396 0.468304557
173393.463816563 370.792326573 256.808869142 -66.497372072 0.344348995 0.400939075 -0.704214894 0.474081229
173393.497150512 372.514575138 257.835849614 -66.882555084 0.340176706 0.410033851 -0.699892045 0.475713332
173393.530484461 374.237710423 258.865429951 -67.268065988 0.336930653 0.415033430 -0.699063366 0.474905672
173393.563818410 376.866177832 260.507594929 -68.114740816 0.334237856 0.414826012 -0.703527952 0.470375230
173393.597152359 379.545744247 261.568209971 -68.938836302 0.332717308 0.408345543 -0.713713970 0.461698472
173393.630486309 382.840014620 262.706705396 -69.990188196 0.330797369 0.395924114 -0.729148382 0.449621877
173393.663820258 384.592457446 263.760310459 -70.384885271 0.329599765 0.378736255 -0.748610053 0.433019437
173393.697154207 386.348895434 264.821696028 -70.780637144 0.330155048 0.355865911 -0.773156114 0.408150365
173393.730488156 388.109216096 265.889716714 -71.178487029 0.333098399 0.327710967 -0.798017606 0.380550759
173393.763822105 389.873615652 266.964303239 -71.579320543 0.338908618 0.295300123 -0.820954491 0.352097303
173393.797156055 391.642271593 268.045270498 -71.983810793 0.347233832 0.259873022 -0.841171288 0.322994648
173393.830490004 397.824072557 268.592479832 -73.955755517 0.355734665 0.221265079 -0.860613279 0.289550337
173393.863823953 399.634028974 269.686398243 -74.378832548 0.366909231 0.183552997 -0.873470085 0.262175370
173393.897157902 401.441701647 270.780123025 -74.803660143 0.378500674 0.144140846 -0.882723425 0.238243598
173393.930491852 403.256301075 271.878182966 -75.231455088 0.388687617 0.105444981 -0.889574251 0.215548009
173393.963825801 405.078091003 272.979105743 -75.661418544 0.395182608 0.067547260 -0.895239194 0.194460433
173393.997159750 406.906892452 274.081564787 -76.093450770 0.398651848 0.030584259 -0.899382900 0.176781523
173394.030493699 408.742583542 275.184937458 -76.527308580 0.399723068 -0.004285605 -0.902562690 0.159949031
173394.063827648 410.585073957 276.288450487 -76.963295468 0.401376066 -0.036960578 -0.903805974 0.143756497
173394.097161598 412.434245069 277.391490512 -77.401550921 0.405856523 -0.065780152 -0.902441010 0.128661097
173394.130495547 414.289485028 278.493595713 -77.841744953 0.411581905 -0.089731148 -0.899460464 0.116273518
173394.163829496 415.569567761 279.770576132 -78.086400632 0.417807888 -0.105948763 -0.896083980 0.106042106
173394.197163445 417.430599927 280.872242416 -78.526198394 0.421515745 -0.112998960 -0.894802572 0.094255335
173394.230497394 419.199697697 282.526611615 -79.031480734 0.423487347 -0.118843736 -0.894292668 0.082311955
173394.263831344 421.074362738 283.634425698 -79.477325639 0.424263988 -0.134086085 -0.892652823 0.072055035
173394.297165293 422.951399157 284.741030654 -79.926754630 0.421571140 -0.157829147 -0.890181239 0.070321380
173394.330499242 424.833239750 285.848568760 -80.379742512 0.414844668 -0.186135981 -0.887611558 0.073505232
173394.363833191 426.720744122 286.957491158 -80.835711907 0.408407267 -0.214017226 -0.883963175 0.077519272
173394.397167141 428.612844406 288.066912173 -81.292665961 0.400047162 -0.241415354 -0.880172222 0.083532949
173394.430501090 430.510514082 289.179430393 -81.749322826 0.399678454 -0.256865172 -0.876189777 0.081048695
173394.463835039 432.414823831 290.295007748 -82.206801255 0.407858646 -0.262429068 -0.871434699 0.073374891
173394.497168988 434.325207182 291.413069408 -82.667166091 0.416259275 -0.268785783 -0.865983914 0.067485395
173394.530502937 436.240802875 292.532550754 -83.130111011 0.419093792 -0.285081859 -0.859264652 0.068941896
173394.563836887 438.160452222 293.655059824 -83.592003078 0.420547108 -0.296172419 -0.854559186 0.071767863
173394.597170836 440.083702396 294.781390592 -84.051800840 0.420325616 -0.297053002 -0.854063813 0.075238915
173394.630504785 442.012417069 295.911466862 -84.511683303 0.420275182 -0.298599337 -0.853605769 0.074594902
173394.663838734 443.947077920 297.045657201 -84.971566044 0.419709099 -0.299488747 -0.854021901 0.069262947
173394.697172683 445.887003908 298.183944025 -85.431369021 0.414883217 -0.298436357 -0.857151076 0.064028821
173394.730506633 447.831899268 299.325673599 -85.891719418 0.406753219 -0.296992671 -0.861660213 0.062360636
173394.763840582 449.781515692 300.470932878 -86.352613022 0.395699834 -0.294587214 -0.867664995 0.061623628
173394.797174531 451.736479747 301.620028112 -86.813944196 0.382242186 -0.292686919 -0.874539500 0.058360445
173394.830508480 453.695946774 302.772644883 -87.276031399 0.368436787 -0.292954069 -0.880706700 0.052801109
173394.863842430 455.659676824 303.929185855 -87.740502628 0.357094712 -0.296309550 -0.884806067 0.042452800
173394.897176379 457.628270634 305.088737050 -88.208379142 0.350858676 -0.297515379 -0.887408731 0.029808270
173394.930510328 459.601605039 306.250092360 -88.679605208 0.347061052 -0.294280545 -0.890245600 0.020257330
173394.963844277 461.579632613 307.414498691 -89.153741655 0.339919258 -0.291061453 -0.894230770 0.009458258
173394.997178226 463.562645141 308.582705895 -89.630863451 -0.325934845 0.285662891 0.901179352 0.006242244
173395.030512176 465.550685884 309.753277171 -90.112158242 -0.311773443 0.274812643 0.909277161 0.022144453
173395.063846125 467.543550358 310.925061791 -90.598165549 -0.306490346 0.263366619 0.914076739 0.034138066
173395.097180074 469.541361301 312.097065449 -91.088798028 -0.314813007 0.258589331 0.912594056 0.034589265
173395.130514023 471.544645305 313.269579860 -91.582338547 -0.327924647 0.255317546 0.909168228 0.026296575
173395.163847972 473.553129236 314.442317673 -92.077427982 -0.338984723 0.250385904 0.906753601 0.013934277
173395.197181922 475.566719673 315.615531274 -92.573578330 0.344766867 -0.245417316 -0.906038544 0.000552376
173395.230515871 477.585614955 316.789087655 -93.070670021 0.348288496 -0.238146019 -0.906564390 0.011072631
173395.263849820 479.609735507 317.964208709 -93.569072353 0.355223586 -0.232999516 -0.905003167 0.022286686
173395.297183769 481.638466927 319.143721182 -94.068117976 0.360062555 -0.233244633 -0.902893097 0.027128467
173395.330517719 483.672375372 320.325693474 -94.567759594 0.363244872 -0.231690730 -0.901982684 0.028280859
173395.363851668 485.712079926 321.508545370 -95.067892294 0.367679056 -0.227140535 -0.901296370 0.029734542
173395.397185617 488.027923378 322.671121619 -95.673693318 0.369187920 -0.222495226 -0.901805728 0.030701511
173395.430519566 490.445383736 323.712301671 -96.283698816 0.363318779 -0.218846506 -0.905083545 0.030486861
173395.463853515 492.507265442 324.900998106 -96.787587201 0.353052461 -0.217142380 -0.909620081 0.028186070
173395.497187465 494.573736221 326.091053886 -97.293747724 0.342231430 -0.215807048 -0.914195300 0.023493002
173395.530521414 496.646344833 327.283205620 -97.803735904 0.335156385 -0.214779332 -0.917168111 0.018511947
173395.563855363 498.725042266 328.477743223 -98.317722755 0.334224354 -0.213581574 -0.917820436 0.016811887
173395.597189312 500.809823685 329.675290159 -98.834778687 0.336544607 -0.212730053 -0.917160389 0.017334153
173395.630523261 502.900494807 330.876845956 -99.354741611 0.339133411 -0.210986415 -0.916605677 0.017529806
173395.663857211 504.997328958 332.082769170 -99.877357411 0.340594658 -0.208935568 -0.916544731 0.016939986
173395.697191160 507.100188840 333.292956786 -100.402290351 0.340609909 -0.207413999 -0.916835924 0.019396170
173395.730525109 509.209296416 334.508281062 -100.929700007 0.339787846 -0.206115954 -0.917390136 0.021348808
173395.763859058 511.324792266 335.728559244 -101.459717475 0.339123298 -0.205143261 -0.917794649 0.023761594
173395.797193008 513.446414778 336.954310727 -101.992491859 0.339667960 -0.206159566 -0.917238027 0.028254434
173395.830526957 515.574112524 338.186005948 -102.528000105 0.341173840 -0.208681518 -0.915903027 0.034264845
173395.863860906 517.707782944 339.423504155 -103.066451598 0.344577120 -0.212129761 -0.913500940 0.042232742
173395.897194855 519.847396608 340.667249625 -103.607822984 0.349921537 -0.216866479 -0.909890192 0.051221941
173395.930528804 521.992930932 341.917386933 -104.151742912 0.354994511 -0.222556080 -0.906034972 0.059567754
173395.963862754 524.144241002 343.173934138 -104.698197170 0.358162827 -0.228938400 -0.902683317 0.066853778
173395.997196703 526.301209005 344.436842430 -105.247220249 0.359235867 -0.234997046 -0.900210967 0.073117683
173396.030530652 528.463728012 345.705748294 -105.798844108 0.358907683 -0.240730347 -0.898318886 0.079103442
173396.063864601 530.631842864 346.980529894 -106.353139365 0.358320099 -0.246161831 -0.896590329 0.084479833
173396.097198550 532.805693751 348.260917777 -106.910094024 0.357170207 -0.250881117 -0.895373277 0.088288186
173396.130532500 534.985303091 349.546664660 -107.469904032 0.355654105 -0.254374529 -0.894744037 0.090757173
173396.163866449 537.170770970 350.837569940 -108.032827739 0.354582759 -0.257287722 -0.894202398 0.092066101
173396.197200398 539.362222650 352.133311923 -108.598973397 0.355417418 -0.259741904 -0.893083323 0.092815840
173396.230534347 541.559932225 353.433601942 -109.168325362 0.357990571 -0.262737958 -0.891248181 0.092131405
173396.263868297 543.763955253 354.738227821 -109.740613576 0.360886877 -0.265568736 -0.889510737 0.089468188
173396.297202246 545.974319147 356.047073041 -110.315461080 0.363101885 -0.268472428 -0.888180749 0.084938412
173396.330536195 548.191072083 357.359866441 -110.892781919 0.364249808 -0.271815499 -0.887221364 0.079225392
173396.363870144 550.414202293 358.676408843 -111.472631452 0.365625931 -0.274916093 -0.886261798 0.072655665
173396.397204093 552.643619337 359.996376795 -112.054952568 0.367524654 -0.278222402 -0.884962791 0.066021076
173396.430538043 554.879337173 361.319448045 -112.639577488 0.368954639 -0.282167833 -0.883581658 0.059474720
173396.463871992 557.121306227 362.645473153 -113.226096047 0.369594459 -0.286341621 -0.882442019 0.052004762
173396.497205941 559.369904979 363.974390948 -113.814404590 0.369404301 -0.290913370 -0.881567730 0.041811606
173396.530539890 561.625197663 365.305605714 -114.404173997 0.368787369 -0.294765494 -0.881044609 0.029488592
173396.563873840 563.886937708 366.638431873 -114.995230793 0.368963094 -0.297955348 -0.880235696 0.016551930
173396.597207789 566.155171647 367.972475814 -115.587690814 0.370945853 -0.299970676 -0.878862897 0.004095745
173396.630541738 568.429828454 369.307376712 -116.181817531 -0.375039585 0.301602896 0.876544915 0.007072098
173396.663875687 570.710167444 370.642393101 -116.777425828 -0.379937459 0.303189846 0.873777568 0.015369030
173396.697209636 572.996457374 371.977971213 -117.374077443 -0.383535609 0.304153368 0.871696248 0.023169301
173396.730543586 575.288671181 373.314429218 -117.971131369 -0.382536670 0.304746652 0.871717109 0.030074193
173396.763877535 577.586708077 374.651693498 -118.568627637 -0.375551546 0.306405574 0.873984570 0.035037560
173396.797211484 579.890169277 375.990254284 -119.167307427 -0.367932750 0.307362218 0.876835732 0.036236130
173396.830545433 582.198839318 377.330405520 -119.767539011 -0.357967479 0.310289786 0.879900145 0.036813950
173396.863879382 584.512333750 378.672402399 -120.369601539 -0.344580380 0.315279233 0.883266923 0.041266329
173396.897213332 586.830588148 380.016284044 -120.973838830 -0.331112766 0.320506382 0.886219239 0.047491639
