# timestamp tx ty tz   (stereo VO, metric from baseline, NO IMU)
173357.129811919 0.000000000 0.000000000 0.000000000
173357.163145868 -0.017392708 0.005869131 0.007040470
173357.196479817 -0.033316579 -0.025213277 0.009932749
173357.263147716 -0.055781419 -0.048697668 0.016645804
173357.296481665 -0.074869351 -0.069668268 0.029100994
173357.329815614 -0.094418758 -0.091959685 0.044147269
173357.363149563 -0.133251837 -0.088806743 0.069077240
173357.396483513 -0.156289904 -0.107883031 0.088223466
173357.429817462 -0.184263862 -0.119025015 0.116483653
173357.463151411 -0.193570308 -0.155578913 0.135999019
173357.496485360 -0.216905102 -0.162808302 0.166993265
173357.529819309 -0.236436439 -0.172761462 0.196267583
173357.563153259 -0.254836111 -0.170767032 0.191474734
173357.596487208 -0.282207387 -0.158680229 0.219553777
173357.629821157 -0.279838848 -0.201469073 0.248858221
173357.663155106 -0.266604386 -0.213601809 0.232275870
173357.696489055 -0.273995145 -0.237451931 0.256429358
173357.729823005 -0.291150325 -0.236432920 0.275058478
173357.763156954 -0.292222490 -0.262607160 0.305002951
173357.796490903 -0.294178093 -0.278090398 0.339566926
173357.829824852 -0.306595190 -0.281295313 0.371551015
173357.863158802 -0.313446545 -0.276728600 0.373700089
173357.896492751 -0.305892758 -0.298119303 0.410729745
173357.929826700 -0.313694549 -0.300382255 0.436274708
173357.963160649 -0.313036502 -0.303494768 0.467077716
173357.996494598 -0.321732891 -0.297509780 0.469915725
173358.029828548 -0.321441612 -0.309030785 0.496906152
173358.063162497 -0.314645050 -0.316818529 0.532534861
173358.129830395 -0.303954907 -0.331289892 0.522155941
173358.163164344 -0.313899460 -0.324161926 0.524559183
173358.196498294 -0.323735167 -0.320673138 0.549187251
173358.229832243 -0.317935199 -0.320314803 0.586110501
173358.263166192 -0.312538162 -0.323604964 0.619420284
173358.296500141 -0.323276466 -0.306373238 0.653513613
173358.329834091 -0.308171105 -0.310644242 0.688048657
173358.363168040 -0.292907314 -0.308919547 0.723556683
173358.396501989 -0.287945566 -0.293516441 0.757385706
173358.429835938 -0.273968675 -0.284734667 0.788654689
173358.496503837 -0.266646930 -0.270073616 0.818775344
173358.563171735 -0.274880416 -0.266469276 0.821535272
173358.596505684 -0.283210875 -0.237085657 0.847861873
173358.629839633 -0.290471243 -0.206596704 0.872390928
173358.663173583 -0.281034390 -0.187750277 0.897847664
173358.696507532 -0.271270349 -0.170005859 0.922224872
173358.729841481 -0.242718448 -0.145031093 0.948104798
173358.763175430 -0.244871463 -0.115611841 0.967153182
173358.796509380 -0.260821685 -0.076710888 0.979120753
173358.829843329 -0.232406507 -0.047826788 0.998138333
173358.863177278 -0.236747104 -0.017658390 1.007482640
173358.896511227 -0.210714801 0.011501174 1.021140049
173358.929845176 -0.193753661 0.038174064 1.033961822
173359.029847024 -0.170765446 0.069631985 1.042103399
173359.063180973 -0.180109157 0.114166266 1.043266324
173359.096514922 -0.150272338 0.147720094 1.045097591
173359.129848872 -0.158273174 0.174449861 1.043287512
173359.163182821 -0.118960912 0.201249668 1.040003070
173359.196516770 -0.127842353 0.207652294 1.043353967
173359.229850719 -0.121779228 0.238243022 1.040325033
173359.263184669 -0.154775871 0.272043573 1.039785833
173359.296518618 -0.142999572 0.306343551 1.028015682
173359.329852567 -0.142845078 0.330449004 1.025043309
173359.363186516 -0.166681849 0.364758036 1.012317280
173359.396520465 -0.176346517 0.398819929 0.993424351
173359.429854415 -0.169251286 0.428336716 0.978693129
173359.463188364 -0.171632116 0.456125299 0.962737145
173359.496522313 -0.170233872 0.485015241 0.941503985
173359.529856262 -0.180247663 0.492490593 0.943206783
173359.563190211 -0.154350554 0.516788040 0.918062901
173359.596524161 -0.170173597 0.520508895 0.922184056
173359.663192059 -0.164178299 0.547170785 0.897463959
173359.696526008 -0.158447437 0.571361183 0.864693314
173359.729859958 -0.175355399 0.586358953 0.867567822
173359.763193907 -0.197414723 0.606583256 0.846800808
173359.796527856 -0.218775176 0.626077051 0.824493664
173359.829861805 -0.224404970 0.644587029 0.797920914
173359.863195754 -0.234721665 0.647929999 0.800931024
173359.896529704 -0.269328095 0.660134567 0.793294402
173359.929863653 -0.273356026 0.674291355 0.752762604
173359.963197602 -0.278882357 0.687329859 0.721163053
173359.996531551 -0.299325296 0.694864319 0.693976082
173360.029865500 -0.292038684 0.703637653 0.653102685
173360.063199450 -0.306682853 0.714160519 0.633368790
173360.096533399 -0.299868692 0.722738824 0.610314415
173360.129867348 -0.315379992 0.723706329 0.579870854
173360.163201297 -0.337323420 0.725634302 0.552392555
173360.196535247 -0.383677467 0.726912826 0.539646409
173360.263203145 -0.395255627 0.724371462 0.507335705
173360.296537094 -0.422142332 0.717052230 0.480697195
173360.329871043 -0.462045988 0.710709018 0.471931260
173360.363204993 -0.502965313 0.709045089 0.475141324
173360.396538942 -0.527299232 0.702129224 0.466611254
173360.429872891 -0.534933132 0.704753069 0.471831965
173360.463206840 -0.557775086 0.689705569 0.448575918
173360.496540789 -0.576687769 0.668915661 0.421118043
173360.529874739 -0.599274483 0.650613780 0.404323246
173360.563208688 -0.601114258 0.650303476 0.394009183
173360.596542637 -0.621870750 0.626810572 0.372126558
173360.629876586 -0.646611347 0.618412219 0.369446931
173360.663210536 -0.666173786 0.591408703 0.350251817
173360.696544485 -0.684323431 0.567545003 0.334171529
173360.729878434 -0.694254992 0.533709606 0.310374444
173360.763212383 -0.712630699 0.501901788 0.298070926
173360.796546332 -0.733182205 0.481778342 0.294309096
173360.863214231 -0.765249735 0.457734543 0.303184921
173360.896548180 -0.777971029 0.418808754 0.295590199
173360.963216078 -0.790906479 0.422521355 0.300737784
173360.996550028 -0.785886456 0.423403869 0.292093262
173361.063217926 -0.793029780 0.378154521 0.286594878
173361.096551875 -0.807938759 0.345945026 0.288689690
173361.129885825 -0.828482171 0.324426524 0.293374085
173361.163219774 -0.852915787 0.324264804 0.308102988
173361.196553723 -0.861887329 0.284377651 0.313908099
173361.229887672 -0.896188177 0.274988693 0.339804763
173361.263221621 -0.910283695 0.248459306 0.349363071
173361.296555571 -0.920304406 0.254213646 0.354640421
173361.329889520 -0.957008313 0.255960945 0.385887137
173361.363223469 -0.972902021 0.239134771 0.405598337
173361.396557418 -0.987311665 0.217386932 0.425439703
173361.429891367 -0.989807081 0.179012805 0.445021130
173361.463225317 -0.993067241 0.148893682 0.460796037
173361.496559266 -1.004124707 0.139045380 0.486834721
173361.529893215 -1.008938231 0.113358656 0.507370638
173361.563227164 -1.030156865 0.111200373 0.542960558
173361.596561114 -1.038662570 0.096988598 0.566420909
173361.629895063 -1.038586151 0.073310960 0.590058118
173361.663229012 -1.047481371 0.079920676 0.593491201
173361.696562961 -1.054515290 0.071044884 0.617552051
173361.729896910 -1.057083971 0.059027403 0.648667988
173361.763230860 -1.060453654 0.046808770 0.677330907
173361.796564809 -1.062683015 0.038672916 0.703221753
173361.829898758 -1.072341515 0.043321170 0.708947731
173361.863232707 -1.078351301 0.040498648 0.737096297
173361.896566656 -1.065557850 0.022727304 0.774380883
173361.929900606 -1.048754695 0.015406099 0.821765705
173361.963234555 -1.037280430 0.010939364 0.854555574
173361.996568504 -1.029278270 0.012498357 0.889333843
173362.029902453 -1.021352029 0.016330824 0.919660057
173362.063236403 -0.987503121 -0.007972454 0.942385892
173362.096570352 -0.976884088 -0.006747197 0.971908714
173362.129904301 -0.963179921 -0.000353530 1.002994126
173362.163238250 -0.958498753 0.013715337 1.031662487
173362.196572199 -0.946748944 -0.000504201 1.021794075
173362.229906149 -0.944227830 -0.003994401 1.036471268
173362.263240098 -0.946275599 0.011508876 1.062382757
173362.296574047 -0.929128385 0.022081944 1.090669282
173362.329907996 -0.899989817 0.026486912 1.114819808
173362.363241945 -0.870076530 0.044844717 1.141649292
173362.396575895 -0.830438461 0.057241095 1.163331236
173362.463243793 -0.841204531 0.080411942 1.185430023
173362.496577742 -0.848184346 0.110404882 1.212346373
173362.529911692 -0.836777486 0.137641899 1.235613673
173362.563245641 -0.830532659 0.162743846 1.254596414
173362.596579590 -0.804374662 0.187136350 1.270473525
173362.629913539 -0.808994129 0.215839978 1.288929270
173362.696581438 -0.819773887 0.225658600 1.305197235
173362.729915387 -0.713527514 0.236196515 1.294327454
173362.763249336 -0.685499223 0.265358457 1.298181100
173362.796583285 -0.667471469 0.294704464 1.304256256
173362.829917234 -0.675288060 0.304663262 1.320276141
173362.863251184 -0.669955031 0.339473261 1.328726061
173362.896585133 -0.671879404 0.363007624 1.336183184
173362.929919082 -0.669238637 0.394936224 1.338880755
173362.963253031 -0.648830061 0.424610994 1.334133627
173362.996586981 -0.631803368 0.462764378 1.325594763
173363.029920930 -0.619683677 0.491791132 1.320833571
173363.063254879 -0.611627336 0.524135937 1.315622276
173363.096588828 -0.633260753 0.561453289 1.324294150
173363.129922777 -0.636406314 0.587511951 1.327023019
173363.163256727 -0.664201756 0.627295083 1.327544428
173363.196590676 -0.666656056 0.661099124 1.312187751
173363.229924625 -0.680593178 0.663465014 1.323997726
173363.263258574 -0.710506375 0.693187631 1.326697969
173363.296592523 -0.723536325 0.722454302 1.318305421
173363.329926473 -0.728587181 0.724223344 1.324241153
173363.363260422 -0.716953927 0.718721013 1.325034139
173363.396594371 -0.731893801 0.738624042 1.327622479
173363.429928320 -0.743670228 0.769249319 1.313399726
173363.463262270 -0.766410859 0.787744076 1.309724027
173363.496596219 -0.781744658 0.809507747 1.304784002
173363.529930168 -0.801155265 0.836164352 1.290120380
173363.563264117 -0.824212366 0.860324102 1.276486389
173363.596598066 -0.841783004 0.880391491 1.264191432
173363.629932016 -0.867836288 0.892399467 1.264771836
173363.663265965 -0.890896295 0.910723812 1.244546267
173363.696599914 -0.914614190 0.923609416 1.240312324
173363.729933863 -0.922765480 0.925745243 1.247457949
173363.763267812 -0.951285885 0.934423106 1.238047925
173363.796601762 -0.940866862 0.937593238 1.232066075
173363.829935711 -0.986798521 0.940174445 1.250627501
173363.863269660 -0.994518522 0.939861661 1.259462466
173363.896603609 -1.001874630 0.940108321 1.267202768
173363.929937559 -1.027195399 0.955035975 1.245336556
173363.963271508 -1.064090887 0.960963606 1.236175466
173363.996605457 -1.093373130 0.962453719 1.228077487
173364.029939406 -1.123587972 0.964690142 1.206338890
173364.063273355 -1.150015788 0.966992525 1.186800231
173364.096607305 -1.180203381 0.964006977 1.167478351
173364.129941254 -1.213440907 0.958783094 1.159656867
173364.163275203 -1.242042085 0.950393776 1.135165924
173364.196609152 -1.270802878 0.942289924 1.115783457
173364.229943101 -1.300054520 0.929075763 1.094807114
173364.263277051 -1.328451912 0.913447187 1.094840040
173364.329944949 -1.340284339 0.910531452 1.071756985
173364.363278898 -1.363160475 0.893293187 1.051976847
173364.396612848 -1.385845383 0.878703299 1.039821919
173364.429946797 -1.412401501 0.861741001 1.035178104
173364.463280746 -1.436322858 0.845179574 1.023120662
173364.496614695 -1.459770497 0.825725531 1.014175056
173364.563282594 -1.482024926 0.810009710 1.023645038
173364.596616543 -1.490192556 0.787323254 1.001520945
173364.663284441 -1.477747813 0.792929282 0.981183292
173364.696618390 -1.506202388 0.772271531 0.995003173
173364.729952340 -1.526243407 0.753264423 0.992917163
173364.763286289 -1.509397198 0.760787551 0.971835241
173364.796620238 -1.527986797 0.736250674 0.965520703
173364.863288137 -1.539462457 0.700497068 0.951105073
173364.896622086 -1.560791000 0.675349077 0.956735745
173364.963289984 -1.585014986 0.649482769 0.973125425
173364.996623933 -1.596538495 0.613021507 0.970286736
173365.029957883 -1.611022889 0.594509023 0.985083964
173365.063291832 -1.619576676 0.562127582 0.982948746
173365.096625781 -1.641727027 0.538040929 1.012849401
173365.129959730 -1.654760366 0.509390290 1.030808448
173365.163293679 -1.640007988 0.453156740 1.011732740
173365.196627629 -1.641508932 0.424421221 1.011650399
173365.229961578 -1.642689756 0.391814197 1.028768494
173365.263295527 -1.633725364 0.349841477 1.036726788
173365.296629476 -1.600454286 0.304549649 1.005652708
173365.329963426 -1.591881260 0.269341756 1.023174861
173365.363297375 -1.594319593 0.245219020 1.045164134
173365.396631324 -1.595535411 0.222485420 1.058643298
173365.429965273 -1.593203986 0.200479235 1.079914880
173365.463299222 -1.578084455 0.173141272 1.102286628
173365.496633172 -1.587915842 0.159413408 1.139731637
173365.529967121 -1.586225286 0.142261552 1.163182666
173365.563301070 -1.593290951 0.132216622 1.200475983
173365.596635019 -1.582525601 0.113454264 1.227502128
173365.629968968 -1.572479347 0.097301129 1.254891568
173365.663302918 -1.565168073 0.084791547 1.278828689
173365.696636867 -1.558191144 0.072373576 1.304537933
173365.729970816 -1.572521781 0.073331731 1.323870293
173365.796638715 -1.568494271 0.067196834 1.358547358
173365.829972664 -1.546110066 0.057458963 1.393139726
173365.863306613 -1.542634694 0.053745165 1.420251682
173365.896640562 -1.548349602 0.056932394 1.448269475
173365.929974511 -1.556236654 0.058632514 1.452249246
173365.963308461 -1.539802052 0.056257273 1.481530504
173365.996642410 -1.531812657 0.063816888 1.520052005
173366.029976359 -1.527794691 0.058766851 1.516908458
173366.063310308 -1.511900721 0.063732670 1.549206916
173366.096644258 -1.490735276 0.069050647 1.580262256
173366.129978207 -1.454913841 0.073944897 1.606336008
173366.163312156 -1.431106143 0.087441628 1.635221435
173366.196646105 -1.425963371 0.095936781 1.661140468
173366.229980054 -1.412627909 0.114100845 1.690444295
173366.263314004 -1.421425539 0.114360236 1.697142673
173366.296647953 -1.429877396 0.114342215 1.702073111
173366.329981902 -1.440932411 0.131964768 1.730097400
173366.363315851 -1.435711315 0.153255253 1.754121830
173366.396649800 -1.423649606 0.171981789 1.778434223
173366.429983750 -1.421044239 0.194857895 1.799476201
173366.463317699 -1.425711304 0.221136464 1.820504140
173366.496651648 -1.444371655 0.237000415 1.838704522
173366.529985597 -1.439073025 0.258634199 1.861287251
173366.563319547 -1.423467729 0.290580916 1.879303724
173366.596653496 -1.409327787 0.320138018 1.894913285
173366.629987445 -1.395902350 0.358996256 1.905489148
173366.663321394 -1.401864805 0.359319943 1.910215211
173366.696655343 -1.396386204 0.359979345 1.911524616
173366.729989293 -1.377828550 0.345160412 1.902664621
173366.763323242 -1.378218030 0.333614950 1.913716333
173366.796657191 -1.361268747 0.368912253 1.923654017
173366.829991140 -1.374116126 0.369536873 1.933808583
173366.863325089 -1.356061398 0.383513247 1.942281725
173366.896659039 -1.364081132 0.412422734 1.953705072
173366.929992988 -1.362467500 0.441797059 1.964610248
173366.996660886 -1.356849077 0.481561367 1.969193227
173367.029994836 -1.348623632 0.518527991 1.970678979
173367.063328785 -1.357095230 0.541522552 1.980502558
173367.096662734 -1.350919955 0.582557651 1.974568644
173367.129996683 -1.356035323 0.614272804 1.976598049
173367.163330632 -1.373841585 0.639407322 1.980285197
173367.196664582 -1.380117522 0.681690809 1.970509541
173367.229998531 -1.408258960 0.709270590 1.972944161
173367.263332480 -1.420828940 0.744138587 1.961224395
173367.296666429 -1.446984634 0.762047036 1.963593168
173367.363334328 -1.467253336 0.787140202 1.960975509
173367.396668277 -1.493455341 0.797633625 1.970656043
173367.430002226 -1.513825765 0.820266861 1.965371299
173367.463336175 -1.538468612 0.836172934 1.962031116
173367.496670125 -1.559342454 0.840446850 1.974803295
173367.530004074 -1.582010319 0.862453245 1.965740899
173367.563338023 -1.607729320 0.887088247 1.947667313
173367.630005921 -1.624851588 0.904913728 1.939975579
173367.663339871 -1.651855925 0.923510260 1.916979348
173367.696673820 -1.676687287 0.941731910 1.888685595
173367.730007769 -1.706004533 0.956074363 1.864740110
173367.763341718 -1.735784561 0.964039001 1.850829070
173367.796675667 -1.760188691 0.971066919 1.847082347
173367.830009617 -1.790779018 0.977500506 1.817483693
173367.863343566 -1.817217093 0.979433317 1.801756777
173367.930011464 -1.844615754 0.980385156 1.777988058
173367.963345414 -1.873670548 0.974337137 1.771761606
173367.996679363 -1.900335524 0.967208896 1.765448006
173368.030013312 -1.924677518 0.964175694 1.765561963
173368.063347261 -1.950478531 0.958533747 1.728526826
173368.096681210 -1.975287692 0.946210212 1.718752486
173368.130015160 -2.002307947 0.935166278 1.701447308
173368.163349109 -2.021633789 0.921067267 1.660682175
173368.196683058 -2.015234688 0.928736315 1.662280471
173368.230017007 -2.037564552 0.912309402 1.641080486
173368.263350956 -2.060700540 0.890886561 1.618453209
173368.296684906 -2.088001200 0.870229840 1.608179817
173368.330018855 -2.109241782 0.847950676 1.588352417
173368.363352804 -2.129941477 0.829449191 1.583442895
173368.396686753 -2.149981912 0.810917493 1.572689285
173368.430020703 -2.172515097 0.785407472 1.565030545
173368.463354652 -2.165574618 0.788498351 1.553399866
173368.496688601 -2.189400483 0.770552122 1.564528204
173368.530022550 -2.207648320 0.746490292 1.556671029
173368.563356499 -2.224674880 0.719730734 1.552366799
173368.596690449 -2.239801929 0.689945629 1.554004422
173368.630024398 -2.256389627 0.665330175 1.553452153
173368.663358347 -2.272818131 0.669542837 1.551443788
173368.696692296 -2.285476343 0.635472352 1.550237008
173368.730026245 -2.297565401 0.603862610 1.551089119
173368.763360195 -2.291425065 0.606594814 1.538393579
173368.796694144 -2.302807355 0.571655132 1.541550907
173368.830028093 -2.297526831 0.529894499 1.526890048
173368.863362042 -2.307120991 0.504321727 1.540665448
173368.896695992 -2.309026012 0.468524377 1.542592672
173368.930029941 -2.321077069 0.449200650 1.562557173
173368.963363890 -2.330511935 0.451824956 1.569769615
173368.996697839 -2.336744839 0.423302835 1.578197971
173369.030031788 -2.346353425 0.399348111 1.588899039
173369.063365738 -2.361384378 0.386562685 1.609675225
173369.096699687 -2.357070755 0.350002449 1.625104028
173369.130033636 -2.356689638 0.320776073 1.642133746
173369.163367585 -2.357517911 0.297844350 1.661835708
173369.230035484 -2.346141705 0.263463905 1.679089715
173369.296703382 -2.327378899 0.228655905 1.690044701
173369.330037331 -2.317944223 0.201469529 1.716813166
173369.363371281 -2.312260004 0.200714810 1.699890335
173369.396705230 -2.307047026 0.178364223 1.724670057
173369.430039179 -2.308396932 0.160218860 1.744527256
173369.463373128 -2.301597710 0.139408710 1.767919786
173369.496707077 -2.302441895 0.125032490 1.791057749
173369.530041027 -2.281727739 0.106450400 1.823204806
173369.563374976 -2.264285173 0.089770307 1.850101564
173369.596708925 -2.250839945 0.075902605 1.879777210
173369.630042874 -2.251994368 0.067791346 1.904994142
173369.663376823 -2.238706104 0.057282867 1.933105725
173369.696710773 -2.227701671 0.049854751 1.963799348
173369.730044722 -2.218465597 0.040461123 1.985878080
173369.763378671 -2.208952966 0.041530389 2.018231147
173369.796712620 -2.219374348 0.048403187 2.051228374
173369.830046570 -2.214278496 0.051277224 2.077594254
173369.863380519 -2.202515386 0.052042633 2.106406977
173369.896714468 -2.189517744 0.063303265 2.139719898
173369.930048417 -2.183215671 0.073872624 2.166991982
173369.963382366 -2.195443388 0.090695178 2.201561203
173369.996716316 -2.187744980 0.104900477 2.233048878
173370.030050265 -2.204927852 0.114424016 2.252686035
173370.063384214 -2.201528890 0.130515050 2.282235452
173370.096718163 -2.195189846 0.147734088 2.309152315
173370.163386062 -2.208280844 0.159380697 2.328223455
173370.230053960 -2.204100915 0.176506278 2.353092907
173370.263387909 -2.187086463 0.211372947 2.379583848
173370.296721859 -2.171781640 0.206672810 2.377277088
173370.330055808 -2.183139014 0.227558534 2.396101416
173370.363389757 -2.173477577 0.253803116 2.417467265
173370.396723706 -2.190556104 0.289021704 2.438872714
173370.430057655 -2.191562220 0.313617217 2.457578602
173370.463391605 -2.213881006 0.343620095 2.473367501
173370.496725554 -2.229359572 0.366661870 2.483301486
173370.530059503 -2.233052617 0.399667979 2.494406329
173370.563393452 -2.264018649 0.426058258 2.503921450
173370.596727401 -2.250274845 0.475924491 2.506568755
173370.630061351 -2.239923826 0.523362183 2.503429838
173370.663395300 -2.242929376 0.560093918 2.503656877
173370.696729249 -2.252143518 0.593404296 2.502896572
173370.730063198 -2.265886612 0.616834352 2.505362608
173370.763397148 -2.251657956 0.614478154 2.506262107
173370.796731097 -2.255654586 0.650100928 2.499414050
173370.830065046 -2.241368416 0.692256369 2.483248116
173370.863398995 -2.246478967 0.726065077 2.468903320
173370.896732944 -2.254229618 0.726873251 2.473662789
173370.930066894 -2.296677547 0.744151915 2.475846341
173370.963400843 -2.308665781 0.769580847 2.470904291
173370.996734792 -2.318528404 0.802201781 2.454483409
173371.030068741 -2.321315162 0.834867799 2.433566954
173371.063402690 -2.337918129 0.858619076 2.417267036
173371.096736640 -2.330561361 0.886843437 2.392402395
173371.130070589 -2.341545690 0.911131512 2.371957309
173371.196738487 -2.360709284 0.926838608 2.358569457
173371.230072437 -2.395377055 0.939011854 2.348395959
173371.263406386 -2.442016784 0.941527616 2.349337655
173371.296740335 -2.467972927 0.950003494 2.329183918
173371.330074284 -2.492658125 0.960162198 2.305108222
173371.363408233 -2.498710681 0.977640211 2.273022777
173371.396742183 -2.520224448 0.984557317 2.241376288
173371.430076132 -2.535392871 0.993489636 2.206501136
173371.463410081 -2.552901895 0.999765944 2.177779431
173371.496744030 -2.566279474 1.000451993 2.185252846
173371.530077979 -2.595910955 0.999675085 2.172731827
173371.563411929 -2.618859060 0.995429091 2.158560332
173371.596745878 -2.645342781 0.991871951 2.159080477
173371.630079827 -2.670164337 0.988995760 2.142737708
173371.663413776 -2.697103905 0.978992362 2.121882753
173371.696747726 -2.721178515 0.968963482 2.094569018
173371.730081675 -2.721850599 0.963579863 2.044820830
173371.763415624 -2.747573482 0.951114066 2.031477627
173371.796749573 -2.768772128 0.933295018 2.009316731
173371.830083522 -2.793033780 0.918325214 2.006029896
173371.863417472 -2.814824348 0.908487772 1.992435093
173371.896751421 -2.834074219 0.884962303 1.972248814
173371.930085370 -2.866461209 0.848255676 1.966989219
173371.963419319 -2.875562540 0.848336280 1.972769744
173371.996753268 -2.894750478 0.826257746 1.959167063
173372.030087218 -2.905317310 0.795840177 1.938051761
173372.063421167 -2.922486128 0.773109650 1.925964605
173372.096755116 -2.936935911 0.774706222 1.939607442
173372.130089065 -2.948812122 0.743657418 1.922094063
173372.163423015 -2.964662756 0.714836650 1.917557689
173372.196756964 -2.945018267 0.653893795 1.875486254
173372.230090913 -2.953000738 0.616331802 1.872239460
173372.263424862 -2.961877523 0.618022567 1.877335786
173372.296758811 -2.973487715 0.588107175 1.876523696
173372.330092761 -2.989047147 0.567349394 1.888214751
173372.363426710 -2.998696813 0.536563645 1.890482250
173372.396760659 -2.990457982 0.489986308 1.882758520
173372.430094608 -3.003701194 0.468379951 1.897214200
173372.463428557 -3.013017382 0.441239219 1.904508938
173372.496762507 -3.020972103 0.411480616 1.914372249
173372.530096456 -3.027698327 0.381779018 1.931807562
173372.563430405 -3.024523539 0.346221271 1.944169264
173372.596764354 -3.025257824 0.314741231 1.964280275
173372.630098304 -3.030035631 0.292462775 1.987372647
173372.663432253 -3.034573672 0.274852462 2.010130558
173372.696766202 -3.042075471 0.260150634 2.036844777
173372.730100151 -3.031624704 0.256992141 2.024000218
173372.763434100 -3.024954389 0.227341065 2.045034836
173372.796768050 -3.035029646 0.210587808 2.066240285
173372.830101999 -3.031123422 0.209800514 2.054058247
173372.863435948 -3.014641300 0.179728864 2.080150313
173372.896769897 -3.019640974 0.162741317 2.110697394
173372.930103846 -3.022721559 0.146317487 2.134408556
173372.963437796 -3.039972384 0.143225531 2.172086725
173372.996771745 -3.037461517 0.140226857 2.169034207
173373.030105694 -3.024888639 0.120227854 2.197992481
173373.063439643 -3.025595188 0.110454536 2.223376980
173373.096773593 -3.042689925 0.104094849 2.237868311
173373.130107542 -3.034155249 0.093140018 2.258875638
173373.163441491 -3.011813043 0.085130741 2.277588360
173373.196775440 -3.014131807 0.084743195 2.284133296
173373.230109389 -3.009143688 0.082355195 2.292762987
173373.263443339 -2.990547691 0.073826488 2.291132573
173373.296777288 -2.943549824 0.062771205 2.316875421
173373.330111237 -2.927073841 0.057340644 2.303805519
173373.363445186 -2.922712656 0.058129109 2.306511245
173373.396779135 -2.921395088 0.054407394 2.339390228
173373.430113085 -2.922540782 0.055898667 2.376057908
173373.463447034 -2.918775231 0.050037594 2.365422709
173373.496780983 -2.926366533 0.052986454 2.415225805
173373.530114932 -2.922429382 0.048817140 2.412557848
173373.563448882 -2.911849866 0.050237578 2.420987839
173373.930122323 -2.904100570 0.013642107 2.418300086
173373.963456272 -2.875004827 -0.011601979 2.405338300
173373.996790221 -2.858076018 -0.037704078 2.396222015
173374.030124171 -2.850909583 -0.066385068 2.401439074
173374.063458120 -2.848134158 -0.095098822 2.412509282
173374.096792069 -2.849309919 -0.121535175 2.427068335
173374.130126018 -2.858977284 -0.145890609 2.443011278
173374.163459967 -2.857995227 -0.168692253 2.462594963
173374.196793917 -2.852004068 -0.188405962 2.488051205
173374.230127866 -2.847516354 -0.205023084 2.517825557
173374.263461815 -2.846588657 -0.221566867 2.548010360
173374.296795764 -2.855068030 -0.236920362 2.582634890
173374.330129713 -2.868404374 -0.251725017 2.617973308
173374.363463663 -2.885405041 -0.265051924 2.653766745
173374.396797612 -2.901659941 -0.276438227 2.688043297
173374.430131561 -2.916758542 -0.286473567 2.720874837
173374.463465510 -2.931499279 -0.294501221 2.750493358
173374.496799460 -2.945384843 -0.299783933 2.776681204
173374.530133409 -2.967430630 -0.302877725 2.801482738
173374.563467358 -2.991432125 -0.308057614 2.826354624
173374.596801307 -3.008909718 -0.311269919 2.849056201
173374.630135256 -3.019617363 -0.309737129 2.865397021
173374.663469206 -3.026744042 -0.309713523 2.876452923
173374.696803155 -3.032889854 -0.312308157 2.884885951
173374.730137104 -3.043606792 -0.314007906 2.886919413
173374.763471053 -3.054223631 -0.316761592 2.886546724
173374.796805002 -3.062870556 -0.320775293 2.887904556
173374.830138952 -3.069044202 -0.324802446 2.893388296
173374.863472901 -3.072940450 -0.327898276 2.894815344
173374.896806850 -3.076060057 -0.330043534 2.896857537
173374.930140799 -3.078058560 -0.330391610 2.897605184
173374.963474749 -3.075613062 -0.330096255 2.894920663
173374.996808698 -3.068128041 -0.330190668 2.889716546
173375.030142647 -3.058557732 -0.330550276 2.878880973
173375.063476596 -3.048534763 -0.330975857 2.863612749
173375.096810545 -3.039494418 -0.330295011 2.848396138
173375.130144495 -3.029446871 -0.330589853 2.829755532
173375.163478444 -3.019453063 -0.330095971 2.813438181
173375.196812393 -3.008523250 -0.329933288 2.801014882
173375.230146342 -2.999392019 -0.328100775 2.792652529
173375.263480291 -2.989616575 -0.325674037 2.785957746
173375.296814241 -2.979944600 -0.321788061 2.782003255
173375.330148190 -2.970091100 -0.315849474 2.777989640
173375.363482139 -2.961007972 -0.307116818 2.773557134
173375.396816088 -2.951943013 -0.295752444 2.768726019
173375.430150038 -2.942098751 -0.282367724 2.765758995
173375.463483987 -2.932859978 -0.270137706 2.757710452
173375.496817936 -2.923946409 -0.260377125 2.748926453
173375.530151885 -2.912787910 -0.257196123 2.743988065
173375.563485834 -2.901541304 -0.259916267 2.740044518
173375.596819784 -2.891116227 -0.264983885 2.739685937
173375.630153733 -2.881556164 -0.273680162 2.738955650
173375.663487682 -2.871220737 -0.288121583 2.737339403
173375.696821631 -2.860543501 -0.307386132 2.735790563
173375.730155580 -2.849791207 -0.329106354 2.732514747
173375.763489530 -2.838812904 -0.353211620 2.726913003
173375.796823479 -2.828731666 -0.377967084 2.720325470
173375.830157428 -2.820573971 -0.403158189 2.712692622
173375.863491377 -2.813001766 -0.427980635 2.705681171
173375.896825327 -2.807999942 -0.451472209 2.700750405
173375.930159276 -2.805950501 -0.474263805 2.695950341
173375.963493225 -2.806472364 -0.495433991 2.692140631
173375.996827174 -2.808429185 -0.514722695 2.686170112
173376.030161123 -2.811131737 -0.532748093 2.679252205
173376.063495073 -2.814942971 -0.548391081 2.673398875
173376.096829022 -2.821088850 -0.561590125 2.667736854
173376.130162971 -2.826370233 -0.573272747 2.661501386
173376.163496920 -2.830394388 -0.584141373 2.652718457
173376.196830869 -2.832939553 -0.594041793 2.644449183
173376.230164819 -2.834838005 -0.602835707 2.638607759
173376.263498768 -2.836325349 -0.609284869 2.636760554
173376.296832717 -2.837800448 -0.613003955 2.636670336
173376.330166666 -2.838218972 -0.614225342 2.639345588
173376.363500616 -2.836740810 -0.613316615 2.643615486
173376.396834565 -2.833401249 -0.611154761 2.645564536
173376.430168514 -2.828307964 -0.608587503 2.645993435
173376.463502463 -2.821440362 -0.602196398 2.649193960
173376.496836412 -2.811456235 -0.595014308 2.650637283
173376.530170362 -2.799375247 -0.587119976 2.649402621
173376.563504311 -2.784860971 -0.577880421 2.649325493
173376.596838260 -2.768923635 -0.566738486 2.647821134
173376.630172209 -2.753046779 -0.554876075 2.645147939
173376.663506158 -2.732629983 -0.544582256 2.642448898
173376.696840108 -2.712563463 -0.533769524 2.635527378
173376.730174057 -2.689649246 -0.521253990 2.630190062
173376.763508006 -2.666662152 -0.508252278 2.623769339
173376.796841955 -2.643257980 -0.494887419 2.617719015
173376.830175905 -2.622526876 -0.482106089 2.611964004
173376.863509854 -2.604548753 -0.469702097 2.605529478
173376.896843803 -2.588799512 -0.457561700 2.599322225
173376.930177752 -2.576239365 -0.446186798 2.593318362
173376.963511701 -2.567197879 -0.434665040 2.588660699
173376.996845651 -2.561952902 -0.424456269 2.586244011
173377.030179600 -2.559731623 -0.415862391 2.585475766
173377.063513549 -2.560146350 -0.409817343 2.586413619
173377.096847498 -2.562239074 -0.406114700 2.590732562
173377.130181447 -2.567105094 -0.406566073 2.596355534
173377.163515397 -2.574363232 -0.409872151 2.606827903
173377.196849346 -2.585315472 -0.415649843 2.620821269
173377.230183295 -2.599360358 -0.422363845 2.638997763
173377.263517244 -2.617502693 -0.429482890 2.659400829
173377.296851194 -2.638120421 -0.434547040 2.681038034
173377.330185143 -2.658809327 -0.440124105 2.700508307
173377.363519092 -2.677466857 -0.444374616 2.718276183
173377.396853041 -2.695994067 -0.447598183 2.733788299
173377.430186990 -2.713248269 -0.450568073 2.747538374
173377.463520940 -2.728534348 -0.453608166 2.760020789
173377.496854889 -2.741878205 -0.456979503 2.771235068
173377.530188838 -2.753158268 -0.460229800 2.782544982
173377.563522787 -2.760951211 -0.463910691 2.792765234
173377.596856736 -2.765880082 -0.466928045 2.802012557
173377.630190686 -2.767909809 -0.468735618 2.810191592
173377.663524635 -2.767232568 -0.470098378 2.816929523
173377.696858584 -2.765257307 -0.470864409 2.823285257
173377.730192533 -2.762218124 -0.471985424 2.828842333
173377.763526483 -2.758627511 -0.472961724 2.833060401
173377.796860432 -2.754613273 -0.472650267 2.835413647
173377.830194381 -2.750063522 -0.470901745 2.835737472
173377.863528330 -2.745547281 -0.468369568 2.834058691
173377.896862279 -2.740797533 -0.465876595 2.829210805
173377.930196229 -2.735545596 -0.463243845 2.821999962
173377.963530178 -2.730510144 -0.461113801 2.811526223
173377.996864127 -2.726401266 -0.459110709 2.798525688
173378.030198076 -2.722557483 -0.458221649 2.782475296
173378.063532025 -2.721015541 -0.457425472 2.764236754
173378.096865975 -2.721407129 -0.458066198 2.743456762
173378.130199924 -2.723595603 -0.459998292 2.720623572
173378.163533873 -2.728625253 -0.463383397 2.695972011
173378.196867822 -2.737600890 -0.468319729 2.670320980
173378.230201772 -2.750241092 -0.474384197 2.644936649
173378.263535721 -2.767442554 -0.481096752 2.619421454
173378.296869670 -2.788695522 -0.487705949 2.595610795
173378.330203619 -2.813937256 -0.494332371 2.573806346
173378.363537568 -2.842624653 -0.500695699 2.554611318
173378.396871518 -2.873603212 -0.508330010 2.537937352
173378.430205467 -2.907084428 -0.515589425 2.524652300
173378.463539416 -2.941330148 -0.522524360 2.514382213
173378.496873365 -2.975065559 -0.528556350 2.506551677
173378.530207314 -3.007779881 -0.533389057 2.502494170
173378.563541264 -3.038800577 -0.536801916 2.501224704
173378.596875213 -3.066802574 -0.539090462 2.502068225
173378.630209162 -3.090143369 -0.540111176 2.504562752
173378.663543111 -3.108504558 -0.538889674 2.508178289
173378.696877061 -3.119807780 -0.535263538 2.512127656
173378.730211010 -3.124729175 -0.528947702 2.516449741
173378.763544959 -3.125167381 -0.519793173 2.520378653
173378.796878908 -3.122739925 -0.507736999 2.523568550
173378.830212857 -3.116240657 -0.492325620 2.526661674
173378.863546807 -3.106224052 -0.474202413 2.530691949
173378.896880756 -3.092442648 -0.453545538 2.537837290
173378.930214705 -3.076316666 -0.432386154 2.548398511
173378.963548654 -3.058016024 -0.411466491 2.562166795
173378.996882603 -3.039062137 -0.391593512 2.578668624
173379.030216553 -3.018789618 -0.373767422 2.597392057
173379.063550502 -2.997875283 -0.358649751 2.619405955
173379.096884451 -2.978265146 -0.347604389 2.644142670
173379.130218400 -2.960089076 -0.342104834 2.670654984
173379.163552350 -2.944598989 -0.340538760 2.694500989
173379.196886299 -2.930936965 -0.340966968 2.716859521
173379.230220248 -2.919398585 -0.344428671 2.738059443
173379.263554197 -2.909817070 -0.349566597 2.757913019
173379.296888146 -2.901537082 -0.355354023 2.773965114
173379.330222096 -2.895606036 -0.361190594 2.787899243
173379.363556045 -2.890441061 -0.366704299 2.799565814
173379.396889994 -2.886185061 -0.370725821 2.810900084
173379.430223943 -2.882216786 -0.374136243 2.822107562
173379.463557892 -2.880168377 -0.377038523 2.830784675
173379.496891842 -2.878931066 -0.379854258 2.837059490
173379.530225791 -2.879253940 -0.381517669 2.840238657
173379.563559740 -2.878663671 -0.382875455 2.839928082
173379.596893689 -2.879231753 -0.381561374 2.836481003
173379.630227639 -2.880356102 -0.379598251 2.828051682
173379.663561588 -2.881470345 -0.376555071 2.816884828
173379.696895537 -2.882825711 -0.374663038 2.802284414
173379.730229486 -2.885629883 -0.372711346 2.785607911
173379.763563435 -2.888982896 -0.371609729 2.767864639
173379.796897385 -2.893916976 -0.370904145 2.749338117
173379.830231334 -2.900723597 -0.370431399 2.730500478
173379.863565283 -2.908098623 -0.370368552 2.711936785
173379.896899232 -2.915346655 -0.370897033 2.695365118
173379.930233181 -2.922096981 -0.370727356 2.681562872
173379.963567131 -2.928107177 -0.371582179 2.670945106
173379.996901080 -2.934363300 -0.371921304 2.662869529
173380.030235029 -2.940409079 -0.371304265 2.657938826
173380.063568978 -2.945619255 -0.370385657 2.655492582
173380.096902928 -2.950166068 -0.369475926 2.655003194
173380.130236877 -2.953572619 -0.367975383 2.655927099
173380.163570826 -2.955568919 -0.366947037 2.658448583
173380.196904775 -2.956725317 -0.366113106 2.662202523
173380.230238724 -2.957019914 -0.365463206 2.666270759
173380.263572674 -2.956292221 -0.364883089 2.671559538
173380.296906623 -2.954477932 -0.364611890 2.677692738
173380.330240572 -2.951523514 -0.364985587 2.684571061
173380.363574521 -2.947413185 -0.365925635 2.691985033
173380.396908470 -2.941733573 -0.368205081 2.700191905
173380.430242420 -2.935777757 -0.370783432 2.708778922
173380.463576369 -2.929805492 -0.373814784 2.717697676
173380.496910318 -2.922218221 -0.377780860 2.727176660
173380.530244267 -2.914716560 -0.382012302 2.737124464
173380.563578217 -2.907547614 -0.386028588 2.747214602
173380.596912166 -2.899731836 -0.390519914 2.757574634
173380.630246115 -2.891872184 -0.394364900 2.767720805
173380.663580064 -2.883980379 -0.397959473 2.778243566
173380.696914013 -2.878120814 -0.400283482 2.788200860
173380.730247963 -2.873246398 -0.401954992 2.798155396
173380.763581912 -2.869307157 -0.402858900 2.807894552
173380.796915861 -2.866675080 -0.402491697 2.817085962
173380.830249810 -2.865377327 -0.400949443 2.825298484
173380.863583759 -2.864714903 -0.398288542 2.832089292
173380.896917709 -2.864281495 -0.395392323 2.837058671
173380.930251658 -2.864619110 -0.391221803 2.839308857
173380.963585607 -2.865165570 -0.386120216 2.839094378
173380.996919556 -2.866317472 -0.380434115 2.835898702
173381.030253506 -2.867314646 -0.374915680 2.828117489
173381.063587455 -2.868502116 -0.369264561 2.817857175
173381.096921404 -2.870807223 -0.364510158 2.804963542
173381.130255353 -2.873081972 -0.360657924 2.791470836
173381.163589302 -2.874913201 -0.359067431 2.777084743
173381.196923252 -2.877460226 -0.359142825 2.762052218
173381.230257201 -2.879846403 -0.359354703 2.749306211
173381.263591150 -2.883027285 -0.360304706 2.738133497
173381.296925099 -2.885742403 -0.363541652 2.728235282
173381.330259049 -2.888165642 -0.367375061 2.721070530
173381.363592998 -2.889926966 -0.371987858 2.715997764
173381.396926947 -2.891497506 -0.376280665 2.713032978
173381.430260896 -2.893516768 -0.379528215 2.711415804
173381.463594845 -2.895992364 -0.382225285 2.710497193
173381.496928795 -2.898812303 -0.384246983 2.710628849
173381.530262744 -2.901911945 -0.385413335 2.711639844
173381.563596693 -2.904371127 -0.386948570 2.713308244
173381.596930642 -2.906351709 -0.388322158 2.715275015
173381.630264591 -2.908307024 -0.390255661 2.717722382
173381.663598541 -2.910217092 -0.391795482 2.720556793
173381.696932490 -2.913019460 -0.393551585 2.723073047
173381.730266439 -2.916513321 -0.394434648 2.726177695
173381.763600388 -2.919981341 -0.394861285 2.729777053
173381.796934338 -2.924269572 -0.395051556 2.733457420
173381.830268287 -2.928325841 -0.394796577 2.737702404
173381.863602236 -2.932529671 -0.394581214 2.741839404
173381.896936185 -2.936658284 -0.393793674 2.745701966
173381.930270134 -2.940711035 -0.392362538 2.749516776
173381.963604084 -2.943537721 -0.391053195 2.753010753
173381.996938033 -2.946751050 -0.389354348 2.755934032
173382.030271982 -2.949638217 -0.387964493 2.758817498
173382.063605931 -2.951911395 -0.387106515 2.761364414
173382.096939880 -2.954065904 -0.386533829 2.763187061
173382.130273830 -2.955570488 -0.385912708 2.765253559
173382.163607779 -2.956520636 -0.385610006 2.767377191
173382.196941728 -2.957433822 -0.385058431 2.769456228
173382.230275677 -2.957753278 -0.384643112 2.771608169
173382.263609627 -2.958181639 -0.383936704 2.773730942
173382.296943576 -2.958727426 -0.382914151 2.775690976
173382.330277525 -2.959663333 -0.381835827 2.777238157
173382.363611474 -2.960636240 -0.380639831 2.778878538
173382.396945423 -2.961675294 -0.380134566 2.780331259
173382.430279373 -2.962564314 -0.379749420 2.781954685
173382.463613322 -2.963617422 -0.379273161 2.783648966
173382.496947271 -2.964553869 -0.378554349 2.784932881
173382.530281220 -2.965393386 -0.376991605 2.785374028
173382.563615169 -2.965040135 -0.376022855 2.784053660
173382.596949119 -2.963608758 -0.377050700 2.780322921
173382.630283068 -2.960508848 -0.379064583 2.775963246
173382.663617017 -2.956784487 -0.383446391 2.769749012
173382.696950966 -2.953064703 -0.389056878 2.762800241
173382.730284916 -2.949397847 -0.397823095 2.755975896
173382.763618865 -2.946269772 -0.409352509 2.749866571
173382.796952814 -2.944130725 -0.422581593 2.745260512
173382.830286763 -2.941166002 -0.436059064 2.742927611
173382.863620712 -2.934696236 -0.450928114 2.743935112
173382.896954662 -2.927656813 -0.465209350 2.748402494
173382.930288611 -2.921032674 -0.482282219 2.753109906
173382.963622560 -2.917108624 -0.498864904 2.758885811
173382.996956509 -2.914474083 -0.516881294 2.765238166
173383.030290458 -2.912791040 -0.534729082 2.772549402
173383.063624408 -2.909185529 -0.552265483 2.782704585
173383.096958357 -2.906507159 -0.569244720 2.792972685
173383.130292306 -2.903075483 -0.585468141 2.801982131
173383.163626255 -2.899882210 -0.596096090 2.809849157
173383.196960205 -2.896853538 -0.600697502 2.815705723
173383.230294154 -2.892597447 -0.601660907 2.820916188
173383.263628103 -2.887846505 -0.599483509 2.824431298
173383.296962052 -2.884443873 -0.591829225 2.826734152
173383.330296001 -2.880831204 -0.582774352 2.829296574
173383.363629951 -2.877839797 -0.570834893 2.831192877
173383.396963900 -2.874953411 -0.557589185 2.832160423
173383.430297849 -2.874370122 -0.540905749 2.832424536
173383.463631798 -2.875234019 -0.522017936 2.832713125
173383.496965747 -2.878495050 -0.500357754 2.831074820
173383.530299697 -2.882499348 -0.477768233 2.831837054
173383.563633646 -2.890882125 -0.453340660 2.830436962
173383.596967595 -2.904001387 -0.428885136 2.828430380
173383.630301544 -2.919945389 -0.405877677 2.828847429
173383.663635494 -2.935151069 -0.387050406 2.832171513
173383.696969443 -2.948184881 -0.372136556 2.830896272
173383.730303392 -2.962826988 -0.360409892 2.828473608
173383.763637341 -2.976879793 -0.351644292 2.824345764
173383.796971290 -2.988380107 -0.348157930 2.818172922
173383.830305240 -2.997614775 -0.349565199 2.811754829
173383.863639189 -3.002460263 -0.355024869 2.801855909
173383.896973138 -3.002540887 -0.364542603 2.788976183
173383.930307087 -3.000000451 -0.378234841 2.774460381
173383.963641036 -2.996177452 -0.396855403 2.760316114
173383.996974986 -2.991639152 -0.420575180 2.748042579
173384.030308935 -2.986827885 -0.449571790 2.737634514
173384.063642884 -2.982980519 -0.481326196 2.729269099
173384.096976833 -2.980055999 -0.515274424 2.724262076
173384.130310783 -2.976706135 -0.550011583 2.723146904
173384.163644732 -2.972589090 -0.585103464 2.725258332
173384.196978681 -2.969793250 -0.618582402 2.731296716
173384.230312630 -2.967443200 -0.644781442 2.738620576
173384.263646579 -2.965043415 -0.673263619 2.746438978
173384.296980529 -2.961789151 -0.694757185 2.757085157
173384.330314478 -2.958279354 -0.715489529 2.768344224
173384.363648427 -2.957120473 -0.720333059 2.780548455
173384.396982376 -2.951538140 -0.727268880 2.794737592
173384.430316325 -2.945940107 -0.733097863 2.806590668
173384.463650275 -2.939808554 -0.735562557 2.820121728
173384.496984224 -2.934730213 -0.735045268 2.830454308
173384.530318173 -2.928897832 -0.733515378 2.841923768
173384.563652122 -2.923407178 -0.728888318 2.851909730
173384.596986072 -2.916415077 -0.722542128 2.862162345
173384.630320021 -2.909612459 -0.711498955 2.870287603
173384.663653970 -2.900372400 -0.695531150 2.876977839
173384.696987919 -2.893845362 -0.675473267 2.881597190
173384.730321868 -2.891657759 -0.656654390 2.882398585
173384.763655818 -2.886558394 -0.632788759 2.885004111
173384.796989767 -2.884000707 -0.611637393 2.889531151
173384.830323716 -2.890394501 -0.580987240 2.899345304
173384.863657665 -2.893870306 -0.556116394 2.909702894
173384.896991614 -2.901572978 -0.532750710 2.922633407
173384.930325564 -2.903274827 -0.518017012 2.929290487
173384.963659513 -2.903135284 -0.507474863 2.933247080
173384.996993462 -2.899308916 -0.501283055 2.936201859
173385.030327411 -2.893286372 -0.498250297 2.936626284
173385.063661361 -2.885090310 -0.498947355 2.934555203
173385.096995310 -2.876608441 -0.501577647 2.929009817
173385.130329259 -2.869598314 -0.504425943 2.919987243
173385.163663208 -2.864709289 -0.506948543 2.909196114
173385.196997157 -2.862300797 -0.511818907 2.894020090
173385.230331107 -2.861979363 -0.516633547 2.876477113
173385.263665056 -2.864903438 -0.522250826 2.856503406
173385.296999005 -2.869719196 -0.527827325 2.835527423
173385.330332954 -2.876933901 -0.533138152 2.815606868
173385.363666903 -2.885583414 -0.539264116 2.795885272
173385.397000853 -2.895653691 -0.545055860 2.777060237
173385.430334802 -2.905751103 -0.551504141 2.758901667
173385.463668751 -2.917014478 -0.557339879 2.741500834
173385.497002700 -2.929084583 -0.562445039 2.725104945
173385.530336650 -2.941124337 -0.566839239 2.709436633
173385.563670599 -2.952794290 -0.571658280 2.694721485
173385.597004548 -2.965282611 -0.574954285 2.680341168
173385.630338497 -2.977861735 -0.577524337 2.667154972
173385.663672446 -2.990421051 -0.579839003 2.654953232
173385.697006396 -3.001608114 -0.581981489 2.643298803
173385.730340345 -3.012823178 -0.584380333 2.632275338
173385.763674294 -3.023810764 -0.586530124 2.622127782
173385.797008243 -3.034451792 -0.588413613 2.611994268
173385.830342192 -3.045828224 -0.589857038 2.602571082
173385.863676142 -3.058075023 -0.591040140 2.593825527
173385.897010091 -3.070799136 -0.593817995 2.585189279
173385.930344040 -3.082055246 -0.595134445 2.578227540
173385.963677989 -3.092796458 -0.597383935 2.572130674
173385.997011939 -3.102703725 -0.600003519 2.566470759
173386.030345888 -3.112359147 -0.602496579 2.561957838
173386.063679837 -3.121813127 -0.604167957 2.558774881
173386.097013786 -3.132125716 -0.605556003 2.556869864
173386.130347735 -3.143786793 -0.606500219 2.556646368
173386.163681685 -3.155592628 -0.606815787 2.558546689
173386.197015634 -3.167618788 -0.606418889 2.563184561
173386.230349583 -3.179462223 -0.605612316 2.569387153
173386.263683532 -3.191352502 -0.604811208 2.577383195
173386.297017481 -3.202852203 -0.603673775 2.587191180
173386.330351431 -3.214295807 -0.602760208 2.599739358
173386.363685380 -3.225522608 -0.601202136 2.613767646
173386.397019329 -3.236314447 -0.599349193 2.629306283
173386.430353278 -3.246769149 -0.597509667 2.645632533
173386.463687228 -3.256333124 -0.595641957 2.662576683
173386.497021177 -3.264540085 -0.593592225 2.679914832
173386.530355126 -3.271569667 -0.591327297 2.697450233
173386.563689075 -3.278186561 -0.589469084 2.714952843
173386.597023024 -3.284221578 -0.587495723 2.731928770
173386.630356974 -3.289229167 -0.585120710 2.749269330
173386.663690923 -3.293504015 -0.581787362 2.766605008
173386.697024872 -3.297442504 -0.578112326 2.784022321
173386.730358821 -3.300396114 -0.574523914 2.800561267
173386.763692770 -3.302281394 -0.570972604 2.815702071
173386.797026720 -3.303734029 -0.568210801 2.829469714
173386.830360669 -3.304783044 -0.566401547 2.841687694
173386.863694618 -3.305199183 -0.565232340 2.852141084
173386.897028567 -3.305116094 -0.564675815 2.860853223
173386.930362517 -3.304902821 -0.564202154 2.866793722
173386.963696466 -3.304537788 -0.564093738 2.869985009
173386.997030415 -3.304391584 -0.564487964 2.870565761
173387.030364364 -3.304272564 -0.565162814 2.868060985
173387.063698313 -3.303925370 -0.565971993 2.863534979
173387.097032263 -3.303485467 -0.567288063 2.856003421
173387.130366212 -3.302676406 -0.568862962 2.846101760
173387.163700161 -3.302266420 -0.571126514 2.834013948
173387.197034110 -3.301761034 -0.573581218 2.820056652
173387.230368059 -3.301052289 -0.575927756 2.805064116
173387.263702009 -3.299931572 -0.578315147 2.789681650
173387.297035958 -3.297804125 -0.581011986 2.773135035
173387.330369907 -3.294490089 -0.583690736 2.756402726
173387.363703856 -3.289922793 -0.586714857 2.739112070
173387.397037806 -3.284213358 -0.590398956 2.722268553
173387.430371755 -3.276903887 -0.593785265 2.705769463
173387.463705704 -3.268347919 -0.597174017 2.690191365
173387.497039653 -3.257928748 -0.600357257 2.675558952
173387.530373602 -3.245170395 -0.603002946 2.661454799
173387.563707552 -3.230586863 -0.604434046 2.648733146
173387.597041501 -3.214609214 -0.604889351 2.636890796
173387.630375450 -3.197897850 -0.604595345 2.626649387
173387.663709399 -3.180219661 -0.603457140 2.618138729
173387.697043348 -3.161243196 -0.601307928 2.610757182
173387.730377298 -3.141505113 -0.599092348 2.604493670
173387.763711247 -3.121258061 -0.596567140 2.598585437
173387.797045196 -3.101107933 -0.592954083 2.593736273
173387.830379145 -3.081293581 -0.588795103 2.589970253
173387.863713095 -3.062273455 -0.585321308 2.586545111
173387.897047044 -3.042815684 -0.581091243 2.583782338
173387.930380993 -3.023469199 -0.576365536 2.582485515
173387.963714942 -3.003965876 -0.571436938 2.582541448
173387.997048891 -2.984174437 -0.564652785 2.585136798
173388.030382841 -2.965530258 -0.557767821 2.589632946
173388.063716790 -2.946927901 -0.551798172 2.595854454
173388.097050739 -2.928693207 -0.550220626 2.601853150
173388.130384688 -2.911557707 -0.545678708 2.609857875
173388.163718637 -2.894642596 -0.542870596 2.619181725
173388.197052587 -2.879704500 -0.540293222 2.629907656
173388.230386536 -2.866591296 -0.537020505 2.642901452
173388.263720485 -2.856557226 -0.532285710 2.657538394
173388.297054434 -2.848486689 -0.528627417 2.672553867
173388.330388384 -2.842522643 -0.524503915 2.688023442
173388.363722333 -2.838199672 -0.521776771 2.704434662
173388.397056282 -2.836149785 -0.518191013 2.721408774
173388.430390231 -2.836856061 -0.514777938 2.738082314
173388.463724180 -2.837520007 -0.513408815 2.755921649
173388.497058130 -2.840653296 -0.511168325 2.772491273
173388.530392079 -2.843883268 -0.508713390 2.788654844
173388.563726028 -2.847642442 -0.507410806 2.803312811
173388.597059977 -2.851907341 -0.505186516 2.816829523
173388.630393926 -2.855804917 -0.502908162 2.828392691
173388.663727876 -2.859539741 -0.499517344 2.837895356
173388.697061825 -2.861367709 -0.497425630 2.846473513
173388.730395774 -2.862870333 -0.494857105 2.853571613
173388.763729723 -2.863731440 -0.492596626 2.859432165
173388.797063673 -2.864056144 -0.491263137 2.864691502
173388.830397622 -2.865080492 -0.489940026 2.869225238
173388.863731571 -2.866211851 -0.489161785 2.872721311
173388.897065520 -2.867266546 -0.488695220 2.876454311
173388.930399469 -2.867939205 -0.489368031 2.879735668
173388.963733419 -2.868905859 -0.490046986 2.882295823
173388.997067368 -2.869758861 -0.489475978 2.884579631
173389.030401317 -2.869917962 -0.488938600 2.886017310
173389.063735266 -2.869366576 -0.487024553 2.886510009
173389.097069215 -2.867984587 -0.482869182 2.885630701
173389.130403165 -2.865207013 -0.475575283 2.884227443
173389.163737114 -2.862546706 -0.465416179 2.881891061
173389.197071063 -2.859904826 -0.450575648 2.877825058
173389.230405012 -2.856395480 -0.432073230 2.871938241
173389.263738962 -2.852636518 -0.409656773 2.866472829
173389.297072911 -2.851766414 -0.382919947 2.858485351
173389.330406860 -2.851449581 -0.352016758 2.850939511
173389.363740809 -2.853954765 -0.320169942 2.841833898
173389.397074758 -2.859111997 -0.285700548 2.832616421
173389.430408708 -2.862693185 -0.250177821 2.823811013
173389.463742657 -2.866049339 -0.215876848 2.811806216
173389.497076606 -2.869493441 -0.182926085 2.800518599
173389.530410555 -2.874520505 -0.149321386 2.789313245
173389.563744504 -2.882030601 -0.111037889 2.778924573
173389.597078454 -2.891043523 -0.071164094 2.769471137
173389.630412403 -2.900484869 -0.031273247 2.760019612
173389.663746352 -2.909986968 0.007366804 2.751443070
173389.697080301 -2.918048702 0.042523641 2.743150582
173389.730414251 -2.925401278 0.075209938 2.734556957
173389.763748200 -2.931456346 0.107587943 2.728249804
173389.797082149 -2.934868317 0.135548695 2.719986368
173389.830416098 -2.936703915 0.150971849 2.701964900
173389.863750047 -2.935877148 0.167512506 2.691567200
173389.897083997 -2.937898050 0.186698812 2.685987853
173389.930417946 -2.939254396 0.201165953 2.678924678
173389.963751895 -2.941827588 0.213918080 2.674152456
173389.997085844 -2.944047778 0.222981245 2.673978650
173390.030419793 -2.946818277 0.225152484 2.673375818
173390.063753743 -2.948732761 0.221210287 2.675005752
173390.097087692 -2.949571398 0.211650614 2.679620665
173390.130421641 -2.951465022 0.199961819 2.687624047
173390.163755590 -2.949821431 0.181430177 2.694793086
173390.197089540 -2.946344215 0.159359453 2.702100580
173390.230423489 -2.940418759 0.132336651 2.707587977
173390.263757438 -2.933095713 0.096833734 2.711353481
173390.297091387 -2.924719031 0.058122616 2.716666540
173390.330425336 -2.916796335 0.015536773 2.723211358
173390.363759286 -2.908903040 -0.030257532 2.731171509
173390.397093235 -2.902651480 -0.077693833 2.740367164
173390.430427184 -2.895099436 -0.130138632 2.750638646
173390.463761133 -2.889841275 -0.183165707 2.760030700
173390.497095082 -2.889037364 -0.230073441 2.770924627
173390.530429032 -2.891236494 -0.275492907 2.781325238
173390.563762981 -2.895672442 -0.318958776 2.791307652
173390.597096930 -2.902146637 -0.357637750 2.801753475
173390.630430879 -2.911337976 -0.392167625 2.811482344
173390.663764829 -2.922186349 -0.423002982 2.820750701
173390.697098778 -2.936084835 -0.448136642 2.829177288
173390.730432727 -2.949798256 -0.468602415 2.838125363
173390.763766676 -2.963489602 -0.484011522 2.847062192
173390.797100625 -2.975824912 -0.493509348 2.855403250
173390.830434575 -2.986537735 -0.499797004 2.862619974
173390.863768524 -2.994866604 -0.501684371 2.868799558
173390.897102473 -3.002317541 -0.500479881 2.873353631
173390.930436422 -3.008784210 -0.497969656 2.876145186
173390.963770371 -3.013224945 -0.494799350 2.878029716
173390.997104321 -3.014549488 -0.490733323 2.878425011
173391.030438270 -3.012743988 -0.488522459 2.876454698
173391.063772219 -3.009595129 -0.485017835 2.872209627
173391.097106168 -3.004791460 -0.481595200 2.867086810
173391.130440118 -2.998851990 -0.479731273 2.861209625
173391.163774067 -2.992623226 -0.479421578 2.856686100
173391.197108016 -2.986530787 -0.480809599 2.853859570
173391.230441965 -2.981555458 -0.484685616 2.851221284
173391.263775914 -2.978249243 -0.490816523 2.849747281
173391.297109864 -2.976114781 -0.496977580 2.849551367
173391.330443813 -2.976112131 -0.505135184 2.850760738
173391.363777762 -2.978272910 -0.514628000 2.853844394
173391.397111711 -2.980817460 -0.529256574 2.857359689
173391.430445660 -2.982022592 -0.546960130 2.862673649
173391.463779610 -2.981443388 -0.568016312 2.867332993
173391.497113559 -2.979729738 -0.592054839 2.871969022
173391.530447508 -2.977324172 -0.618180011 2.876944814
173391.563781457 -2.973478720 -0.645838351 2.881748842
173391.597115407 -2.969288767 -0.674403058 2.886816293
173391.630449356 -2.964607403 -0.702751850 2.891979859
173391.663783305 -2.960243033 -0.729898391 2.896161660
173391.697117254 -2.955626518 -0.755067068 2.899081701
173391.730451203 -2.956995507 -0.767648670 2.894129874
173391.763785153 -2.959695964 -0.775381038 2.889738077
173391.797119102 -2.964282543 -0.780468326 2.883628624
173391.830453051 -2.965196362 -0.785615230 2.874933828
173391.863787000 -2.962150798 -0.789137936 2.866814618
173391.897120949 -2.959676007 -0.788061918 2.859114023
173391.930454899 -2.958344970 -0.781711886 2.853052676
173391.963788848 -2.960170167 -0.768870432 2.847520331
173391.997122797 -2.963582768 -0.752229461 2.841847864
173392.030456746 -2.968348763 -0.732975634 2.833989814
173392.063790696 -2.974849419 -0.711459837 2.825170656
173392.097124645 -2.982490083 -0.687828266 2.816315079
173392.130458594 -2.990056557 -0.661850918 2.807983590
173392.163792543 -2.997980886 -0.632507293 2.799323673
173392.197126492 -3.005742616 -0.599073531 2.791155584
173392.230460442 -3.013273701 -0.561930172 2.780688134
173392.263794391 -3.019177312 -0.524182271 2.769399114
173392.297128340 -3.023544446 -0.486960295 2.757748137
173392.330462289 -3.025623681 -0.452482779 2.746192346
173392.363796238 -3.027666181 -0.421386862 2.735316136
173392.397130188 -3.028177209 -0.397427454 2.728079289
173392.430464137 -3.028869497 -0.379575892 2.721533874
173392.463798086 -3.030216944 -0.367187120 2.716052349
173392.497132035 -3.030663535 -0.360408556 2.714027573
173392.530465985 -3.029128343 -0.359264278 2.714183069
173392.563799934 -3.026429189 -0.362205860 2.716122731
173392.597133883 -3.021880894 -0.367128205 2.719788039
173392.630467832 -3.017955507 -0.371188140 2.723804739
173392.663801781 -3.013111100 -0.374243991 2.729347122
173392.697135731 -3.008729321 -0.375019540 2.737980245
173392.730469680 -3.004543539 -0.374207631 2.749436737
173392.763803629 -3.002185574 -0.369660441 2.764166500
173392.797137578 -3.000563027 -0.364101781 2.779681295
173392.830471527 -3.001355347 -0.356923601 2.796605020
173392.863805477 -3.002249784 -0.350492341 2.814646157
173392.897139426 -3.003871153 -0.344083449 2.832632480
173392.930473375 -3.006677746 -0.339948781 2.849315577
173392.963807324 -3.008284368 -0.335711932 2.866984771
173392.997141274 -3.008738498 -0.331503167 2.883591223
173393.030475223 -3.010434981 -0.328112107 2.899268079
173393.063809172 -3.011840733 -0.325531319 2.914840431
173393.097143121 -3.013874387 -0.322700581 2.929785110
173393.130477070 -3.017473125 -0.321846123 2.943883397
173393.163811020 -3.021129608 -0.318538930 2.962102280
173393.197144969 -3.028333591 -0.314343603 2.979976717
173393.230478918 -3.034750746 -0.313652346 2.990975654
173393.263812867 -3.042300863 -0.313912733 2.995565284
173393.297146816 -3.056322697 -0.308609895 3.005973863
173393.330480766 -3.070038126 -0.304948990 3.011014919
173393.363814715 -3.080398771 -0.300524273 3.017404419
173393.397148664 -3.089900936 -0.297471117 3.022711973
173393.430482613 -3.100270424 -0.296127321 3.030421295
173393.463816563 -3.107669267 -0.294043853 3.035079763
173393.497150512 -3.114321978 -0.292476795 3.040453507
173393.530484461 -3.118058079 -0.291409975 3.045045179
173393.563818410 -3.120062408 -0.290482002 3.048525663
173393.597152359 -3.117672425 -0.291981927 3.051932044
173393.630486309 -3.114251639 -0.292994945 3.053894578
173393.663820258 -3.108283456 -0.295552657 3.055689945
173393.697154207 -3.097787652 -0.299220367 3.054051131
173393.730488156 -3.084708266 -0.304021326 3.047171901
173393.763822105 -3.070129590 -0.310515430 3.040540736
173393.797156055 -3.056024054 -0.316072851 3.025366920
173393.830490004 -3.046829527 -0.323485026 3.009589950
173393.863823953 -3.036311357 -0.330943425 2.989954668
173393.897157902 -3.024694928 -0.339509184 2.969689768
173393.930491852 -3.014999214 -0.347834876 2.948315234
173393.963825801 -3.007394371 -0.358585050 2.923025117
173393.997159750 -3.003734468 -0.368641251 2.898219615
173394.030493699 -3.002107026 -0.379386929 2.873983896
173394.063827648 -3.002091260 -0.389056180 2.852812714
173394.097161598 -3.003596900 -0.397355776 2.834346994
173394.130495547 -3.006368139 -0.403931335 2.818179192
173394.163829496 -3.010497374 -0.408533819 2.804834554
173394.197163445 -3.014643357 -0.409619617 2.795558709
173394.230497394 -3.017928353 -0.409910798 2.788471431
173394.263831344 -3.020591569 -0.409118283 2.782294214
173394.297165293 -3.023592217 -0.408212132 2.777796825
173394.330499242 -3.026200952 -0.406747284 2.774336420
173394.363833191 -3.029294920 -0.403490643 2.771313053
173394.397167141 -3.032101024 -0.397460668 2.769941548
173394.430501090 -3.035037509 -0.391950761 2.770211623
173394.463835039 -3.037973304 -0.385475641 2.768761980
173394.497168988 -3.042746819 -0.378237682 2.768497763
173394.530502937 -3.046766077 -0.370977963 2.768539084
173394.563836887 -3.051483043 -0.364556255 2.770288991
173394.597170836 -3.054756640 -0.358519605 2.773342109
173394.630504785 -3.056399166 -0.355847753 2.775665130
173394.663838734 -3.057160643 -0.355128902 2.777717129
173394.697172683 -3.057873910 -0.355773219 2.778787915
173394.730506633 -3.058326269 -0.358285628 2.780892004
173394.763840582 -3.057911801 -0.363074546 2.784417438
173394.797174531 -3.057794325 -0.370131999 2.787070406
173394.830508480 -3.057780951 -0.378729333 2.788494356
173394.863842430 -3.055885580 -0.391615189 2.788434949
173394.897176379 -3.051714470 -0.400252293 2.787218409
173394.930510328 -3.047453275 -0.406273879 2.785257202
173394.963844277 -3.043786215 -0.410966250 2.783554331
173394.997178226 -3.039485081 -0.414355754 2.781447741
173395.030512176 -3.035964122 -0.416207252 2.776748591
173395.063846125 -3.033227724 -0.414992987 2.772250117
173395.097180074 -3.031039595 -0.409550011 2.768527094
173395.130514023 -3.028726042 -0.402432967 2.767094752
173395.163847972 -3.027872283 -0.394408112 2.767383521
173395.197181922 -3.027010733 -0.384857802 2.770004558
173395.230515871 -3.025366454 -0.374918856 2.774482170
173395.263849820 -3.021934359 -0.363902985 2.782023230
173395.297183769 -3.017768138 -0.353605401 2.789784162
173395.330517719 -3.010646039 -0.345860342 2.796731377
173395.363851668 -3.003421159 -0.338790170 2.803930568
173395.397185617 -2.996014062 -0.331733932 2.813641565
173395.430519566 -2.987935677 -0.325318204 2.825915039
173395.463853515 -2.978827349 -0.320001745 2.840277464
173395.497187465 -2.970639684 -0.315499669 2.854320110
173395.530521414 -2.961745190 -0.308007326 2.868933213
173395.563855363 -2.953771459 -0.297404648 2.884340701
173395.597189312 -2.946779210 -0.284373357 2.899745438
173395.630523261 -2.940939156 -0.271816728 2.915199265
173395.663857211 -2.936286410 -0.259178546 2.928696754
173395.697191160 -2.932606459 -0.247770799 2.941850371
173395.730525109 -2.929725737 -0.237374406 2.954214410
173395.763859058 -2.927910982 -0.227913334 2.964939715
173395.797193008 -2.927301543 -0.219877165 2.974407687
173395.830526957 -2.928125937 -0.213488592 2.981660834
173395.863860906 -2.928876428 -0.206737193 2.987629992
173395.897194855 -2.931603304 -0.201383864 2.990686182
173395.930528804 -2.933599995 -0.200309709 2.992317389
173395.963862754 -2.938912737 -0.194509097 2.988985047
173395.997196703 -2.944232895 -0.194541061 2.983118577
173396.030530652 -2.949990484 -0.194517446 2.974191833
173396.063864601 -2.956696083 -0.195522031 2.962396288
173396.097198550 -2.963368701 -0.199431024 2.949086744
173396.130532500 -2.970672551 -0.205835575 2.933769296
173396.163866449 -2.978595739 -0.212749371 2.915972734
173396.197200398 -2.987300139 -0.220022277 2.895836838
173396.230534347 -2.996631836 -0.226953788 2.873998336
173396.263868297 -3.006587807 -0.232878383 2.850657236
173396.297202246 -3.017089669 -0.239174417 2.826623684
173396.330536195 -3.028096999 -0.245945665 2.801894908
173396.363870144 -3.039413390 -0.251959170 2.777497368
173396.397204093 -3.051832002 -0.258201297 2.752274050
173396.430538043 -3.064955169 -0.265441891 2.726151319
173396.463871992 -3.078405755 -0.273234023 2.700840252
173396.497205941 -3.091651057 -0.281200539 2.675542192
173396.530539890 -3.104990009 -0.289283132 2.650777910
173396.563873840 -3.118883240 -0.298098658 2.627318520
173396.597207789 -3.132441938 -0.307180093 2.606570108
173396.630541738 -3.146357895 -0.315401826 2.587392712
173396.663875687 -3.160170487 -0.322847614 2.570615579
173396.697209636 -3.173307679 -0.329266162 2.556604328
173396.730543586 -3.185644264 -0.334936242 2.545016369
173396.763877535 -3.197113547 -0.341151132 2.536424066
173396.797211484 -3.207772498 -0.348121809 2.531078223
173396.830545433 -3.217716991 -0.354919731 2.527713604
173396.863879382 -3.226040663 -0.361638125 2.525544560
173396.897213332 -3.232556131 -0.367901744 2.523518813
