# timestamp tx ty tz qx qy qz qw
102.500000000 -0.236503686 -0.104439159 0.057534076 0.028973342 -0.021063425 -0.998623044 0.038326158
102.533333333 -0.228478360 -0.098397063 0.063440669 0.021783002 -0.027355068 -0.998489861 0.042369790
102.566666666 -0.254784708 -0.110833352 0.070261747 0.027434511 -0.026721194 -0.998294086 0.044070897
102.600000000 -0.268431833 -0.116775066 0.074181057 0.029260180 -0.028084141 -0.998091359 0.046569962
102.633333333 -0.281657745 -0.122537898 0.077999742 0.031050307 -0.029398724 -0.997882051 0.049020456
102.666666666 -0.294639922 -0.128202685 0.081769352 0.032832580 -0.030683426 -0.997663749 0.051454758
102.700000000 -0.307368386 -0.133764454 0.085492133 0.034603296 -0.031938491 -0.997436878 0.053872243
102.733333333 -0.319798984 -0.139172588 0.088862596 0.036276932 -0.033226351 -0.997203249 0.056264314
102.766666666 -0.331931093 -0.144479710 0.092439766 0.038010768 -0.034417404 -0.996961575 0.058636530
102.800000000 -0.345571518 -0.144643974 0.094289027 0.043221958 -0.035210368 -0.996662764 0.059627404
102.833333333 -0.359135063 -0.150075079 0.098030073 0.045309791 -0.036396788 -0.996372012 0.062170008
102.866666666 -0.396817194 -0.166920034 0.095441769 0.049502489 -0.036401507 -0.995822395 0.067543991
102.900000000 -0.377030525 -0.198001160 0.107624434 0.048682957 -0.037626945 -0.995375988 0.073761950
102.933333333 -0.384994943 -0.192260687 0.108214541 0.049740682 -0.038055698 -0.995285771 0.074053104
102.966666666 -0.411985564 -0.190718319 0.102497565 0.052231752 -0.038387524 -0.995051538 0.075303905
103.000000000 -0.425179564 -0.193843660 0.104399096 0.054097938 -0.039246590 -0.994748247 0.077518024
103.033333333 -0.436214863 -0.209559632 0.107927067 0.056061260 -0.040093150 -0.994483897 0.079066135
103.066666666 -0.450692928 -0.218137856 0.109696594 0.057800668 -0.040746279 -0.994178580 0.081288222
103.100000000 -0.467185953 -0.224517066 0.111329633 0.059558429 -0.041399332 -0.993836112 0.083837170
103.133333333 -0.483044342 -0.233626798 0.112423301 0.061326015 -0.041923188 -0.993532777 0.085873087
103.166666666 -0.496122927 -0.242181603 0.113509886 0.062858832 -0.042642316 -0.993214514 0.088064348
103.200000000 -0.507853680 -0.248674439 0.115509436 0.064462824 -0.043333445 -0.992885499 0.090250442
103.233333333 -0.517353187 -0.256844072 0.118054320 0.065974992 -0.044200609 -0.992550453 0.092397000
103.266666666 -0.527256433 -0.261045547 0.122245764 0.067437889 -0.044725337 -0.992232970 0.094474908
103.300000000 -0.543993724 -0.263933960 0.125032419 0.069208295 -0.045036805 -0.991887057 0.096653835
103.333333333 -0.555036650 -0.270962180 0.126287236 0.070417642 -0.045614900 -0.991580541 0.098634004
103.366666666 -0.564242796 -0.277800193 0.128435323 0.071927732 -0.046106535 -0.991260598 0.100513761
103.400000000 -0.574011059 -0.284657334 0.130179001 0.073408333 -0.046485333 -0.990957231 0.102245280
103.433333333 -0.584725101 -0.290455909 0.131783414 0.074692675 -0.046812813 -0.990664109 0.103991288
103.466666666 -0.597352984 -0.293707329 0.133294212 0.076040093 -0.046951723 -0.990411006 0.105354067
103.500000000 -0.605601632 -0.296598727 0.134931266 0.077423661 -0.047024656 -0.990122255 0.107014854
103.533333333 -0.614359085 -0.302139570 0.136846227 0.078759003 -0.047275724 -0.989810179 0.108801811
103.566666666 -0.623120737 -0.307219149 0.138908126 0.080153588 -0.047408517 -0.989507253 0.110468239
103.600000000 -0.630686891 -0.308428368 0.140354859 0.081833951 -0.047364048 -0.989219691 0.111822427
103.633333333 -0.640521982 -0.310454970 0.141870239 0.083308240 -0.047238960 -0.988946045 0.113198663
103.666666666 -0.646414055 -0.313695898 0.142828052 0.084754440 -0.047347037 -0.988652478 0.114635160
103.700000000 -0.653946797 -0.319970976 0.143981297 0.086155905 -0.047388909 -0.988354908 0.116129352
103.733333333 -0.659815978 -0.324489022 0.145009368 0.087463831 -0.047363467 -0.988047808 0.117763788
103.766666666 -0.665226225 -0.324858721 0.145339890 0.088829467 -0.047089391 -0.987763446 0.119227893
103.800000000 -0.668678756 -0.327317589 0.145854887 0.090228513 -0.046918234 -0.987463440 0.120720539
103.833333333 -0.672871679 -0.329874979 0.146571467 0.091508820 -0.046702750 -0.987172814 0.122208116
103.866666666 -0.676252180 -0.333440973 0.147188359 0.092862979 -0.046478162 -0.986866399 0.123737456
103.900000000 -0.681343886 -0.335905837 0.147984440 0.093917323 -0.046119325 -0.986597173 0.125214063
103.933333333 -0.685054925 -0.335229839 0.148263488 0.095177112 -0.045589780 -0.986330027 0.126554209
103.966666666 -0.688708346 -0.338159013 0.148536727 0.096163102 -0.045169811 -0.986071710 0.127964559
104.000000000 -0.692989606 -0.341946327 0.148713107 0.097164261 -0.044738817 -0.985809165 0.129374783
104.033333333 -0.697519475 -0.345414064 0.148739577 0.098130113 -0.044299190 -0.985546506 0.130790467
104.066666666 -0.702621643 -0.348221127 0.148788322 0.099049148 -0.043774837 -0.985292671 0.132179355
104.099999999 -0.707702949 -0.352057471 0.148755288 0.099812352 -0.043264537 -0.985045154 0.133610323
104.133333333 -0.712545264 -0.354990410 0.148684588 0.100564282 -0.042680732 -0.984820299 0.134885726
104.166666666 -0.718014833 -0.357389565 0.148598898 0.101190219 -0.042052266 -0.984588987 0.136296272
104.200000000 -0.722947160 -0.362197646 0.148845016 0.101712521 -0.041560902 -0.984359753 0.137706685
104.233333333 -0.728160131 -0.366556766 0.148946689 0.102093272 -0.041012859 -0.984154196 0.139051891
104.266666666 -0.733645731 -0.372390000 0.148959537 0.102491244 -0.040534902 -0.983940799 0.140402885
104.300000000 -0.736820838 -0.376629825 0.148445505 0.102880614 -0.039898425 -0.983744875 0.141667624
104.333333333 -0.740740622 -0.379522709 0.147858196 0.103176843 -0.039178958 -0.983570179 0.142860952
104.366666666 -0.743382589 -0.382218842 0.147020815 0.103406444 -0.038425844 -0.983411400 0.143988123
104.400000000 -0.745283319 -0.385134789 0.146261818 0.103653222 -0.037714835 -0.983245304 0.145128473
104.433333333 -0.748175324 -0.387647645 0.145273655 0.103784512 -0.036836802 -0.983092127 0.146293179
104.466666666 -0.749583950 -0.389345065 0.144097637 0.103893883 -0.035994488 -0.982953932 0.147350011
104.500000000 -0.750754808 -0.391382293 0.142870221 0.103930433 -0.035140146 -0.982822280 0.148404858
104.533333333 -0.751076831 -0.393435085 0.141598528 0.104011967 -0.034277335 -0.982687402 0.149439101
104.566666666 -0.751231201 -0.394637145 0.140110829 0.104030864 -0.033295616 -0.982571873 0.150404440
104.600000000 -0.750529229 -0.393868401 0.138280108 0.104052175 -0.032135677 -0.982483525 0.151216948
104.633333333 -0.750026044 -0.395208259 0.136581573 0.103929126 -0.031141349 -0.982387731 0.152129220
104.666666666 -0.749045262 -0.396884567 0.134845327 0.103741193 -0.030141339 -0.982306648 0.152980111
104.700000000 -0.748179318 -0.398996172 0.133136499 0.103533824 -0.029178185 -0.982224860 0.153830117
104.733333333 -0.747254334 -0.400729148 0.131270038 0.103254085 -0.028156045 -0.982157781 0.154634810
104.766666666 -0.745548614 -0.403274943 0.129543266 0.102981542 -0.027148908 -0.982069724 0.155553194
104.800000000 -0.743550102 -0.405448494 0.127647005 0.102666959 -0.026101954 -0.982002938 0.156359881
104.833333333 -0.740557346 -0.406897756 0.125532068 0.102372713 -0.025002888 -0.981930607 0.157184499
104.866666666 -0.737407808 -0.409211102 0.123259510 0.101992015 -0.023856506 -0.981859706 0.158050669
104.900000000 -0.734486773 -0.411107945 0.120957593 0.101619353 -0.022767391 -0.981798492 0.158829699
104.933333333 -0.731400234 -0.413017355 0.118537598 0.101194395 -0.021672268 -0.981750983 0.159546280
104.966666666 -0.727174266 -0.415245442 0.115973460 0.100684197 -0.020587451 -0.981718635 0.160210395
105.000000000 -0.723333947 -0.417369170 0.113517225 0.100174434 -0.019553816 -0.981690518 0.160830524
105.033333333 -0.719361781 -0.419395466 0.110836742 0.099534290 -0.018484187 -0.981673089 0.161459612
105.066666666 -0.714579755 -0.420321098 0.107988677 0.098928052 -0.017293514 -0.981658456 0.162051999
105.100000000 -0.709806267 -0.421345691 0.105006449 0.098270552 -0.016129109 -0.981648882 0.162629097
105.133333333 -0.704491086 -0.422514909 0.101761435 0.097532996 -0.014950972 -0.981655262 0.163146346
105.166666666 -0.699156563 -0.423482806 0.098651284 0.096793056 -0.013787741 -0.981672187 0.163587041
105.200000000 -0.693840717 -0.424127427 0.095226463 0.095945661 -0.012520248 -0.981708726 0.163968445
105.233333333 -0.688308087 -0.424292943 0.091861409 0.095146206 -0.011249318 -0.981732262 0.164384968
105.266666666 -0.682387368 -0.425151686 0.088128384 0.094177259 -0.009982576 -0.981788602 0.164687984
105.300000000 -0.676234679 -0.426367332 0.084584911 0.093144589 -0.008737174 -0.981855866 0.164944857
105.333333333 -0.669290315 -0.427182841 0.081029739 0.092135883 -0.007448693 -0.981923678 0.165170782
105.366666666 -0.662516999 -0.427582844 0.077217370 0.091066077 -0.006127203 -0.981997612 0.165378710
105.400000000 -0.654860709 -0.428749296 0.073284592 0.089921300 -0.004807620 -0.982073937 0.165595380
105.433333333 -0.647413926 -0.430068475 0.069309081 0.088721255 -0.003490632 -0.982159874 0.165765908
105.466666666 -0.640112575 -0.431321524 0.065367901 0.087537517 -0.002178682 -0.982246933 0.165901775
105.500000000 -0.632168667 -0.432667745 0.061321595 0.086230719 -0.000851521 -0.982344893 0.166018222
105.533333333 -0.623913218 -0.433383040 0.057402182 0.085014265 0.000460329 -0.982430515 0.166140440
105.566666666 -0.614952098 -0.434578334 0.053463004 0.083656887 0.001797213 -0.982539511 0.166175826
105.600000000 -0.605851994 -0.435407138 0.049553401 0.082377758 0.003077708 -0.982640273 0.166200260
105.633333333 -0.597258382 -0.436660560 0.045598653 0.080992869 0.004367309 -0.982755293 0.166171948
105.666666666 -0.587946947 -0.437739619 0.041493399 0.079571689 0.005646452 -0.982875578 0.166108583
105.700000000 -0.578933857 -0.439152479 0.037307371 0.078069627 0.006907971 -0.983003360 0.166017489
105.733333333 -0.569393533 -0.439783625 0.033108904 0.076568573 0.008224194 -0.983129421 0.165910089
105.766666666 -0.559090040 -0.440090229 0.028932290 0.075072605 0.009565763 -0.983261606 0.165738389
105.800000000 -0.549628841 -0.439859274 0.025014971 0.073586656 0.010883258 -0.983393155 0.165542932
105.833333333 -0.540232370 -0.439398807 0.021045560 0.072081027 0.012190286 -0.983526628 0.165321186
105.866666666 -0.530479135 -0.438722019 0.017068607 0.070538479 0.013552908 -0.983663517 0.165065824
105.900000000 -0.520705322 -0.438920016 0.013166981 0.068893285 0.014793279 -0.983805849 0.164805720
105.933333333 -0.511832693 -0.438038245 0.009459855 0.067331223 0.016043360 -0.983935397 0.164560782
105.966666666 -0.502912990 -0.437369794 0.005665549 0.065722025 0.017330381 -0.984068127 0.164286928
106.000000000 -0.493389869 -0.436788789 0.001526824 0.063999672 0.018723416 -0.984213770 0.163941244
106.033333333 -0.484609200 -0.436052024 -0.002249306 0.062298104 0.019965127 -0.984359848 0.163572707
106.066666666 -0.475557143 -0.434878647 -0.005895954 0.060575452 0.021272394 -0.984510886 0.163145382
106.100000000 -0.466195303 -0.433601532 -0.009498481 0.058841174 0.022549317 -0.984670876 0.162642276
106.133333333 -0.456738141 -0.431993649 -0.012934887 0.057102828 0.023837160 -0.984829072 0.162119572
106.166666666 -0.447159573 -0.430803877 -0.016438514 0.055300166 0.025116171 -0.984997590 0.161526519
106.200000000 -0.437142762 -0.429864517 -0.019892605 0.053437387 0.026414930 -0.985170912 0.160888073
106.233333333 -0.427508694 -0.428482123 -0.023263279 0.051605852 0.027672753 -0.985343871 0.160213953
106.266666666 -0.417049115 -0.427891908 -0.026790083 0.049688069 0.028968799 -0.985527082 0.159462454
106.300000000 -0.406632566 -0.426715659 -0.030310048 0.047792895 0.030209470 -0.985715687 0.158643660
106.333333333 -0.395826319 -0.425876180 -0.033626003 0.045866462 0.031464540 -0.985904240 0.157794425
106.366666666 -0.384168854 -0.425760398 -0.037205096 0.043856854 0.032645312 -0.986103425 0.156878597
106.400000000 -0.373861722 -0.424613188 -0.040255782 0.041923400 0.033802503 -0.986283059 0.156030598
106.433333333 -0.362861142 -0.423492207 -0.043446457 0.039941228 0.034997707 -0.986469953 0.155102840
106.466666666 -0.351731088 -0.422329805 -0.046447342 0.037954421 0.036140566 -0.986658431 0.154137799
106.500000000 -0.340673476 -0.420727875 -0.049394738 0.035996901 0.037313529 -0.986846940 0.153117738
106.533333333 -0.329576206 -0.418996659 -0.052363049 0.034025226 0.038366086 -0.987042003 0.152047402
106.566666666 -0.318107458 -0.417111748 -0.055463477 0.032035801 0.039408935 -0.987238810 0.150931027
106.600000000 -0.306987953 -0.414962839 -0.058176672 0.030068618 0.040423783 -0.987435945 0.149773333
106.633333333 -0.295701937 -0.412646784 -0.060996072 0.028107783 0.041397985 -0.987640480 0.148534308
106.666666666 -0.284220175 -0.410160161 -0.064025693 0.026159843 0.042361153 -0.987842297 0.147271153
106.700000000 -0.272994684 -0.407845605 -0.066417684 0.024087128 0.043495868 -0.988039461 0.145965555
106.733333333 -0.261307312 -0.405734379 -0.068926781 0.022069514 0.044571098 -0.988240532 0.144592550
106.766666666 -0.250231468 -0.402972237 -0.071315834 0.020077155 0.045581102 -0.988438203 0.143210301
106.800000000 -0.238732322 -0.400209482 -0.073748507 0.018080531 0.046526849 -0.988639140 0.141777989
106.833333333 -0.227263699 -0.397217282 -0.076240378 0.016132693 0.047537732 -0.988836330 0.140294735
106.866666666 -0.215305208 -0.394530035 -0.078628886 0.014155276 0.048511411 -0.989034763 0.138767821
106.900000000 -0.204276330 -0.391522721 -0.080877981 0.012175062 0.049423136 -0.989227119 0.137254609
106.933333333 -0.193641934 -0.388594706 -0.082652123 0.010234480 0.050302668 -0.989429328 0.135626332
106.966666666 -0.182930754 -0.385535065 -0.084433026 0.008311748 0.051115739 -0.989632954 0.133957875
107.000000000 -0.171886603 -0.382868857 -0.086170326 0.006322473 0.051944121 -0.989835420 0.132240977
107.033333333 -0.160544698 -0.380485410 -0.087734513 0.004296787 0.052796278 -0.990033510 0.130490384
107.066666666 -0.149773318 -0.377864596 -0.088987201 0.002315006 0.053624782 -0.990226596 0.128725722
107.100000000 -0.139361868 -0.375233689 -0.089835844 0.000283874 0.054451305 -0.990416336 0.126926970
107.133333333 -0.128304508 -0.372791943 -0.090756740 -0.001713729 0.055284693 -0.990604513 0.125073434
107.166666666 -0.117749759 -0.370512680 -0.091060708 -0.003800932 0.056115961 -0.990787231 0.123195841
107.200000000 -0.107118866 -0.368108076 -0.091382336 -0.005817727 0.056899083 -0.990967835 0.121290558
107.233333333 -0.096847396 -0.365274321 -0.091836430 -0.007747523 0.057534663 -0.991151518 0.119366691
107.266666666 -0.080600318 -0.363177225 -0.094209259 -0.009649159 0.058031806 -0.991346760 0.117349068
107.300000000 -0.069850607 -0.360271996 -0.094771671 -0.011515283 0.058597235 -0.991525818 0.115370339
107.333333333 -0.059183485 -0.357674823 -0.094613573 -0.013455240 0.059254257 -0.991693580 0.113365485
107.366666666 -0.048608364 -0.354865302 -0.094380056 -0.015329725 0.059865236 -0.991859824 0.111333926
107.400000000 -0.037637749 -0.352167199 -0.094041006 -0.017226796 0.060443318 -0.992024180 0.109260559
107.433333333 -0.025726515 -0.349604824 -0.093951712 -0.019126999 0.060992465 -0.992185719 0.107152120
107.466666666 -0.013654929 -0.346655327 -0.093956193 -0.020918696 0.061457124 -0.992347770 0.105030156
107.500000000 -0.002979214 -0.343725732 -0.093314528 -0.022733553 0.061902726 -0.992500918 0.102923110
107.533333333 0.008525079 -0.340414993 -0.093040112 -0.024457732 0.062266149 -0.992658202 0.100769242
107.566666666 0.019376225 -0.337701278 -0.092082051 -0.026219106 0.062767539 -0.992800667 0.098588180
107.600000000 0.030481397 -0.334764887 -0.091427763 -0.027975054 0.063090877 -0.992950483 0.096365327
107.633333333 0.042105198 -0.331309659 -0.091053385 -0.029657164 0.063345005 -0.993102797 0.094099399
107.666666666 0.052723600 -0.327731624 -0.090578495 -0.031297905 0.063529829 -0.993255695 0.091801559
107.700000000 0.063141689 -0.324309522 -0.089799127 -0.032987971 0.063711736 -0.993400135 0.089491790
107.733333333 0.072803440 -0.321261605 -0.088289074 -0.034766813 0.063888740 -0.993536690 0.087145531
107.766666666 0.083915416 -0.317405399 -0.088202431 -0.036336440 0.063916741 -0.993681978 0.084796461
107.800000000 0.092469061 -0.313939581 -0.087032384 -0.037919535 0.063942582 -0.993819037 0.082444993
107.833333333 0.101114882 -0.310753620 -0.085450606 -0.039567896 0.064014341 -0.993946169 0.080047230
107.866666666 0.109611308 -0.307234913 -0.084443135 -0.041119594 0.063945239 -0.994078448 0.077641642
107.900000000 0.117648990 -0.303603396 -0.083474675 -0.042685002 0.063764123 -0.994210234 0.075220593
107.933333333 0.126313932 -0.300051160 -0.082431254 -0.044197037 0.063674213 -0.994333168 0.072758286
107.966666666 0.135102207 -0.296127353 -0.081709729 -0.045654222 0.063484875 -0.994455566 0.070309961
108.000000000 0.143011855 -0.292469743 -0.080685460 -0.047131798 0.063286996 -0.994571623 0.067827986
108.033333333 0.150683965 -0.289021558 -0.079190997 -0.048655110 0.063060580 -0.994679885 0.065329707
108.066666666 0.159342447 -0.285712104 -0.077389011 -0.050209054 0.062903392 -0.994774655 0.062814015
108.100000000 0.166286919 -0.282662283 -0.074754012 -0.051684098 0.062881997 -0.994852467 0.060358741
108.133333333 0.174849687 -0.279236278 -0.072628439 -0.053148490 0.062764169 -0.994933198 0.057825842
108.166666666 0.181877649 -0.275948733 -0.070175674 -0.054567632 0.062557021 -0.995013656 0.055288493
108.199999999 0.190061318 -0.272790632 -0.067494298 -0.056075781 0.062302370 -0.995087515 0.052675982
108.233333333 0.199141938 -0.268965567 -0.065318306 -0.057455579 0.062112485 -0.995152730 0.050119260
108.266666666 0.206924650 -0.265525394 -0.062568743 -0.058824986 0.061893891 -0.995213165 0.047534448
108.300000000 0.212819485 -0.261020791 -0.061256912 -0.059951074 0.061425431 -0.995294624 0.044959934
108.333333333 0.221016575 -0.257120536 -0.059265883 -0.061307994 0.061042444 -0.995350562 0.042336850
108.366666666 0.228546962 -0.253332365 -0.057080509 -0.062620432 0.060651805 -0.995399875 0.039738266
108.400000000 0.236465843 -0.249476531 -0.054864070 -0.063958287 0.060172723 -0.995443426 0.037161350
108.433333333 0.243157885 -0.246164545 -0.051988718 -0.065242791 0.059668800 -0.995483176 0.034586988
108.466666666 0.252385947 -0.241713245 -0.050289213 -0.066417280 0.059189296 -0.995520162 0.032015291
108.500000000 0.261356044 -0.237690916 -0.048546080 -0.067596789 0.058560347 -0.995558395 0.029408193
108.533333333 0.266555431 -0.234384196 -0.045849818 -0.068704805 0.057987352 -0.995587513 0.026881592
108.566666666 0.271414038 -0.230930429 -0.043268954 -0.069756772 0.057414170 -0.995613169 0.024331552
108.600000000 0.276389491 -0.227551761 -0.040722422 -0.070796778 0.056793668 -0.995635194 0.021745236
108.633333333 0.281021909 -0.224357383 -0.038103006 -0.071841703 0.056100199 -0.995653518 0.019120898
108.666666666 0.287337554 -0.220817015 -0.035601263 -0.072932430 0.055357014 -0.995661802 0.016554109
108.700000000 0.293554107 -0.216928638 -0.033295850 -0.073879777 0.054702790 -0.995667215 0.014006433
108.733333333 0.299733047 -0.213516164 -0.030450901 -0.074959552 0.053929495 -0.995661790 0.011413846
108.766666666 0.304220706 -0.210495094 -0.027284168 -0.075961184 0.053168854 -0.995652923 0.008844713
108.800000000 0.309169740 -0.207432942 -0.024056153 -0.076974606 0.052374569 -0.995636753 0.006266665
108.833333333 0.315927989 -0.203612234 -0.021032806 -0.078026403 0.051596229 -0.995608213 0.003741079
108.866666666 0.321829568 -0.200315456 -0.017813026 -0.079059622 0.050697003 -0.995579294 0.001121799
108.900000000 0.325696812 -0.197240797 -0.014565253 0.080002952 -0.049792036 0.995549244 0.001408109
108.933333333 0.331115950 -0.193623125 -0.011453766 0.080947260 -0.048896892 0.995510359 0.003969854
108.966666666 0.334246856 -0.190550335 -0.008337719 0.081818014 -0.047927574 0.995473008 0.006500114
109.000000000 0.339194045 -0.186851928 -0.005331445 0.082686912 -0.047001508 0.995425457 0.009049496
109.033333333 0.342626095 -0.183711505 -0.001816708 0.083516876 -0.046113035 0.995371942 0.011541924
109.066666666 0.345049707 -0.180990073 0.001903221 0.084304866 -0.045206572 0.995314937 0.014043930
109.100000000 0.350797794 -0.177244815 0.005817424 0.085207190 -0.044298800 0.995240012 0.016573158
109.133333333 0.352999522 -0.174541326 0.009875874 0.085990673 -0.043343462 0.995170402 0.019047813
109.166666666 0.354816582 -0.171831218 0.013370579 0.086660004 -0.042349621 0.995103553 0.021574791
109.200000000 0.356996610 -0.168791874 0.016380910 0.087294747 -0.041310294 0.995034418 0.024074761
109.233333333 0.359377956 -0.165620618 0.018702724 0.087835411 -0.040274921 0.994964931 0.026601836
109.266666666 0.363755535 -0.161057668 0.020613132 0.088449674 -0.039160234 0.994885611 0.029081813
109.300000000 0.364852859 -0.158907378 0.024555411 0.089057950 -0.038130321 0.994796120 0.031550600
109.333333333 0.366089857 -0.156812399 0.028744366 0.089670207 -0.037088651 0.994698982 0.034023840
109.366666666 0.367860079 -0.154228229 0.032621350 0.090276523 -0.035940330 0.994597385 0.036530597
109.400000000 0.368098201 -0.152737329 0.036765895 0.090804650 -0.034837222 0.994496281 0.038961915
109.433333333 0.369274894 -0.150646828 0.040911297 0.091342137 -0.033689359 0.994385359 0.041465623
109.466666666 0.369924932 -0.148739865 0.045411218 0.091879134 -0.032527720 0.994270474 0.043890744
109.500000000 0.370672301 -0.146797157 0.049767290 0.092374001 -0.031349057 0.994151784 0.046330454
109.533333333 0.371138359 -0.144909371 0.053547284 0.092776355 -0.030180344 0.994033757 0.048770737
109.566666666 0.371332796 -0.143198321 0.057602390 0.093193081 -0.028982835 0.993911408 0.051138622
109.600000000 0.371704784 -0.141148908 0.061872517 0.093610611 -0.027734784 0.993780048 0.053563529
109.633333333 0.374338503 -0.137798676 0.064366072 0.093912947 -0.026549911 0.993650660 0.055980595
109.666666666 0.375353136 -0.135574957 0.067958762 0.094230598 -0.025335801 0.993516236 0.058345353
109.700000000 0.375790710 -0.132975320 0.071730459 0.094585206 -0.024036382 0.993379110 0.060612166
109.733333333 0.375770803 -0.131288099 0.075504143 0.094837514 -0.022799022 0.993238693 0.062951966
109.766666666 0.375971477 -0.129547402 0.079332520 0.095059920 -0.021596943 0.993094111 0.065278404
109.800000000 0.375640849 -0.127997659 0.083120216 0.095254502 -0.020369978 0.992947808 0.067574356
109.833333333 0.374980602 -0.126749907 0.087364026 0.095438853 -0.019147365 0.992797473 0.069842545
109.866666666 0.374554189 -0.124722963 0.093224530 0.095758657 -0.017739701 0.992630418 0.072114046
109.900000000 0.373295977 -0.123055046 0.097347927 0.095907129 -0.016374138 0.992470943 0.074398500
109.933333333 0.371521052 -0.121923280 0.102232450 0.096033924 -0.015051843 0.992308549 0.076646403
109.966666666 0.369639548 -0.120820769 0.107120791 0.096126044 -0.013741976 0.992143593 0.078879864
110.000000000 0.367992787 -0.119563653 0.112108218 0.096196694 -0.012434103 0.991973871 0.081113674
110.033333333 0.367445643 -0.117489193 0.115778119 0.096176700 -0.011114945 0.991798635 0.083438406
110.066666666 0.364823587 -0.115951222 0.119958031 0.096167758 -0.009731492 0.991631541 0.085580066
110.100000000 0.361356810 -0.115210476 0.124523399 0.096110386 -0.008364222 0.991460830 0.087739710
110.133333333 0.357836436 -0.114363539 0.129052973 0.096026422 -0.006997349 0.991287818 0.089880058
110.166666666 0.355469193 -0.113005411 0.132470419 0.095852943 -0.005669471 0.991107476 0.092119716
110.200000000 0.351983517 -0.112124684 0.136274208 0.095668161 -0.004337513 0.990931084 0.094256964
110.233333333 0.347953426 -0.111464762 0.140302440 0.095459890 -0.002995454 0.990753579 0.096362768
110.266666666 0.345480131 -0.108751249 0.144287490 0.095287560 -0.001589684 0.990566369 0.098468387
110.300000000 0.342675675 -0.106856336 0.149972407 0.095127512 -0.000242354 0.990375515 0.100533761
110.333333333 0.339367049 -0.104827764 0.154700773 0.094892664 0.001135542 0.990184605 0.102608676
110.366666666 0.334789958 -0.103803452 0.159323666 0.094598618 0.002480323 0.990000961 0.104609018
110.400000000 0.330694888 -0.101752790 0.165712488 0.094381534 0.003851652 0.989814336 0.106512301
110.433333333 0.325731333 -0.100419392 0.171188040 0.094057667 0.005220154 0.989627005 0.108463337
110.466666666 0.324487923 -0.096696174 0.175424031 0.093690347 0.006525060 0.989417489 0.110600974
110.500000000 0.318396145 -0.097099427 0.179320452 0.093188201 0.007776568 0.989238394 0.112529483
110.533333333 0.312870956 -0.096387546 0.182228691 0.092637643 0.009057961 0.989054138 0.114490757
110.566666666 0.308135451 -0.095265326 0.184685351 0.092048115 0.010304130 0.988863299 0.116491821
110.600000000 0.302897106 -0.092755455 0.187129835 0.091473475 0.011639917 0.988674338 0.118406793
110.633333333 0.296813635 -0.092273926 0.190252901 0.090837982 0.012880508 0.988488119 0.120307074
110.666666666 0.291820719 -0.090760529 0.195419313 0.090275318 0.014114799 0.988295010 0.122164284
110.700000000 0.285299733 -0.088708373 0.198394410 0.089610147 0.015427353 0.988110218 0.123976676
110.733333333 0.279002370 -0.087535427 0.202575216 0.088933974 0.016662781 0.987921158 0.125797002
110.766666666 0.273551609 -0.086284710 0.207481453 0.088248186 0.017841364 0.987726942 0.127630055
110.800000000 0.267968959 -0.084594961 0.212386767 0.087539310 0.019027989 0.987532328 0.129439968
110.833333333 0.264882526 -0.074238491 0.216150729 0.086947782 0.020488164 0.987337252 0.131093357
110.866666666 0.259089446 -0.072276252 0.220863994 0.086155575 0.021642768 0.987145858 0.132860313
110.900000000 0.254154879 -0.069458583 0.221750407 0.085226635 0.022748748 0.986950222 0.134715163
110.933333333 0.246587486 -0.067064564 0.228034263 0.084451885 0.023929357 0.986777052 0.136258263
110.966666666 0.238662362 -0.065277647 0.233383745 0.083559460 0.025099588 0.986592432 0.137924618
111.000000000 0.231921453 -0.051653740 0.245022678 0.083010560 0.026714453 0.986388928 0.139400388
111.033333333 0.223687659 -0.049009704 0.250919671 0.082054415 0.027856376 0.986212149 0.140984724
111.066666666 0.216887680 -0.046216892 0.253418731 0.080986173 0.028887500 0.986029406 0.142663108
111.100000000 0.209727365 -0.043827925 0.258035199 0.079964172 0.029887470 0.985858422 0.144206939
111.133333333 0.203009125 -0.041044443 0.261948887 0.078886641 0.030857656 0.985685206 0.145771662
111.166666666 0.195717655 -0.038594344 0.265980284 0.077775553 0.031809250 0.985516998 0.147293520
111.200000000 0.187952672 -0.036663920 0.268994450 0.076595869 0.032724853 0.985349364 0.148824686
111.233333333 0.178269033 -0.028565302 0.271714293 0.075484008 0.033877734 0.985205296 0.150083275
111.266666666 0.169069405 -0.026797089 0.273943536 0.074189596 0.034775984 0.985048134 0.151547711
111.300000000 0.161605090 -0.024307961 0.277473643 0.072941924 0.035606631 0.984889527 0.152984517
111.333333333 0.155314858 -0.019843800 0.281687235 0.071719625 0.036435851 0.984735468 0.154352788
111.366666666 0.147985913 -0.017032143 0.282602378 0.070343594 0.037198145 0.984577401 0.155805707
111.400000000 0.141535977 -0.014627595 0.284766383 0.068994120 0.037892581 0.984431729 0.157156402
111.433333333 0.134507887 -0.007346870 0.290621486 0.067738419 0.038741733 0.984275957 0.158465848
111.466666666 0.127432879 -0.003879386 0.292701881 0.066314825 0.039428088 0.984130529 0.159796345
111.500000000 0.117094889 0.000163149 0.296142966 0.064902897 0.040188691 0.984010592 0.160921219
111.533333333 0.104807725 0.007249052 0.308046153 0.063624403 0.041098602 0.983880446 0.161994161
111.566666666 0.094960349 0.009213230 0.312616213 0.062116861 0.041727198 0.983758334 0.163155989
111.600000000 0.085376026 0.012148398 0.318466488 0.060643372 0.042340582 0.983643087 0.164243522
111.633333333 0.078373299 0.018296296 0.323531617 0.059166806 0.042930891 0.983513909 0.165398360
111.666666666 0.070071665 0.020914575 0.327577114 0.057606451 0.043418862 0.983415122 0.166406122
111.700000000 0.060044808 0.023943332 0.334961770 0.056073474 0.043945562 0.983317907 0.167363216
111.733333333 0.049694239 0.025018990 0.338415588 0.054411022 0.044377378 0.983226738 0.168330840
111.766666666 0.041448724 0.027032555 0.339119729 0.052693317 0.044732156 0.983122602 0.169388307
111.800000000 0.033871684 0.030955658 0.339452015 0.050988858 0.045077049 0.983024802 0.170383202
111.833333333 0.025620119 0.032556873 0.341081831 0.049256243 0.045360364 0.982938121 0.171315234
111.866666666 0.017784449 0.036633444 0.342206683 0.047511000 0.045651502 0.982846679 0.172252870
111.900000000 0.009594134 0.039324749 0.343668396 0.045740531 0.045889293 0.982770364 0.173102248
111.933333333 0.001495869 0.041891165 0.345109756 0.043944065 0.046088524 0.982696410 0.173932550
111.966666666 -0.007739205 0.051195718 0.343459753 0.042112481 0.046390662 0.982611537 0.174782757
112.000000000 -0.014150850 0.057590422 0.343515123 0.040286003 0.046552459 0.982529413 0.175629893
112.033333333 -0.021416712 0.066363072 0.344931543 0.038497884 0.046744642 0.982473998 0.176288667
112.066666666 -0.028239674 0.071873449 0.345472621 0.036621573 0.046828503 0.982421278 0.176958708
112.100000000 -0.035889444 0.078439355 0.346253360 0.034735146 0.046907159 0.982364208 0.177633752
112.133333333 -0.041517071 0.084177271 0.344301632 0.032791969 0.046888570 0.982295512 0.178386313
112.166666666 -0.048041173 0.088315378 0.343830079 0.030859519 0.046833586 0.982246769 0.179012821
112.200000000 -0.056876165 0.095733119 0.346509528 0.028938093 0.046852125 0.982171205 0.179742009
112.233333333 -0.062637353 0.100833348 0.345608947 0.026982006 0.046729008 0.982121066 0.180351274
112.266666666 -0.068024169 0.106249034 0.343926871 0.024990382 0.046563592 0.982069136 0.180962774
112.300000000 -0.073459653 0.110690124 0.341114279 0.022967281 0.046344915 0.982031414 0.181490920
112.333333333 -0.079357117 0.115688359 0.339756285 0.020955049 0.046117488 0.982002297 0.181949312
112.366666666 -0.084580199 0.118604196 0.336903698 0.018886195 0.045806468 0.981970585 0.182424915
112.400000000 -0.090533605 0.123545569 0.335023723 0.016843657 0.045511870 0.981940555 0.182859803
112.433333333 -0.096669776 0.127693543 0.333028374 0.014782197 0.045173141 0.981923201 0.183214905
112.466666666 -0.103748071 0.131997071 0.332661505 0.012731347 0.044823026 0.981920378 0.183469836
112.500000000 -0.114921266 0.138234450 0.329808897 0.010586272 0.044499960 0.981901770 0.183784110
112.533333333 -0.121464312 0.141033777 0.328019001 0.008488844 0.044047450 0.981893392 0.184046539
112.566666666 -0.128704162 0.145191725 0.325420158 0.006373722 0.043584963 0.981881745 0.184304001
112.600000000 -0.136985974 0.149640431 0.323886141 0.004276259 0.043112020 0.981891785 0.184422313
112.633333333 -0.144563399 0.153375613 0.321537552 0.002140703 0.042576262 0.981896190 0.184560428
112.666666666 -0.154135573 0.158238935 0.317539307 -0.000021335 0.042040365 0.981906312 0.184641818
112.700000000 -0.162514305 0.163503276 0.316910024 -0.002116836 0.041481938 0.981926786 0.184647106
112.733333333 -0.173460208 0.170531410 0.316056709 -0.004275604 0.040936412 0.981906228 0.184840714
112.766666666 -0.181405818 0.174980441 0.313549746 -0.006394659 0.040289755 0.981924724 0.184823375
112.800000000 -0.189136150 0.178365551 0.311993578 -0.008521249 0.039594915 0.981957205 0.184715127
112.833333333 -0.196990299 0.181263468 0.310891501 -0.010639617 0.038867758 0.982005435 0.184503172
112.866666666 -0.205963678 0.184729310 0.308939440 -0.012790174 0.038111644 0.982048435 0.184295375
112.900000000 -0.213908147 0.187085043 0.307214779 -0.014916866 0.037311521 0.982107408 0.183984717
112.933333333 -0.222432561 0.189590302 0.305148778 -0.017057119 0.036482503 0.982169166 0.183634995
112.966666666 -0.233789279 0.193894038 0.303023764 -0.019232719 0.035668386 0.982199242 0.183418969
113.000000000 -0.241781347 0.196426965 0.300355304 -0.021348239 0.034785740 0.982253683 0.183062576
113.033333333 -0.249935929 0.198274026 0.298104994 -0.023471962 0.033863475 0.982316023 0.182640529
113.066666666 -0.258436159 0.200243120 0.296413789 -0.025572611 0.032924843 0.982388269 0.182140838
113.100000000 -0.266914514 0.201329349 0.293449252 -0.027702075 0.031935951 0.982458521 0.181625837
113.133333333 -0.274270057 0.201850960 0.289773629 -0.029810435 0.030908234 0.982534617 0.181057296
113.166666666 -0.281746013 0.202536162 0.287024246 -0.031902067 0.029864695 0.982612284 0.180453479
113.200000000 -0.288202959 0.202625888 0.284704042 -0.033960235 0.028787708 0.982699902 0.179774505
113.233333333 -0.296427012 0.204018786 0.281603587 -0.036055832 0.027700757 0.982759046 0.179213011
113.266666666 -0.304464069 0.204902783 0.277611793 -0.038105559 0.026589104 0.982853173 0.178439420
113.300000000 -0.310615579 0.205175333 0.274918689 -0.040122290 0.025437047 0.982952178 0.177618055
113.333333333 -0.317447197 0.206368339 0.272364316 -0.042138113 0.024274392 0.983037724 0.176838812
113.366666666 -0.323378248 0.206531345 0.270330197 -0.044109434 0.023083051 0.983144545 0.175921388
113.400000000 -0.328435298 0.205839010 0.268666577 -0.046070551 0.021856969 0.983252661 0.174968516
113.433333333 -0.335570003 0.206866141 0.264912670 -0.048067390 0.020624157 0.983328946 0.174150379
113.466666666 -0.341405438 0.207268606 0.262037637 -0.049986075 0.019382434 0.983424361 0.173211545
113.500000000 -0.346362711 0.206866011 0.258932872 -0.051894339 0.018096000 0.983531372 0.172178837
113.533333333 -0.350890012 0.206407738 0.255989009 -0.053764446 0.016786604 0.983655531 0.171024532
113.566666666 -0.356152448 0.206234142 0.251848137 -0.055659486 0.015451446 0.983759290 0.169943916
113.600000000 -0.359696673 0.205380857 0.248514537 -0.057473681 0.014108073 0.983884915 0.168725257
113.633333333 -0.363405664 0.204733497 0.245064358 -0.059283386 0.012739712 0.984009519 0.167476704
113.666666666 -0.367125461 0.203940374 0.242056785 -0.061059292 0.011359815 0.984145011 0.166136435
113.700000000 -0.371254973 0.203589671 0.237520116 -0.062842770 0.009951728 0.984265004 0.164845838
113.733333333 -0.373109429 0.202046773 0.234049515 -0.064535641 0.008537937 0.984408005 0.163410940
113.766666666 -0.377728701 0.202270160 0.229994158 -0.066245878 0.007122080 0.984542093 0.161980326
113.800000000 -0.379456122 0.200741595 0.226334265 -0.067900088 0.005672156 0.984685759 0.160472303
113.833333333 -0.382540253 0.200281459 0.221609400 -0.069569426 0.004217704 0.984802593 0.159079093
113.866666666 -0.383285609 0.198531324 0.218102155 -0.071137544 0.002761594 0.984947388 0.157513385
113.900000000 -0.386000246 0.197971611 0.213196627 -0.072747515 0.001290780 0.985060836 0.156081011
113.933333333 -0.386704971 0.196284682 0.209567900 -0.074257562 -0.000176619 0.985202843 0.154470522
113.966666666 -0.387166763 0.194694919 0.205579022 -0.075746228 -0.001664328 0.985345034 0.152823107
114.000000000 -0.387791075 0.193461141 0.201703549 -0.077204831 -0.003150205 0.985482945 0.151171612
114.033333333 -0.387740054 0.191868893 0.197527716 -0.078625416 -0.004647868 0.985623040 0.149477971
114.066666666 -0.386243762 0.189528020 0.193687653 -0.079987201 -0.006151345 0.985774234 0.147693497
114.100000000 -0.384674930 0.187270585 0.189809059 -0.081321162 -0.007659198 0.985923132 0.145889626
114.133333333 -0.382553858 0.184782964 0.185820431 -0.082608877 -0.009170754 0.986074237 0.144046066
114.166666666 -0.380127087 0.182264060 0.181920472 -0.083857602 -0.010681682 0.986224868 0.142177053
114.200000000 -0.377276285 0.179669534 0.178215945 -0.085064149 -0.012188427 0.986375574 0.140281006
114.233333333 -0.374131569 0.177008165 0.174473241 -0.086229757 -0.013693086 0.986526188 0.138358263
114.266666666 -0.370524735 0.174253562 0.170906531 -0.087351638 -0.015190986 0.986677828 0.136403036
114.300000000 -0.366304215 0.171306367 0.167281136 -0.088427829 -0.016687013 0.986830934 0.134412687
114.333333333 -0.361841283 0.168340959 0.163663565 -0.089464112 -0.018177448 0.986983042 0.132401765
114.366666666 -0.357248942 0.165426970 0.160108491 -0.090459643 -0.019659153 0.987133952 0.130373049
114.400000000 -0.351858260 0.162246917 0.156646477 -0.091400123 -0.021134144 0.987288112 0.128302572
114.433333333 -0.346383971 0.159126222 0.153243042 -0.092305955 -0.022598643 0.987440190 0.126217210
114.466666666 -0.340191066 0.155781417 0.149782903 -0.093157954 -0.024053240 0.987594456 0.124097653
114.500000000 -0.333749231 0.152422251 0.146354054 -0.093970245 -0.025497659 0.987747543 0.121960047
114.533333333 -0.327260071 0.149127094 0.142965343 -0.094742111 -0.026930347 0.987898801 0.119810885
114.566666666 -0.320885713 0.145991794 0.139712885 -0.095475414 -0.028346655 0.988047293 0.117658230
114.600000000 -0.313240109 0.142409126 0.136438276 -0.096145094 -0.029744608 0.988200530 0.115460343
114.633333333 -0.305250025 0.138769790 0.133196648 -0.096771546 -0.031131101 0.988353244 0.113243046
114.666666666 -0.296960748 0.135092736 0.129989060 -0.097351254 -0.032499461 0.988505547 0.111010371
114.700000000 -0.288144004 0.131312019 0.126980640 -0.097880222 -0.033847183 0.988659084 0.108752219
114.733333333 -0.279467365 0.127685973 0.124138961 -0.098372864 -0.035176287 0.988809692 0.106493200
114.766666666 -0.270205211 0.123930750 0.121250857 -0.098812294 -0.036485377 0.988961655 0.104210327
114.800000000 -0.260146710 0.119930715 0.118321522 -0.099197406 -0.037773167 0.989115262 0.101902208
114.833333333 -0.249862045 0.115914784 0.115437039 -0.099539534 -0.039038873 0.989267862 0.099583863
114.866666666 -0.239197046 0.111844894 0.112715952 -0.099832509 -0.040281441 0.989420265 0.097254384
114.900000000 -0.228916443 0.108019260 0.110212837 -0.100091632 -0.041498390 0.989569095 0.094934474
114.933333333 -0.217351047 0.103819450 0.107700373 -0.100285091 -0.042684979 0.989722755 0.092573004
114.966666666 -0.205056639 0.099432509 0.105173102 -0.100426319 -0.043846965 0.989877913 0.090187115
115.000000000 -0.192411549 0.094995720 0.102726338 -0.100520743 -0.044980677 0.990032872 0.087790843
115.033333333 -0.179995336 0.090721834 0.100431003 -0.100579260 -0.046087614 0.990184965 0.085401874
115.066666666 -0.166799810 0.086264747 0.098206749 -0.100583610 -0.047162273 0.990338610 0.082994547
115.100000000 -0.153527105 0.081860271 0.096111933 -0.100544341 -0.048206830 0.990491356 0.080584187
115.133333333 -0.139152905 0.077160954 0.094039634 -0.100446383 -0.049217499 0.990646827 0.078147460
115.166666666 -0.124840073 0.072550625 0.092149192 -0.100310036 -0.050198698 0.990800291 0.075715069
115.200000000 -0.109801779 0.067778211 0.090250727 -0.100120532 -0.051141967 0.990955455 0.073264352
115.233333333 -0.094463472 0.063000008 0.088510837 -0.099885760 -0.052051697 0.991110150 0.070810499
115.266666666 -0.079200460 0.058318117 0.086932933 -0.099613625 -0.052931610 0.991262897 0.068361096
115.300000000 -0.064351089 0.053673543 0.085441887 -0.099305563 -0.053781165 0.991414037 0.065910542
115.333333333 -0.047670470 0.048673735 0.083961786 -0.098929757 -0.054580742 0.991569228 0.063437461
115.366666666 -0.030708218 0.043653548 0.082574218 -0.098509614 -0.055346226 0.991724152 0.060957830
115.400000000 -0.013914649 0.038744282 0.081339659 -0.098056071 -0.056073893 0.991876873 0.058489272
115.433333333 0.002409515 0.034066692 0.080457540 -0.097573853 -0.056768809 0.992026215 0.056041367
115.466666666 0.019561050 0.029207522 0.079677685 -0.097043052 -0.057421937 0.992176457 0.053583998
115.500000000 0.038248439 0.023864753 0.078800527 -0.096445878 -0.058027828 0.992330302 0.051103190
115.533333333 0.057316610 0.018405978 0.078020140 -0.095808125 -0.058593439 0.992483372 0.048624771
115.566666666 0.075516403 0.013301165 0.077541105 -0.095148369 -0.059125152 0.992632485 0.046170929
115.600000000 0.094373545 0.008138936 0.077181451 -0.094442010 -0.059610522 0.992782427 0.043707490
115.633333333 0.114792063 0.002384756 0.076758636 -0.093675938 -0.060049756 0.992934387 0.041232855
115.666666666 0.135537495 -0.003332540 0.076435868 -0.092868995 -0.060443279 0.993086200 0.038752537
115.700000000 0.155793710 -0.008955606 0.076400217 -0.092038635 -0.060801535 0.993234397 0.036297310
115.733333333 0.176746944 -0.014645362 0.076393340 -0.091161690 -0.061110834 0.993383212 0.033834994
115.766666666 0.198740695 -0.020748843 0.076459830 -0.090237021 -0.061373931 0.993532169 0.031374344
115.800000000 0.221037520 -0.026795926 0.076629844 -0.089273807 -0.061591754 0.993680449 0.028910358
115.833333333 0.243698284 -0.032988906 0.076945480 -0.088273949 -0.061763355 0.993827465 0.026456901
115.866666666 0.266197518 -0.039200247 0.077498502 -0.087249254 -0.061897082 0.993971399 0.024024500
115.900000000 0.289698902 -0.045708946 0.078084009 -0.086177029 -0.061979854 0.994115612 0.021590919
115.933333333 0.313615221 -0.052387712 0.078801436 -0.085070929 -0.062017504 0.994258220 0.019166597
115.966666666 0.337693319 -0.059076464 0.079652495 -0.083933298 -0.062009658 0.994399039 0.016749761
116.000000000 0.361116274 -0.065461317 0.080776635 -0.082777669 -0.061963627 0.994536293 0.014350221
116.033333333 0.385264463 -0.072002063 0.081899674 -0.081581435 -0.061867455 0.994672874 0.011948301
116.066666666 0.410114336 -0.077976214 0.082979842 -0.080337169 -0.061713236 0.994810149 0.009496529
116.100000000 0.435410551 -0.083999826 0.084188493 -0.079057362 -0.061513027 0.994945487 0.007039819
116.133333333 0.457165000 -0.089689835 0.085684765 -0.077813201 -0.061300577 0.995070466 0.004702351
116.166666666 0.479636137 -0.097686995 0.086245229 -0.076537654 -0.061058026 0.995192387 0.002453009
116.200000000 0.504827771 -0.104546676 0.087339380 -0.075194501 -0.060737078 0.995317430 0.000092305
116.233333333 0.529363311 -0.111334615 0.088724635 0.073824526 0.060377330 -0.995439244 0.002286444
116.266666666 0.554974931 -0.117628836 0.090448127 0.072417918 0.059958920 -0.995559510 0.004672807
116.300000000 0.581160360 -0.124040684 0.092198934 0.070980437 0.059489980 -0.995677088 0.007060882
116.333333333 0.608145553 -0.130620375 0.094044981 0.069507546 0.058972839 -0.995791975 0.009447106
116.366666666 0.635604154 -0.137436890 0.095908377 0.068007333 0.058410323 -0.995903293 0.011826537
116.399999999 0.660884096 -0.143877073 0.097982357 0.066520941 0.057819006 -0.996008163 0.014130362
116.433333333 0.686903315 -0.149888692 0.100502510 0.065005892 0.057177914 -0.996109301 0.016467554
116.466666666 0.714723941 -0.157099362 0.102410016 0.063437652 0.056486277 -0.996208633 0.018796914
116.500000000 0.743305475 -0.163851336 0.104696319 0.061844473 0.055742901 -0.996303678 0.021141679
116.533333333 0.772446946 -0.170639929 0.107081599 0.060223697 0.054952269 -0.996394344 0.023487547
116.566666666 0.801425466 -0.177589876 0.109570492 0.058588782 0.054122774 -0.996479662 0.025814004
116.600000000 0.831237748 -0.184652146 0.112094493 0.056926977 0.053247315 -0.996560253 0.028137266
116.633333333 0.861668136 -0.192201674 0.114512953 0.055241529 0.052330667 -0.996635702 0.030449163
116.666666666 0.891921486 -0.199043381 0.117463431 0.053548330 0.051370503 -0.996704923 0.032755822
116.700000000 0.922693335 -0.207272627 0.119791625 0.051826550 0.050381200 -0.996768662 0.035042512
116.733333333 0.949615808 -0.216737249 0.122261137 0.050136864 0.049399782 -0.996824138 0.037250436
116.766666666 0.980168303 -0.226609428 0.125551841 0.048403645 0.048362418 -0.996874776 0.039482205
116.800000000 1.011871693 -0.236795398 0.127349670 0.046626616 0.047272136 -0.996920126 0.041732074
116.833333333 1.043071782 -0.246074241 0.130166381 0.044852970 0.046141056 -0.996958473 0.043966085
116.866666666 1.057402182 -0.255241238 0.135253825 0.043268162 0.045119175 -0.996983091 0.046009164
116.899999999 1.086065587 -0.264858130 0.137885254 0.041512967 0.043951122 -0.997007462 0.048177731
116.933333333 1.116598981 -0.275603782 0.140371667 0.039707504 0.042732346 -0.997025823 0.050366356
116.966666666 1.147362062 -0.286613561 0.142579985 0.037889453 0.041478993 -0.997037114 0.052544034
117.000000000 1.174559462 -0.299239415 0.144136175 0.036087016 0.040228975 -0.997041512 0.054658758
117.033333333 1.198894117 -0.311783472 0.146131217 0.034307035 0.038969762 -0.997038177 0.056738507
117.066666666 1.228429701 -0.322712190 0.148130298 0.032473605 0.037624713 -0.997026726 0.058885938
117.100000000 1.246948759 -0.332492635 0.151787024 0.030751370 0.036324344 -0.997005568 0.060949106
117.133333333 1.276960248 -0.343218118 0.153817621 0.028907014 0.034915038 -0.996979198 0.063069827
117.166666666 1.309016834 -0.354712507 0.155646293 0.027027690 0.033463240 -0.996944499 0.065202621
117.200000000 1.334748452 -0.365402773 0.159836390 0.025224540 0.032028688 -0.996903356 0.067242727
117.233333333 1.364195841 -0.373984928 0.164073343 0.023395117 0.030523723 -0.996853981 0.069304477
117.266666666 1.380314711 -0.382980662 0.170796944 0.021686673 0.029098829 -0.996792334 0.071330150
117.300000000 1.406016412 -0.393953334 0.174305700 0.019864118 0.027592485 -0.996723149 0.073396431
117.333333333 1.433241337 -0.405261821 0.179052557 0.018030671 0.026053372 -0.996646220 0.075448187
117.366666666 1.460922826 -0.413337696 0.181933639 0.016187480 0.024452356 -0.996560468 0.077506648
117.400000000 1.488427097 -0.421676281 0.186467994 0.014352280 0.022831464 -0.996468063 0.079524441
117.433333333 1.510237295 -0.433039146 0.192335264 0.012565299 0.021266864 -0.996364268 0.081535758
117.466666666 1.534129668 -0.445068868 0.198143360 0.010763394 0.019678611 -0.996253696 0.083519307
117.500000000 1.531410925 -0.458414558 0.209310173 0.009203098 0.018267351 -0.996141489 0.085344829
117.533333333 1.554175624 -0.468606983 0.214699566 0.007419534 0.016635872 -0.996016770 0.087285696
117.566666666 1.576655125 -0.479118653 0.219085295 0.005614648 0.014975767 -0.995879570 0.089264128
117.600000000 1.602049329 -0.491213694 0.222855761 0.003777652 0.013292293 -0.995732915 0.091241474
117.633333333 1.629329555 -0.501806799 0.226326852 0.001935616 0.011569021 -0.995580271 0.093179052
117.666666666 1.623977942 -0.513562283 0.228263254 0.000305603 0.010039381 -0.995409046 0.095183760
117.700000000 1.647270257 -0.525832068 0.231174797 -0.001523874 0.008316912 -0.995234726 0.097140864
117.733333333 1.672130425 -0.538702118 0.233386266 -0.003362198 0.006583236 -0.995051613 0.099084028
117.766666666 1.694291987 -0.551905511 0.235994667 -0.005174316 0.004863502 -0.994858899 0.101021502
117.800000000 1.692668691 -0.559040147 0.241080438 -0.006767855 0.003236185 -0.994667150 0.102863914
117.833333333 1.670199606 -0.567664055 0.249007533 -0.008206989 0.001739397 -0.994471135 0.104674650
117.866666666 1.675222275 -0.577633126 0.253947645 -0.009859398 0.000074386 -0.994264147 0.106496913
117.900000000 1.682153307 -0.587627099 0.259522642 -0.011512071 -0.001602270 -0.994052677 0.108278258
117.933333333 1.685596530 -0.596960144 0.264672374 -0.013133275 -0.003266992 -0.993835098 0.110039276
117.966666666 1.652885098 -0.590834481 0.276145843 -0.014398482 -0.004830612 -0.993636087 0.111609475
118.000000000 1.646794201 -0.595110948 0.283758061 -0.015902493 -0.006468272 -0.993417847 0.113253049
118.033333333 1.586045027 -0.581687456 0.297092122 -0.016946202 -0.007930267 -0.993218252 0.114749470
118.066666666 1.572120667 -0.582282034 0.300286932 -0.018420780 -0.009568140 -0.992972982 0.116506573
118.100000000 1.569861483 -0.587153335 0.303670029 -0.019991397 -0.011253080 -0.992722623 0.118218048
118.133333333 1.579590759 -0.597302980 0.307080916 -0.021641921 -0.012952333 -0.992467470 0.119884047
118.166666666 1.593780510 -0.607864905 0.310996679 -0.023300116 -0.014654479 -0.992205229 0.121536553
118.200000000 1.606686000 -0.616782333 0.315574458 -0.024922603 -0.016344000 -0.991946084 0.123104446
118.233333333 1.620002651 -0.626227197 0.319180067 -0.026539267 -0.018020756 -0.991681938 0.124650927
118.266666666 1.630184144 -0.634691346 0.323364739 -0.028113246 -0.019670180 -0.991418240 0.126145164
118.300000000 1.632997705 -0.635259424 0.326909761 -0.029589990 -0.021316388 -0.991156823 0.127586034
118.333333333 1.642915000 -0.644296613 0.330611818 -0.031136791 -0.022921600 -0.990879957 0.129081414
118.366666666 1.654170367 -0.655842310 0.333277372 -0.032701444 -0.024510295 -0.990597746 0.130560206
118.400000000 1.664987125 -0.665414918 0.337806392 -0.034231902 -0.026090110 -0.990319963 0.131961562
118.433333333 1.675208073 -0.674824816 0.342668875 -0.035736148 -0.027641046 -0.990044112 0.133310002
118.466666666 1.687202663 -0.683307178 0.346054059 -0.037239893 -0.029188395 -0.989774840 0.134562232
118.500000000 1.700764915 -0.691960516 0.350044879 -0.038739422 -0.030720450 -0.989505065 0.135776424
118.533333333 1.710553345 -0.699797554 0.354946573 -0.040181875 -0.032205112 -0.989239124 0.136945986
118.566666666 1.721807478 -0.708407869 0.360378811 -0.041620672 -0.033660445 -0.988978847 0.138041787
118.600000000 1.733022616 -0.717172208 0.365886629 -0.043044109 -0.035089454 -0.988717606 0.139116609
118.633333333 1.745887838 -0.723836157 0.370343373 -0.044461373 -0.036518473 -0.988462896 0.140109569
118.666666666 1.757218507 -0.732746703 0.376858184 -0.045848319 -0.037885520 -0.988210617 0.141075848
118.700000000 1.765674295 -0.738853351 0.380678133 -0.047191808 -0.039228366 -0.987958834 0.142026092
118.733333333 1.779226035 -0.746716518 0.383573208 -0.048577892 -0.040562613 -0.987697716 0.142996798
118.766666666 1.788054857 -0.754744821 0.387749827 -0.049903426 -0.041834726 -0.987448029 0.143895430
118.800000000 1.797235959 -0.761842909 0.391719031 -0.051204349 -0.043076264 -0.987203287 0.144748818
118.833333333 1.806873123 -0.770077375 0.395671529 -0.052500889 -0.044278989 -0.986958416 0.145588850
118.866666666 1.817727807 -0.777514966 0.398840265 -0.053793317 -0.045463879 -0.986713752 0.146407942
118.900000000 1.827759170 -0.783524956 0.400467214 -0.055058674 -0.046622050 -0.986470658 0.147209264
118.933333333 1.836404803 -0.789798188 0.405520930 -0.056278574 -0.047715968 -0.986255810 0.147835669
118.966666666 1.847187422 -0.795269107 0.407040583 -0.057509372 -0.048798741 -0.986032034 0.148499776
119.000000000 1.857999312 -0.799881132 0.408212811 -0.058730232 -0.049855132 -0.985813157 0.149122921
119.033333333 1.867711231 -0.804619679 0.408514203 -0.059925976 -0.050863083 -0.985601280 0.149706186
119.066666666 1.876622372 -0.808994389 0.408136603 -0.061100352 -0.051826685 -0.985391649 0.150279870
119.100000000 1.885730004 -0.813018836 0.408309226 -0.062254315 -0.052755755 -0.985193171 0.150783441
119.133333333 1.895522096 -0.817983476 0.408383451 -0.063402040 -0.053641668 -0.984998821 0.151261614
119.166666666 1.904327351 -0.823682508 0.408896293 -0.064520121 -0.054468215 -0.984816686 0.151678813
119.200000000 1.912508504 -0.828784721 0.409798313 -0.065607128 -0.055247432 -0.984643866 0.152052237
119.233333333 1.919892458 -0.832932440 0.410244082 -0.066665253 -0.055985385 -0.984482093 0.152369255
119.266666666 1.925639128 -0.835343276 0.409794405 -0.067685072 -0.056683421 -0.984334147 0.152617196
119.300000000 1.933488671 -0.839390222 0.411032805 -0.068715383 -0.057343119 -0.984188917 0.152846782
119.333333333 1.941132474 -0.842939156 0.410949420 -0.069727604 -0.057961938 -0.984049876 0.153050049
119.366666666 1.948015348 -0.846847479 0.411695472 -0.070712079 -0.058527367 -0.983921460 0.153208712
119.400000000 1.954314192 -0.851099014 0.412615677 -0.071673274 -0.059036063 -0.983804319 0.153319105
119.433333333 1.958284923 -0.852574683 0.411536922 -0.072575558 -0.059497034 -0.983704837 0.153354768
119.466666666 1.963476506 -0.855325613 0.410228292 -0.073480864 -0.059916737 -0.983605647 0.153396472
119.500000000 1.968424431 -0.857461022 0.409154510 -0.074369953 -0.060300860 -0.983515860 0.153393185
119.533333333 1.972659751 -0.859384902 0.407905810 -0.075225655 -0.060629762 -0.983436320 0.153356244
119.566666666 1.977352174 -0.861529619 0.407117619 -0.076071780 -0.060919058 -0.983364549 0.153284430
119.600000000 1.981675299 -0.864343612 0.407430624 -0.076887939 -0.061145081 -0.983307577 0.153152647
119.633333333 1.985841290 -0.867111573 0.407518161 -0.077684712 -0.061328090 -0.983258946 0.152989529
119.666666666 1.989952055 -0.868940952 0.407385318 -0.078465574 -0.061478935 -0.983219532 0.152783655
119.700000000 1.993471722 -0.870924380 0.406785703 -0.079216074 -0.061572021 -0.983189253 0.152553575
119.733333333 1.995877358 -0.872195330 0.406182791 -0.079925760 -0.061610275 -0.983174232 0.152264495
119.766666666 1.998559163 -0.874655574 0.405047126 -0.080622699 -0.061589287 -0.983170238 0.151930983
119.800000000 2.000932005 -0.875923612 0.403135330 -0.081294998 -0.061536966 -0.983168905 0.151602209
119.833333333 2.002606035 -0.876896941 0.401278047 -0.081937291 -0.061433675 -0.983184162 0.151198837
119.866666666 2.003903546 -0.878104164 0.399016603 -0.082549103 -0.061275808 -0.983212450 0.150745477
119.900000000 2.004258003 -0.877748119 0.396905112 -0.083126696 -0.061089791 -0.983237282 0.150341067
119.933333333 2.001955414 -0.876477972 0.392996994 -0.083637255 -0.060823664 -0.983291973 0.149807166
119.966666666 2.001558086 -0.877253024 0.392062738 -0.084151580 -0.060509818 -0.983355899 0.149225498
120.000000000 2.001086317 -0.877316464 0.390255777 -0.084645617 -0.060168540 -0.983419723 0.148662419
120.033333333 1.999623477 -0.877052421 0.388672645 -0.085100184 -0.059770121 -0.983496309 0.148055738
120.066666666 1.997991159 -0.875162793 0.386094251 -0.085540067 -0.059371418 -0.983560308 0.147536612
120.100000000 1.997244305 -0.877072549 0.384999847 -0.085960481 -0.058855586 -0.983664379 0.146803285
120.133333333 1.996255156 -0.878536113 0.383884928 -0.086352938 -0.058308309 -0.983778204 0.146026561
120.166666666 1.994964469 -0.879715616 0.382331282 -0.086716969 -0.057717856 -0.983896304 0.145247649
120.200000000 1.993102177 -0.880942565 0.380563473 -0.087040738 -0.057063375 -0.984031192 0.144396312
120.233333333 1.991381005 -0.882703910 0.379530968 -0.087338748 -0.056359960 -0.984175723 0.143504858
120.266666666 1.989300376 -0.883823824 0.379020955 -0.087602415 -0.055619310 -0.984322491 0.142623780
120.300000000 1.986898232 -0.885263391 0.378417761 -0.087837095 -0.054823280 -0.984487438 0.141645813
120.333333333 1.984168504 -0.886379790 0.377521338 -0.088040189 -0.053989344 -0.984657573 0.140653974
120.366666666 1.980651131 -0.887700311 0.376311192 -0.088206599 -0.053098442 -0.984846602 0.139561175
120.400000000 1.977324981 -0.888782374 0.375313453 -0.088342126 -0.052170554 -0.985038005 0.138470325
120.433333333 1.972714584 -0.889383906 0.373802949 -0.088441872 -0.051200730 -0.985239273 0.137332061
120.466666666 1.967783217 -0.890484041 0.371645363 -0.088497747 -0.050168373 -0.985455886 0.136117523
120.500000000 1.962198731 -0.891114703 0.370297437 -0.088517201 -0.049098855 -0.985673576 0.134913338
120.533333333 1.956265351 -0.891447283 0.367724034 -0.088504539 -0.047992266 -0.985898374 0.133671560
120.566666666 1.950015891 -0.892219002 0.365677660 -0.088451342 -0.046833315 -0.986136874 0.132352053
120.600000000 1.943343807 -0.891436068 0.361823893 -0.088374715 -0.045680741 -0.986350821 0.131206848
120.633333333 1.936328912 -0.891217942 0.359072843 -0.088256841 -0.044464864 -0.986591090 0.129890828
120.666666666 1.928600490 -0.890825164 0.356040051 -0.088100308 -0.043211861 -0.986838262 0.128535269
120.700000000 1.920387837 -0.890386375 0.353721314 -0.087902983 -0.041915835 -0.987094192 0.127126651
120.733333333 1.912312074 -0.890236562 0.349644019 -0.087686631 -0.040597113 -0.987355229 0.125668536
120.766666666 1.903896816 -0.889590933 0.346129638 -0.087431835 -0.039243975 -0.987620573 0.124182076
120.800000000 1.895214451 -0.889200354 0.342941844 -0.087138830 -0.037848196 -0.987894808 0.122630289
120.833333333 1.885778592 -0.888722962 0.338812870 -0.086804251 -0.036413681 -0.988175153 0.121032775
120.866666666 1.876428634 -0.888670548 0.335302736 -0.086428397 -0.034936779 -0.988464942 0.119359169
120.900000000 1.866452808 -0.887858414 0.332026591 -0.086013787 -0.033439067 -0.988752207 0.117696775
120.933333333 1.856311826 -0.887237667 0.329085460 -0.085566493 -0.031909190 -0.989043169 0.115990466
120.966666666 1.845735357 -0.886435640 0.322134624 -0.085078561 -0.030367736 -0.989332878 0.114279905
121.000000000 1.834990411 -0.886399166 0.318377100 -0.084543780 -0.028769496 -0.989637402 0.112438777
121.033333333 1.824052833 -0.886069151 0.316238678 -0.083968431 -0.027141811 -0.989941880 0.110578927
121.066666666 1.812182823 -0.884972842 0.313545474 -0.083357903 -0.025497650 -0.990244671 0.108705205
121.100000000 1.799441432 -0.884234701 0.309881512 -0.082700262 -0.023816135 -0.990549400 0.106795806
121.133333333 1.786366898 -0.883359308 0.306066946 -0.082006341 -0.022117712 -0.990852641 0.104865684
121.166666666 1.772577922 -0.881376858 0.301809747 -0.081277974 -0.020421058 -0.991145011 0.102997272
121.200000000 1.758681336 -0.880235859 0.297587285 -0.080508695 -0.018684959 -0.991446183 0.101013305
121.233333333 1.744104242 -0.878217803 0.293537082 -0.079714245 -0.016951119 -0.991736977 0.099076062
121.266666666 1.729535533 -0.876784587 0.289256920 -0.078869147 -0.015185084 -0.992033635 0.097048125
121.300000000 1.714607547 -0.875270014 0.284764650 -0.077986453 -0.013406436 -0.992327750 0.094994826
121.333333333 1.699475472 -0.873685084 0.280638671 -0.077064014 -0.011611563 -0.992619109 0.092917244
121.366666666 1.683873011 -0.872051036 0.275762291 -0.076105880 -0.009807090 -0.992907732 0.090807227
121.400000000 1.667996307 -0.870332413 0.271335943 -0.075110330 -0.007990547 -0.993192592 0.088673923
121.433333333 1.651815696 -0.868746911 0.267343895 -0.074072827 -0.006157964 -0.993476771 0.086482375
121.466666666 1.635352730 -0.867120320 0.263194533 -0.072996045 -0.004317125 -0.993756794 0.084263719
121.500000000 1.618224675 -0.865079106 0.258253251 -0.071888433 -0.002485667 -0.994029708 0.082041544
121.533333333 1.600986886 -0.862882551 0.253723449 -0.070742853 -0.000646634 -0.994296080 0.079814390
121.566666666 1.583407220 -0.860487742 0.249241460 -0.069558024 0.001195845 -0.994556783 0.077569685
121.600000000 1.565371073 -0.857860107 0.244936240 -0.068337436 0.003037961 -0.994811714 0.075302192
121.633333333 1.547094884 -0.855396141 0.240697443 -0.067075483 0.004886487 -0.995062604 0.072989155
121.666666666 1.528429428 -0.852706156 0.236439799 -0.065777068 0.006730280 -0.995306614 0.070659917
121.700000000 1.509518338 -0.849992371 0.232072553 -0.064445262 0.008570973 -0.995543624 0.068309871
121.733333333 1.490246999 -0.845909662 0.227281390 -0.063091649 0.010382972 -0.995763869 0.066075377
121.766666666 1.470482523 -0.842690410 0.222504991 -0.061705446 0.012202934 -0.995983705 0.063718015
121.800000000 1.450596043 -0.838937560 0.218133870 -0.060272252 0.014013663 -0.996194929 0.061372116
121.833333333 1.430443176 -0.835073399 0.213607753 -0.058807698 0.015815261 -0.996397928 0.059014416
121.866666666 1.410337314 -0.830805383 0.208503824 -0.057313855 0.017599593 -0.996589127 0.056705277
121.900000000 1.389874056 -0.825630238 0.202537576 -0.055798633 0.019354640 -0.996767972 0.054456589
121.933333333 1.368754703 -0.820961044 0.198134353 -0.054239358 0.021113353 -0.996946024 0.052066719
121.966666666 1.347839603 -0.816983194 0.193315514 -0.052641933 0.022868678 -0.997116893 0.049636200
122.000000000 1.326401933 -0.812038427 0.187479113 -0.051016398 0.024585121 -0.997277876 0.047220092
122.033333333 1.305084995 -0.808228664 0.181949062 -0.049354039 0.026306396 -0.997432237 0.044733497
122.066666666 1.283360693 -0.802714194 0.177024156 -0.047686288 0.027980103 -0.997570870 0.042373247
122.100000000 1.261271347 -0.796288677 0.170508087 -0.045993999 0.029613783 -0.997699993 0.040028730
122.133333333 1.239046332 -0.790254220 0.164927320 -0.044249670 0.031248767 -0.997822907 0.037615519
122.166666666 1.216839388 -0.784714745 0.159819310 -0.042481832 0.032868601 -0.997936492 0.035181064
122.200000000 1.194395817 -0.778900840 0.154465167 -0.040688455 0.034457203 -0.998040799 0.032737052
122.233333333 1.171920032 -0.773409371 0.148806225 -0.038860814 0.036028040 -0.998136592 0.030251640
122.266666666 1.149165683 -0.767607527 0.143655785 -0.037010257 0.037567984 -0.998222440 0.027764159
122.300000000 1.126146662 -0.761599431 0.138721291 -0.035135342 0.039078837 -0.998298717 0.025259122
122.333333333 1.102961368 -0.755282310 0.134308829 -0.033249353 0.040558202 -0.998363906 0.022782089
122.366666666 1.080611394 -0.744727532 0.129540301 -0.031395118 0.041951263 -0.998410660 0.020750724
122.400000000 1.057108238 -0.737639829 0.124396324 -0.029438693 0.043378274 -0.998457702 0.018273079
122.433333333 1.033738203 -0.730934116 0.119478724 -0.027480612 0.044761553 -0.998494903 0.015784394
122.466666666 1.010466864 -0.723828975 0.115458464 -0.025518500 0.046103837 -0.998521164 0.013368913
