# timestamp tx ty tz qx qy qz qw
102.566666666 -0.266802934 -0.117867362 0.064160656 0.034460188 -0.024765661 -0.998164032 0.043217152
102.600000000 -0.318401264 -0.138239320 0.062158284 0.051044831 -0.021161158 -0.997431622 0.045571814
102.633333333 -0.357067970 -0.117340334 0.063713373 0.057530581 -0.029445836 -0.996697731 0.049161051
102.666666666 -0.358519872 -0.158701741 0.068639138 0.056800100 -0.024013953 -0.996790130 0.051054050
102.700000000 -0.378490110 -0.167492875 0.071752011 0.059205776 -0.025155108 -0.996496264 0.053451772
102.733333333 -0.398800476 -0.176418955 0.074827486 0.061612176 -0.026271246 -0.996190206 0.055846523
102.766666666 -0.419344569 -0.185431778 0.077845948 0.064004906 -0.027355253 -0.995873961 0.058224698
102.800000000 -0.446961556 -0.195442249 0.079799366 0.067907995 -0.028713598 -0.995504326 0.059457306
102.833333333 -0.468325770 -0.204532327 0.082605940 0.070266669 -0.029741372 -0.995172533 0.061722563
102.866666666 -0.490269235 -0.213833965 0.085387966 0.072641999 -0.030749758 -0.994827249 0.064002631
102.900000000 -0.512496626 -0.223219476 0.088103257 0.074999537 -0.031723416 -0.994473540 0.066265174
102.933333333 -0.526159667 -0.227391169 0.092294845 0.076356275 -0.033694230 -0.994060278 0.069846849
102.966666666 -0.548200718 -0.236410841 0.094923228 0.078661092 -0.034614688 -0.993687593 0.072105645
103.000000000 -0.576236017 -0.247733032 0.096974410 0.081649263 -0.033350724 -0.993529452 0.071556662
103.033333333 -0.603424461 -0.259602151 0.099074689 0.084432275 -0.033583671 -0.993187790 0.072947534
103.066666666 -0.615411241 -0.252982062 0.104449342 0.084194922 -0.033635670 -0.992932625 0.076581062
103.100000000 -0.635480358 -0.260255555 0.106818986 0.085894875 -0.033815838 -0.992743049 0.077070084
103.133333333 -0.651264450 -0.265935945 0.109302038 0.086842029 -0.034497162 -0.992527536 0.078469724
103.166666666 -0.660277643 -0.268613895 0.111667078 0.086571709 -0.035669495 -0.992374281 0.080164289
103.200000000 -0.682391900 -0.277906474 0.113858408 0.088597114 -0.036106589 -0.992014976 0.082177565
103.233333333 -0.686579409 -0.275231663 0.118641997 0.088906127 -0.037411588 -0.991801416 0.083821392
103.266666666 -0.702974168 -0.279595343 0.118266132 0.089528203 -0.038620208 -0.991567727 0.085361714
103.300000000 -0.723464655 -0.287962049 0.120134149 0.091355508 -0.038957336 -0.991224536 0.087237705
103.333333333 -0.744509592 -0.296613535 0.121953744 0.093191283 -0.039262433 -0.990872899 0.089133290
103.366666666 -0.762289017 -0.285460339 0.136414021 0.095929455 -0.040382335 -0.990394258 0.091027577
103.400000000 -0.788459042 -0.295022574 0.138216715 0.097736336 -0.042037884 -0.990125564 0.091278650
103.433333333 -0.810442482 -0.302892199 0.140313936 0.099524447 -0.042266902 -0.989768855 0.093091391
103.466666666 -0.779026020 -0.287429340 0.142736378 0.098365422 -0.042843262 -0.989580240 0.096018993
103.500000000 -0.755567828 -0.272902917 0.144653048 0.097583420 -0.043558898 -0.989363767 0.098688574
103.533333333 -0.773023324 -0.278974310 0.146370779 0.099207526 -0.043638816 -0.989021589 0.100448080
103.566666666 -0.790702166 -0.285163853 0.148016027 0.100812357 -0.043679848 -0.988677499 0.102204416
103.600000000 -0.821912193 -0.296006121 0.148299523 0.103382663 -0.043888414 -0.988310506 0.103093042
103.633333333 -0.807441134 -0.278808953 0.133981849 0.103814269 -0.051071448 -0.988738866 0.094919748
103.666666666 -0.807348651 -0.267960549 0.133662059 0.103590448 -0.053320459 -0.988516054 0.096239072
103.700000000 -0.826087175 -0.270115381 0.135711536 0.105020458 -0.053760798 -0.988172947 0.097952576
103.733333333 -0.842799342 -0.272734822 0.136234320 0.106433533 -0.053849128 -0.987874012 0.099383651
103.766666666 -0.859515363 -0.275225565 0.136649627 0.107803453 -0.053897569 -0.987580428 0.100788720
103.800000000 -0.876283369 -0.277594549 0.136958545 0.109133476 -0.053906608 -0.987291721 0.102171523
103.833333333 -0.859071661 -0.272146917 0.155253777 0.115120892 -0.048940205 -0.987665875 0.094170883
103.866666666 -0.925813938 -0.301120557 0.150140961 0.116899915 -0.049427883 -0.987672174 0.091624071
103.900000000 -0.944837402 -0.305558146 0.150500388 0.118247525 -0.049209422 -0.987421203 0.092710962
103.933333333 -0.973604492 -0.307741594 0.140274190 0.119412244 -0.049165768 -0.987132110 0.094306098
103.966666666 -1.001986518 -0.315543346 0.135042280 0.120591681 -0.049160147 -0.986862016 0.095625773
104.000000000 -1.022106912 -0.319888261 0.134587142 0.121801918 -0.048835569 -0.986628208 0.096665195
104.033333333 -1.043334631 -0.323961909 0.133656420 0.123330121 -0.048361327 -0.986377310 0.097522646
104.066666666 -1.062916251 -0.328665858 0.130751611 0.124534074 -0.047597367 -0.986161412 0.098546560
104.099999999 -1.080291273 -0.320284619 0.142981171 0.126058517 -0.047249530 -0.985935442 0.099035535
104.133333333 -1.103032920 -0.325166914 0.142247700 0.126952396 -0.046778692 -0.985751235 0.099946712
104.166666666 -1.121471595 -0.324877793 0.142732051 0.128038892 -0.045612537 -0.985609763 0.100493454
104.200000000 -1.145762338 -0.328154900 0.142371221 0.128782820 -0.044696107 -0.985492525 0.101102550
104.233333333 -1.164876574 -0.328472471 0.144138181 0.129410297 -0.043696601 -0.985444424 0.101207064
104.266666666 -1.197264560 -0.341263032 0.143492872 0.126885255 -0.043236581 -0.985501084 0.104011264
104.300000000 -1.217766895 -0.345918555 0.142558085 0.127599936 -0.042556424 -0.985354225 0.104805810
104.333333333 -1.238930096 -0.350754934 0.141500126 0.128285645 -0.041826857 -0.985212298 0.105593728
104.366666666 -1.260287370 -0.355669587 0.140339997 0.128925129 -0.041063767 -0.985078915 0.106356050
104.400000000 -1.281844539 -0.360666929 0.139078281 0.129518226 -0.040267699 -0.984954183 0.107092480
104.433333333 -1.303440059 -0.366120725 0.135932672 0.129422413 -0.039771193 -0.984946032 0.107468161
104.466666666 -1.325034075 -0.371131744 0.134445463 0.129907181 -0.038922581 -0.984842283 0.108142661
104.500000000 -1.346961885 -0.376260819 0.132850122 0.130348299 -0.038037723 -0.984746785 0.108794406
104.533333333 -1.341321397 -0.381304159 0.137501005 0.127273958 -0.036793241 -0.984915520 0.111305957
104.566666666 -1.360499665 -0.386262572 0.136011376 0.127546118 -0.035898288 -0.984847002 0.111891392
104.600000000 -1.378868134 -0.392855143 0.123295490 0.128703468 -0.033840016 -0.984642259 0.113003947
104.633333333 -1.399626671 -0.398759043 0.121235673 0.128915063 -0.032822934 -0.984583602 0.113572406
104.666666666 -1.420695432 -0.404830209 0.119066944 0.129081378 -0.031771207 -0.984533444 0.114116104
104.700000000 -1.441941869 -0.411034305 0.116803851 0.129200918 -0.030692204 -0.984492203 0.114630773
104.733333333 -1.463371639 -0.417376021 0.114447550 0.129273782 -0.029586607 -0.984459863 0.115116031
104.766666666 -1.484990504 -0.423860059 0.111999249 0.129300095 -0.028455108 -0.984436399 0.115571487
104.800000000 -1.506804338 -0.430491126 0.109460199 0.129280008 -0.027298409 -0.984421775 0.115996744
104.833333333 -1.528819119 -0.437273934 0.106831699 0.129213699 -0.026117220 -0.984415945 0.116391400
104.866666666 -1.551040937 -0.444213200 0.104115094 0.129101370 -0.024912265 -0.984418851 0.116755045
104.900000000 -1.573475985 -0.451313643 0.101311771 0.128943251 -0.023684271 -0.984430427 0.117087269
104.933333333 -1.587289996 -0.459703016 0.103322686 0.126540693 -0.022140314 -0.984784308 0.117034727
104.966666666 -1.608585710 -0.467092073 0.100542723 0.126261588 -0.020885588 -0.984816784 0.117293249
105.000000000 -1.630419743 -0.474780296 0.097637289 0.125933212 -0.019589303 -0.984858000 0.117523634
105.033333333 -1.652443393 -0.482650288 0.094653789 0.125560187 -0.018273023 -0.984907373 0.117720868
105.066666666 -1.674662596 -0.490706741 0.091593853 0.125142863 -0.016937518 -0.984964783 0.117884523
105.100000000 -1.697083389 -0.498954340 0.088459152 0.124681617 -0.015583564 -0.985030102 0.118014172
105.133333333 -1.719711907 -0.507397758 0.085251391 0.124176846 -0.014211941 -0.985103195 0.118109388
105.166666666 -1.742554393 -0.516041660 0.081972313 0.123628973 -0.012823439 -0.985183916 0.118169744
105.200000000 -1.765617186 -0.524890695 0.078623690 0.123038442 -0.011418848 -0.985272114 0.118194813
105.233333333 -1.788906726 -0.533949500 0.075207330 0.122405722 -0.009998968 -0.985367627 0.118184173
105.266666666 -1.812429551 -0.543222696 0.071725072 0.121731301 -0.008564599 -0.985470290 0.118137402
105.300000000 -1.822278265 -0.556891734 0.069756650 0.120538268 -0.005994974 -0.985605322 0.118392292
105.333333333 -1.845456709 -0.567100205 0.066210974 0.119785382 -0.004537610 -0.985718648 0.118277721
105.366666666 -1.868810316 -0.579215250 0.063789190 0.119405668 -0.002600923 -0.985740416 0.118538409
105.400000000 -1.893053471 -0.590365982 0.060075936 0.118566289 -0.001090643 -0.985866987 0.118351719
105.433333333 -1.812877470 -0.573476855 0.031054573 0.096756476 -0.005545154 -0.988316362 0.117635899
105.466666666 -1.839791897 -0.581072991 0.019452601 0.097995246 -0.003632300 -0.988248753 0.117252463
105.500000000 -1.852956297 -0.588400816 0.015434053 0.096782969 -0.002178721 -0.988411501 0.116923111
105.533333333 -1.865908415 -0.595791279 0.011399609 0.095542715 -0.000728811 -0.988577599 0.116556380
105.566666666 -1.878749538 -0.603301302 0.007321619 0.094266193 0.000727474 -0.988748009 0.116149599
105.600000000 -1.891481739 -0.610933182 0.003202455 0.092954093 0.002189290 -0.988922489 0.115702436
105.633333333 -1.904107171 -0.618689187 -0.000955485 0.091607121 0.003655793 -0.989100791 0.115214568
105.666666666 -1.916628070 -0.626571554 -0.005149782 0.090226001 0.005126139 -0.989282662 0.114685688
105.700000000 -1.929046753 -0.634582491 -0.009377999 0.088811470 0.006599484 -0.989467848 0.114115502
105.733333333 -1.941365615 -0.642724172 -0.013637679 0.087364279 0.008074983 -0.989656092 0.113503730
105.766666666 -1.940852777 -0.627334364 -0.011248838 0.082604543 0.006300721 -0.990376744 0.110863408
105.800000000 -1.951085557 -0.633441773 -0.015439715 0.081037825 0.007754877 -0.990577056 0.110135502
105.833333333 -1.917438786 -0.665599223 -0.035074586 0.078560036 0.013124837 -0.990252773 0.114260688
105.866666666 -1.925589044 -0.673868842 -0.039423178 0.076996322 0.014546079 -0.990439735 0.113530216
105.900000000 -1.964528598 -0.702871164 -0.038640609 0.078494269 0.017666654 -0.990167778 0.114430373
105.933333333 -1.975059408 -0.713235885 -0.043157199 0.076832680 0.019171987 -0.990366037 0.113597037
105.966666666 -1.985369840 -0.723677335 -0.047643116 0.075160854 0.020657992 -0.990563609 0.112729007
106.000000000 -1.995571075 -0.734303225 -0.052142018 0.073462755 0.022139288 -0.990762256 0.111817828
106.033333333 -2.005665860 -0.745115957 -0.056651366 0.071739237 0.023615052 -0.990961715 0.110863385
106.066666666 -2.102803707 -0.727951409 -0.031947434 0.076304685 0.021976047 -0.990250188 0.114451795
106.100000000 -2.118435582 -0.737042648 -0.035974440 0.074579353 0.023426038 -0.990465503 0.113433807
106.133333333 -2.133956606 -0.739182871 -0.056435403 0.072862046 0.024494832 -0.990708136 0.112198554
106.166666666 -2.149082078 -0.747864939 -0.060557449 0.071164146 0.025866999 -0.990916515 0.111135155
106.200000000 -2.164661562 -0.756902995 -0.064782798 0.069401312 0.027265794 -0.991130582 0.110000924
106.233333333 -2.180305554 -0.766073453 -0.069001251 0.067618510 0.028654482 -0.991344638 0.108823095
106.266666666 -2.196018982 -0.775377826 -0.073210328 0.065816633 0.030032286 -0.991558423 0.107601701
106.300000000 -2.211806829 -0.784817589 -0.077407562 0.063996574 0.031398437 -0.991771678 0.106336799
106.333333333 -2.227674127 -0.794394183 -0.081590498 0.062159230 0.032752173 -0.991984146 0.105028469
106.366666666 -2.243625962 -0.804109011 -0.085756695 0.060305495 0.034092739 -0.992195571 0.103676815
106.400000000 -2.259667468 -0.813963438 -0.089903732 0.058436264 0.035419389 -0.992405698 0.102281968
106.433333333 -2.275803823 -0.823958791 -0.094029202 0.056552432 0.036731384 -0.992614275 0.100844079
106.466666666 -2.292040253 -0.834096362 -0.098130721 0.054654890 0.038027995 -0.992821053 0.099363325
106.500000000 -2.308382024 -0.844377403 -0.102205926 0.052744529 0.039308499 -0.993025784 0.097839910
106.533333333 -2.324834444 -0.854803128 -0.106252476 0.050822235 0.040572187 -0.993228223 0.096274058
106.566666666 -2.341402857 -0.865374712 -0.110268056 0.048888892 0.041818355 -0.993428128 0.094666019
106.600000000 -2.358092647 -0.876093294 -0.114250375 0.046945376 0.043046312 -0.993625260 0.093016069
106.633333333 -2.374909228 -0.886959972 -0.118197173 0.044992561 0.044255376 -0.993819383 0.091324506
106.666666666 -2.390561318 -0.939758968 -0.062956647 0.043288533 0.047045673 -0.993922677 0.089613163
106.700000000 -2.407514173 -0.952463718 -0.065945627 0.041343407 0.048215818 -0.994105667 0.087862849
106.733333333 -2.424819231 -0.965510971 -0.068924109 0.039367606 0.049379616 -0.994287245 0.086050680
106.766666666 -2.442274345 -0.978746873 -0.071852925 0.037385859 0.050521911 -0.994464919 0.084198329
106.800000000 -2.449659195 -0.945253885 -0.009690005 0.030540287 0.048812321 -0.995212530 0.078972584
106.833333333 -2.464016900 -0.956289521 -0.011499829 0.028442217 0.049910879 -0.995378234 0.076955280
106.866666666 -2.478015271 -0.967126088 -0.013189601 0.026402299 0.050953315 -0.995534028 0.074957838
106.900000000 -2.525783136 -1.003044181 -0.033722698 0.023652207 0.053244910 -0.995644729 0.072781357
106.933333333 -2.539548736 -1.015300727 -0.035537415 0.021605241 0.054245710 -0.995786014 0.070716557
106.966666666 -2.553427453 -1.027758436 -0.037289856 0.019548803 0.055225413 -0.995922287 0.068606092
107.000000000 -2.609500412 -1.049200422 -0.087934115 0.016210451 0.056953529 -0.996060365 0.066009599
107.033333333 -2.622857490 -1.062652691 -0.090217161 0.014130081 0.057890979 -0.996180985 0.063815518
107.066666666 -2.636202402 -1.076220651 -0.092420153 0.012058999 0.058797832 -0.996294901 0.061594364
107.100000000 -2.649590485 -1.089956452 -0.094550226 0.009989933 0.059677254 -0.996402421 0.059338364
107.133333333 -2.663025685 -1.103860704 -0.096605632 0.007923618 0.060528760 -0.996503384 0.057048146
107.166666666 -2.676511947 -1.117933984 -0.098584671 0.005860777 0.061351886 -0.996597633 0.054724356
107.200000000 -2.690053214 -1.132176839 -0.100485691 0.003802120 0.062146180 -0.996685018 0.052367657
107.233333333 -2.703653424 -1.146589784 -0.102307092 0.001748344 0.062911210 -0.996765394 0.049978728
107.266666666 -2.718789801 -1.167232575 -0.101943837 -0.000244012 0.063840994 -0.996805047 0.047999659
107.300000000 -2.732568656 -1.182190529 -0.103575659 -0.002283766 0.064546889 -0.996871781 0.045553668
107.333333333 -2.746433004 -1.197338890 -0.105124944 -0.004318609 0.065223032 -0.996931208 0.043075195
107.366666666 -2.760373367 -1.212663609 -0.106588675 -0.006345902 0.065868357 -0.996983139 0.040567347
107.400000000 -2.774393656 -1.228165107 -0.107965522 -0.008365014 0.066482519 -0.997027459 0.038030869
107.433333333 -2.788497763 -1.243843774 -0.109254211 -0.010375322 0.067065192 -0.997064059 0.035466521
107.466666666 -2.826779153 -1.219645222 -0.177626911 -0.013564672 0.066892785 -0.997179765 0.031206896
107.500000000 -2.840311375 -1.234774673 -0.179575319 -0.015587934 0.067411548 -0.997194828 0.028551260
107.533333333 -2.853770528 -1.249907194 -0.181415890 -0.017579439 0.067892313 -0.997201536 0.025897763
107.566666666 -2.867301127 -1.265200124 -0.183168377 -0.019559807 0.068340418 -0.997200006 0.023219598
107.600000000 -2.880906657 -1.280653584 -0.184831787 -0.021528485 0.068755632 -0.997190161 0.020517573
107.633333333 -2.894590570 -1.296267674 -0.186405187 -0.023484931 0.069137742 -0.997171930 0.017792498
107.666666666 -2.908437572 -1.312579146 -0.187857782 -0.025402872 0.069501326 -0.997143892 0.015110194
107.700000000 -2.922312546 -1.328531335 -0.189248550 -0.027332762 0.069816737 -0.997108927 0.012342259
107.733333333 -2.862609548 -1.189102252 -0.181210398 -0.032495117 0.066221563 -0.997275474 0.000632445
107.766666666 -2.901889207 -1.239637175 -0.201947981 -0.033183282 0.067432128 -0.997171851 0.000279432
107.800000000 -2.913572153 -1.252104632 -0.203089379 0.035069531 -0.067622734 0.997091135 0.002561683
107.833333333 -2.912315601 -1.259794741 -0.188396450 0.037636830 -0.067618452 0.996986644 0.005370800
107.866666666 -2.923444605 -1.272356057 -0.189165045 0.039516990 -0.067740346 0.996885736 0.008275399
107.900000000 -2.958129867 -1.311793401 -0.203994121 0.040435418 -0.068472520 0.996781228 0.010182111
107.933333333 -2.970333285 -1.325089382 -0.204158203 0.042325232 -0.068535568 0.996662913 0.013209402
107.966666666 -2.982644377 -1.338762007 -0.204804381 0.044145532 -0.068560495 0.996538938 0.016148576
108.000000000 -2.995023227 -1.352535236 -0.205353450 0.045948746 -0.068551180 0.996405826 0.019101816
108.033333333 -3.007470944 -1.366406948 -0.205805151 0.047734275 -0.068507646 0.996263593 0.022067977
108.066666666 -2.995411876 -1.408791815 -0.147114340 0.050761829 -0.068882049 0.996018413 0.025016420
108.100000000 -3.006553841 -1.423575353 -0.146689358 0.052528768 -0.068770442 0.995854595 0.028017486
108.133333333 -3.017694694 -1.438402361 -0.146164489 0.054269221 -0.068625203 0.995682397 0.031016098
108.166666666 -3.012837332 -1.389031210 -0.153424912 0.056693197 -0.067269306 0.995312488 0.040171788
108.199999999 -3.023042812 -1.402300110 -0.152765665 0.058405741 -0.067048737 0.995100485 0.043223396
108.233333333 -3.033264194 -1.415625051 -0.152005955 0.060096479 -0.066794619 0.994879451 0.046279263
108.266666666 -3.043515131 -1.429020891 -0.151145326 0.061767130 -0.066506871 0.994649185 0.049342247
108.300000000 -3.053797033 -1.442486670 -0.150184119 0.063417359 -0.066185677 0.994409735 0.052411571
108.333333333 -3.064111240 -1.456021423 -0.149122739 0.065046840 -0.065831237 0.994161158 0.055486470
108.366666666 -3.074459023 -1.469624181 -0.147961658 0.066655255 -0.065443773 0.993903512 0.058566186
108.400000000 -3.084841587 -1.483293976 -0.146701415 0.068242289 -0.065023522 0.993636861 0.061649974
108.433333333 -3.134819650 -1.504103807 -0.207440231 0.069954966 -0.065000092 0.993311700 0.064908842
108.466666666 -3.145357735 -1.518525016 -0.206675844 0.071514270 -0.064514872 0.993023833 0.068023578
108.500000000 -3.160321226 -1.545064782 -0.203438615 0.072966057 -0.064217374 0.992764161 0.070508185
108.533333333 -3.174765970 -1.562959522 -0.203484658 0.074340019 -0.063745920 0.992448928 0.073858952
108.566666666 -3.185589819 -1.577870751 -0.202445141 0.075812378 -0.063173525 0.992140018 0.076940066
108.600000000 -3.196494752 -1.592916761 -0.201312156 0.077267171 -0.062568061 0.991821455 0.080032640
108.633333333 -3.207440786 -1.608040730 -0.200090444 0.078698530 -0.061931988 0.991494479 0.083124413
108.666666666 -3.218428545 -1.623241854 -0.198781063 0.080106181 -0.061265686 0.991159187 0.086214739
108.700000000 -3.229458579 -1.638519333 -0.197385132 0.081489853 -0.060569551 0.990815679 0.089302984
108.733333333 -3.240531353 -1.653872372 -0.195903828 0.082849276 -0.059843996 0.990464059 0.092388531
108.766666666 -3.245522828 -1.653025827 -0.200983958 0.084422432 -0.058709075 0.990083137 0.095715619
108.800000000 -3.298612874 -1.697768446 -0.229953412 0.083922333 -0.058317327 0.990033883 0.096897073
108.833333333 -3.312012777 -1.713756144 -0.228655354 0.085204867 -0.057501753 0.989664339 0.099990875
108.866666666 -3.325384569 -1.729688624 -0.227290915 0.086451400 -0.056665225 0.989290172 0.103054179
108.900000000 -3.338838704 -1.745696588 -0.225851185 0.087672352 -0.055801625 0.988908484 0.106111960
108.933333333 -3.352375438 -1.761779284 -0.224337687 0.088867473 -0.054911455 0.988519395 0.109163687
108.966666666 -3.365994940 -1.777935972 -0.222751995 0.090036512 -0.053995233 0.988123027 0.112208843
109.000000000 -3.373370642 -1.780931555 -0.234686054 0.091720465 -0.052878147 0.987759893 0.114549778
109.033333333 -3.386509939 -1.797137043 -0.233088594 0.092851354 -0.051900092 0.987346649 0.117607828
109.066666666 -3.431090079 -1.685884558 -0.233477452 0.095146768 -0.049554409 0.982896085 0.149688807
109.100000000 -3.419255796 -1.657675702 -0.239679870 0.097255873 -0.047526226 0.982143854 0.153870083
109.133333333 -3.429422917 -1.669344743 -0.237865877 0.098395660 -0.046407332 0.981566008 0.157139512
109.166666666 -3.439094696 -1.680439935 -0.236073307 0.099455244 -0.045316094 0.981007497 0.160247926
109.200000000 -3.448738915 -1.691498594 -0.234221948 0.100487587 -0.044202083 0.980442007 0.163345926
109.233333333 -3.458353775 -1.702519080 -0.232313794 0.101492438 -0.043065909 0.979869701 0.166433112
109.266666666 -3.467937386 -1.713499780 -0.230350881 0.102469545 -0.041908192 0.979290744 0.169509097
109.300000000 -3.477487768 -1.724439102 -0.228335291 0.103418659 -0.040729562 0.978705302 0.172573505
109.333333333 -3.487002849 -1.735335482 -0.226269148 0.104339529 -0.039530662 0.978113544 0.175625977
109.366666666 -3.496480468 -1.746187382 -0.224154616 0.105231908 -0.038312141 0.977515641 0.178666163
109.400000000 -3.505918372 -1.756993290 -0.221993900 0.106095546 -0.037074660 0.976911764 0.181693726
109.433333333 -3.515314216 -1.767751723 -0.219789243 0.106930197 -0.035818886 0.976302089 0.184708344
109.466666666 -3.524665566 -1.778461226 -0.217542923 0.107735615 -0.034545496 0.975686791 0.187709702
109.500000000 -3.533969895 -1.789120374 -0.215257255 0.108511553 -0.033255177 0.975066049 0.190697499
109.533333333 -3.543224586 -1.799727772 -0.212934588 0.109257767 -0.031948622 0.974440043 0.193671444
109.566666666 -3.552426931 -1.810282056 -0.210577303 0.109974014 -0.030626530 0.973808955 0.196631256
109.600000000 -3.549104557 -1.843792643 -0.231499283 0.110689331 -0.029640530 0.974840648 0.191193678
109.633333333 -3.558044187 -1.855309412 -0.229345648 0.111338972 -0.028289949 0.974230206 0.194110326
109.666666666 -3.566878950 -1.866733022 -0.227179385 0.111954161 -0.026933628 0.973618705 0.196996096
109.700000000 -3.575655284 -1.878126022 -0.224991210 0.112538325 -0.025564903 0.973002986 0.199866833
109.733333333 -3.584370191 -1.889487540 -0.222783643 0.113091233 -0.024184511 0.972383233 0.202722299
109.766666666 -3.593020588 -1.900816739 -0.220559228 0.113612655 -0.022793191 0.971759636 0.205562265
109.800000000 -3.601603298 -1.912112818 -0.218320528 0.114102365 -0.021391690 0.971132385 0.208386507
109.833333333 -3.610115055 -1.923375008 -0.216070125 0.114560138 -0.019980758 0.970501673 0.211194808
109.866666666 -3.618552503 -1.934602582 -0.213810618 0.114985753 -0.018561149 0.969867693 0.213986957
109.900000000 -3.626912198 -1.945794844 -0.211544625 0.115378989 -0.017133623 0.969230643 0.216762748
109.933333333 -3.652812649 -1.839096080 -0.206988374 0.117650063 -0.014612890 0.962631210 0.243487328
109.966666666 -3.658314195 -1.846729221 -0.204597654 0.118024594 -0.013125457 0.961880861 0.246339454
110.000000000 -3.662258306 -1.826017629 -0.202455450 0.119151335 -0.011319805 0.960019675 0.253055418
110.033333333 -3.666511033 -1.832969021 -0.199892747 0.119484929 -0.009729644 0.959203538 0.256041516
110.066666666 -3.667687699 -1.794961107 -0.216204176 0.120261875 -0.007904465 0.956573072 0.265410170
110.100000000 -3.670243499 -1.800328633 -0.214008682 0.120525769 -0.006355985 0.955754060 0.268267250
110.133333333 -3.672499734 -1.805402969 -0.211889189 0.120748100 -0.004846856 0.954956015 0.271026594
110.166666666 -3.674525273 -1.810333992 -0.209787380 0.120936455 -0.003334943 0.954156475 0.273767553
110.200000000 -3.676314832 -1.815120694 -0.207706034 0.121090627 -0.001821013 0.953355680 0.276489949
110.233333333 -3.707491292 -1.785365980 -0.205418713 0.120280416 -0.000076659 0.949704612 0.289125864
110.266666666 -3.710021279 -1.788913483 -0.203513971 0.120374121 0.001448099 0.948861550 0.291838538
110.300000000 -3.730340383 -1.753018183 -0.187626749 0.120847035 0.003308175 0.944685762 0.304883356
110.333333333 -3.717632020 -1.791904386 -0.196732010 0.120496915 0.004497148 0.946923136 0.297987993
110.366666666 -3.719489727 -1.794964081 -0.194815361 0.120485823 0.006076002 0.946045038 0.300740811
110.400000000 -3.721019187 -1.797739816 -0.193001849 0.120439149 0.007599109 0.945196861 0.303380223
110.433333333 -3.722281987 -1.800337443 -0.191228629 0.120356963 0.009119235 0.944349113 0.305999663
110.466666666 -3.723272197 -1.802756105 -0.189498413 0.120239100 0.010635620 0.943502058 0.308598944
110.500000000 -3.751969114 -1.771770507 -0.169306084 0.121050731 0.012686636 0.938360956 0.323518912
110.533333333 -3.751277090 -1.772150449 -0.167575828 0.120894418 0.014099665 0.937530058 0.325918899
110.566666666 -3.752581801 -1.772459890 -0.164467244 0.120739591 0.015628410 0.936531234 0.328765800
110.600000000 -3.752839184 -1.772092560 -0.161961051 0.120529339 0.017168010 0.935515581 0.331645196
110.633333333 -3.751034841 -1.771793819 -0.160210264 0.120252247 0.018682855 0.934617281 0.334186903
110.666666666 -3.748891209 -1.771275929 -0.158524842 0.119939647 0.020183665 0.933725092 0.336696531
110.700000000 -3.746394846 -1.770537482 -0.156900033 0.119590354 0.021676009 0.932835568 0.339184466
110.733333333 -3.743539037 -1.769577919 -0.155338447 0.119204267 0.023159156 0.931949001 0.341650487
110.766666666 -3.817414293 -1.759518604 -0.199308190 0.119255523 0.024288409 0.925576576 0.358463659
110.800000000 -3.812956840 -1.757562506 -0.198560770 0.118838254 0.025709475 0.924676600 0.360818068
110.833333333 -3.793103643 -1.750817565 -0.208718499 0.118020559 0.027183318 0.924523647 0.361369952
110.866666666 -3.787939584 -1.748435511 -0.208266061 0.117514249 0.028625447 0.923610225 0.363751479
110.900000000 -3.782293355 -1.745792195 -0.207891959 0.116964692 0.030073018 0.922690121 0.366139064
110.933333333 -3.776218329 -1.742915139 -0.207604642 0.116377811 0.031507652 0.921774832 0.368503231
110.966666666 -3.736923003 -1.726171273 -0.228649220 0.114974281 0.032975407 0.922629695 0.366671491
111.000000000 -3.730464179 -1.722917147 -0.228876848 0.114291620 0.034403906 0.921723113 0.369026151
111.033333333 -3.714999952 -1.706339465 -0.238212154 0.113246845 0.035792904 0.920737623 0.371666854
111.066666666 -3.694342949 -1.736092979 -0.237410002 0.112594521 0.037085312 0.923775270 0.364124160
111.100000000 -3.686472509 -1.732696460 -0.237984669 0.111770978 0.038471390 0.922911262 0.366417800
111.133333333 -3.678445535 -1.729216596 -0.238641434 0.110940970 0.039786976 0.922086754 0.368598856
111.166666666 -3.669964731 -1.725529102 -0.239402197 0.110074048 0.041084371 0.921269138 0.370754575
111.200000000 -3.661022791 -1.721634572 -0.240268980 0.109170307 0.042362940 0.920458725 0.372884648
111.233333333 -3.651612375 -1.717533676 -0.241243754 0.108229858 0.043622057 0.919655828 0.374988763
111.266666666 -3.641726118 -1.713227161 -0.242328442 0.107252831 0.044861104 0.918860757 0.377066600
111.300000000 -3.631356627 -1.708715851 -0.243524912 0.106239372 0.046079475 0.918073824 0.379117834
111.333333333 -3.620496483 -1.704000644 -0.244834980 0.105189647 0.047276573 0.917295339 0.381142133
111.366666666 -3.609138246 -1.699082520 -0.246260409 0.104103840 0.048451809 0.916525611 0.383139162
111.400000000 -3.565274870 -1.693956329 -0.254609135 0.102492973 0.049521869 0.918716460 0.378157165
111.433333333 -3.553007285 -1.688872926 -0.256380915 0.101300443 0.050663684 0.917973071 0.380127417
111.466666666 -3.540516470 -1.683719130 -0.258232082 0.100100539 0.051754290 0.917256987 0.382022245
111.500000000 -3.527509927 -1.678377937 -0.260204752 0.098865657 0.052820529 0.916550750 0.383888391
111.533333333 -3.513980157 -1.672850753 -0.262300380 0.097596083 0.053861869 0.915854654 0.385725494
111.566666666 -3.499919645 -1.667139060 -0.264520363 0.096292123 0.054877793 0.915168991 0.387533189
111.600000000 -3.485320865 -1.661244420 -0.266866034 0.094954106 0.055867797 0.914494050 0.389311109
111.633333333 -3.436237411 -1.685688544 -0.259695251 0.093354323 0.056414682 0.919835798 0.376834790
111.666666666 -3.419749485 -1.679996385 -0.262172451 0.091858407 0.057369947 0.919197150 0.378612363
111.700000000 -3.403598190 -1.674454534 -0.264644820 0.090410970 0.058244173 0.918605068 0.380260703
111.733333333 -3.405950943 -1.667472799 -0.260713224 0.089326050 0.059286843 0.915985670 0.386621494
111.766666666 -3.388615185 -1.661378015 -0.263331062 0.087840683 0.060103116 0.915410415 0.388195057
111.800000000 -3.370436271 -1.655032017 -0.266118435 0.086301426 0.060903087 0.914838392 0.389760945
111.833333333 -3.351668097 -1.648529225 -0.269037091 0.084731305 0.061673614 0.914278764 0.391294407
111.866666666 -3.332303045 -1.641871875 -0.272087880 0.083130828 0.062414304 0.913731775 0.392795065
111.900000000 -3.312333501 -1.635062278 -0.275271585 0.081500526 0.063124781 0.913197663 0.394262545
111.933333333 -3.291751851 -1.628102822 -0.278588921 0.079840952 0.063804682 0.912676660 0.395696473
111.966666666 -3.267975579 -1.624619182 -0.284923830 0.078048643 0.064354160 0.912843205 0.395580883
112.000000000 -3.246100767 -1.617456122 -0.288560030 0.076322152 0.064971380 0.912350879 0.396950277
112.033333333 -3.223712550 -1.610192913 -0.292311862 0.074577765 0.065553468 0.911875046 0.398277291
112.066666666 -3.200683384 -1.602792790 -0.296199621 0.072806598 0.066103648 0.911413131 0.399569282
112.100000000 -3.177005682 -1.595258517 -0.300223680 0.071009319 0.066621640 0.910965331 0.400825898
112.133333333 -3.152671870 -1.587592937 -0.304384346 0.069186621 0.067107182 0.910531831 0.402046790
112.166666666 -3.127674386 -1.579798963 -0.308681855 0.067339217 0.067560026 0.910112813 0.403231621
112.200000000 -3.102005684 -1.571879584 -0.313116377 0.065467842 0.067979945 0.909708447 0.404380058
112.233333333 -3.075658237 -1.563837860 -0.317688011 0.063573256 0.068366727 0.909318895 0.405491775
112.266666666 -3.048624532 -1.555676928 -0.322396789 0.061656238 0.068720179 0.908944311 0.406566459
112.300000000 -3.020897081 -1.547399995 -0.327242676 0.059717593 0.069040124 0.908584840 0.407603801
112.333333333 -2.992468416 -1.539010341 -0.332225568 0.057758143 0.069326407 0.908240618 0.408603507
112.366666666 -2.963331092 -1.530511318 -0.337345292 0.055778735 0.069578888 0.907911771 0.409565291
112.400000000 -2.933477690 -1.521906351 -0.342601610 0.053780236 0.069797447 0.907598415 0.410488879
112.433333333 -2.902900820 -1.513198935 -0.347994215 0.051763534 0.069981982 0.907300658 0.411374008
112.466666666 -2.871593117 -1.504392637 -0.353522734 0.049729536 0.070132411 0.907018597 0.412220429
112.500000000 -2.839547247 -1.495491091 -0.359186728 0.047679170 0.070248672 0.906752320 0.413027906
112.533333333 -2.806755909 -1.486498006 -0.364985691 0.045613385 0.070330719 0.906501904 0.413796215
112.566666666 -2.773211836 -1.477417156 -0.370919053 0.043533147 0.070378529 0.906267415 0.414525150
112.600000000 -2.738907790 -1.468252385 -0.376986179 0.041439441 0.070392098 0.906048912 0.415214516
112.633333333 -2.703836577 -1.459007606 -0.383186369 0.039333272 0.070371439 0.905846441 0.415864135
112.666666666 -2.667991036 -1.449686798 -0.389518860 0.037215660 0.070316589 0.905660039 0.416473846
112.700000000 -2.631364042 -1.440294005 -0.395982826 0.035087642 0.070227604 0.905489733 0.417043505
112.733333333 -2.593948518 -1.430833341 -0.402577381 0.032950274 0.070104558 0.905335537 0.417572982
112.766666666 -2.563029636 -1.353674148 -0.434203928 0.030774709 0.071389875 0.897302021 0.434517532
112.800000000 -2.526114146 -1.343630527 -0.441066903 0.028735429 0.071255907 0.897154750 0.434983018
112.833333333 -2.486190629 -1.332913670 -0.448467831 0.026567041 0.071081283 0.897014991 0.435437423
112.866666666 -2.445449483 -1.322129868 -0.455996488 0.024393084 0.070873243 0.896892064 0.435851564
112.900000000 -2.403884082 -1.311283599 -0.463651624 0.022214687 0.070631945 0.896785942 0.436225411
112.933333333 -2.361487852 -1.300379406 -0.471431935 0.020032987 0.070357569 0.896696590 0.436558951
112.966666666 -2.318254273 -1.289421895 -0.479336058 0.017849136 0.070050312 0.896623960 0.436852190
113.000000000 -2.274176876 -1.278415733 -0.487362578 0.015664297 0.069710396 0.896567997 0.437105156
113.033333333 -2.229249254 -1.267365650 -0.495510024 0.013479641 0.069338060 0.896528633 0.437317897
113.066666666 -2.183465053 -1.256276435 -0.503776875 0.011296349 0.068933567 0.896505792 0.437490480
113.100000000 -2.136817975 -1.245152937 -0.512161556 0.009115610 0.068497199 0.896499389 0.437622995
113.133333333 -2.089301785 -1.234000062 -0.520662445 0.006938623 0.068029257 0.896509327 0.437715550
113.166666666 -2.040910304 -1.222822775 -0.529277870 0.004766588 0.067530068 0.896535501 0.437768277
113.200000000 -1.991637414 -1.211626093 -0.538006114 0.002600716 0.066999974 0.896577799 0.437781327
113.233333333 -1.941477060 -1.200415089 -0.546845410 0.000442220 0.066439342 0.896636097 0.437754872
113.266666666 -1.890423247 -1.189194888 -0.555793951 -0.001707685 0.065848558 0.896710263 0.437689107
113.300000000 -1.838470040 -1.177970666 -0.564849887 -0.003847777 0.065228028 0.896800159 0.437584247
113.333333333 -1.786854518 -1.170626334 -0.574991273 -0.006011056 0.064448304 0.897366400 0.436513261
113.366666666 -1.732972022 -1.159454929 -0.584291813 -0.008134235 0.063764716 0.897488796 0.436327579
113.400000000 -1.678355360 -1.148334357 -0.593662389 -0.010236647 0.063055023 0.897626019 0.436104122
113.433333333 -1.624290666 -1.140669429 -0.604892693 -0.012336731 0.062242384 0.898008816 0.435377833
113.466666666 -1.567614827 -1.129598639 -0.614513162 -0.014416035 0.061473185 0.898177085 0.435076027
113.500000000 -1.510224170 -1.118600418 -0.624191905 -0.016470049 0.060680079 0.898359393 0.434737928
113.533333333 -1.451894596 -1.107637141 -0.633964042 -0.018505679 0.059860678 0.898556176 0.434362796
113.566666666 -1.392620666 -1.096714326 -0.643827441 -0.020521721 0.059015553 0.898767236 0.433951009
113.600000000 -1.332397008 -1.085837525 -0.653779939 -0.022516978 0.058145293 0.898992374 0.433502966
113.633333333 -1.271218324 -1.075012328 -0.663819348 -0.024490258 0.057250508 0.899231382 0.433019085
113.666666666 -1.209079376 -1.064244355 -0.673943457 -0.026440378 0.056331826 0.899484048 0.432499802
113.700000000 -1.145974996 -1.053539258 -0.684150030 -0.028366166 0.055389893 0.899750156 0.431945571
113.733333333 -1.081900087 -1.042902721 -0.694436813 -0.030266458 0.054425373 0.900029486 0.431356865
113.766666666 -1.016849617 -1.032340450 -0.704801532 -0.032140101 0.053438951 0.900321812 0.430734173
113.800000000 -0.950818621 -1.021858181 -0.715241896 -0.033985956 0.052431327 0.900626906 0.430078001
113.833333333 -0.883802208 -1.011461670 -0.725755599 -0.035802896 0.051403219 0.900944537 0.429388872
113.866666666 -0.815795549 -1.001156696 -0.736340323 -0.037589809 0.050355361 0.901274470 0.428667323
113.900000000 -0.746793886 -0.990949055 -0.746993736 -0.039345596 0.049288505 0.901616468 0.427913907
113.933333333 -0.676792533 -0.980844563 -0.757713499 -0.041069174 0.048203419 0.901970292 0.427129191
113.966666666 -0.605786867 -0.970849047 -0.768497265 -0.042759480 0.047100886 0.902335700 0.426313756
114.000000000 -0.533772334 -0.960968350 -0.779342681 -0.044415463 0.045981704 0.902712448 0.425468196
114.033333333 -0.460744455 -0.951208324 -0.790247390 -0.046036096 0.044846688 0.903100292 0.424593117
114.066666666 -0.386698811 -0.941574827 -0.801209034 -0.047620368 0.043696663 0.903498986 0.423689137
114.100000000 -0.311631053 -0.932073726 -0.812225254 -0.049167287 0.042532473 0.903908283 0.422756883
114.133333333 -0.235536904 -0.922710890 -0.823293694 -0.050675885 0.041354970 0.904327936 0.421796996
114.166666666 -0.158412152 -0.913492188 -0.834412000 -0.052145213 0.040165022 0.904757697 0.420810121
114.200000000 -0.080252648 -0.904423490 -0.845577828 -0.053574345 0.038963508 0.905197317 0.419796917
114.233333333 -0.001054320 -0.895510660 -0.856788836 -0.054962377 0.037751318 0.905646550 0.418758046
114.266666666 0.079186844 -0.886759558 -0.868042695 -0.056308432 0.036529354 0.906105148 0.417694180
114.300000000 0.160474792 -0.878176034 -0.879337088 -0.057611653 0.035298528 0.906572862 0.416605997
114.333333333 0.242813396 -0.869765927 -0.890669707 -0.058871209 0.034059760 0.907049448 0.415494178
114.366666666 0.326206469 -0.861535063 -0.902038264 -0.060086297 0.032813980 0.907534659 0.414359411
114.400000000 0.410657761 -0.853489251 -0.913440485 -0.061256137 0.031562126 0.908028252 0.413202386
114.433333333 0.496170946 -0.845634282 -0.924874115 -0.062379976 0.030305144 0.908529982 0.412023797
114.466666666 0.582749643 -0.837975927 -0.936336919 -0.063457091 0.029043986 0.909039607 0.410824339
114.500000000 0.670397406 -0.830519931 -0.947826687 -0.064486783 0.027779610 0.909556887 0.409604710
114.533333333 0.759117717 -0.823272015 -0.959341229 -0.065468383 0.026512980 0.910081582 0.408365605
114.566666666 0.816823489 -0.847115646 -0.987373107 -0.066576124 0.024195604 0.912880189 0.402034767
114.600000000 0.924726826 -0.822044987 -0.992956724 -0.067429013 0.023392264 0.912394706 0.403040979
114.633333333 1.014380382 -0.815831235 -1.004359312 -0.068242725 0.022147713 0.912928135 0.401764395
114.666666666 1.106940262 -0.809719059 -1.016011052 -0.069023108 0.020879492 0.913478817 0.400445137
114.700000000 1.200587414 -0.803843280 -1.027676933 -0.069752503 0.019614041 0.914035683 0.399109820
114.733333333 1.295324982 -0.798209351 -1.039354945 -0.070430418 0.018352338 0.914598503 0.397759131
114.766666666 1.391156060 -0.792822679 -1.051043115 -0.071056394 0.017095365 0.915167053 0.396393746
114.800000000 1.476669297 -0.791399821 -1.063543630 -0.071692389 0.015600638 0.916262557 0.393801662
114.833333333 1.574382634 -0.786648775 -1.075240804 -0.072212095 0.014355233 0.916841247 0.392404724
114.866666666 1.673191169 -0.782161465 -1.086941699 -0.072678649 0.013117629 0.917424946 0.390995154
114.900000000 1.773103228 -0.777942800 -1.098645158 -0.073091747 0.011888726 0.918013465 0.389573527
114.933333333 1.857381907 -0.789951902 -1.106647707 -0.073306214 0.010114185 0.920061621 0.384721347
114.966666666 1.960638341 -0.786402165 -1.118467983 -0.073610586 0.008888335 0.920664902 0.383247463
115.000000000 2.063695543 -0.783183368 -1.130134877 -0.073856489 0.007690026 0.921264599 0.381782165
115.033333333 2.167869151 -0.780253204 -1.141797894 -0.074047960 0.006504461 0.921868186 0.380307297
115.066666666 2.273161798 -0.777616496 -1.153455453 -0.074184826 0.005332580 0.922475451 0.378823464
115.100000000 2.379576059 -0.775277999 -1.165106026 -0.074266948 0.004175315 0.923086185 0.377331264
115.133333333 2.487114445 -0.773242391 -1.176748130 -0.074294216 0.003033585 0.923700176 0.375831282
115.166666666 2.595779416 -0.771514278 -1.188380337 -0.074266553 0.001908300 0.924317214 0.374324090
115.200000000 2.705573381 -0.770098185 -1.200001271 -0.074183913 0.000800358 0.924937091 0.372810252
115.233333333 2.816498679 -0.768998557 -1.211609607 -0.074046282 -0.000289356 0.925559596 0.371290316
115.266666666 2.928557606 -0.768219755 -1.223204076 -0.073853677 -0.001359970 0.926184519 0.369764819
115.300000000 3.041752404 -0.767766055 -1.234783464 -0.073606146 -0.002410628 0.926811650 0.368234286
115.333333333 3.156085248 -0.767641646 -1.246346613 -0.073303769 -0.003440487 0.927440778 0.366699227
115.366666666 3.271558270 -0.767850623 -1.257892421 -0.072946657 -0.004448722 0.928071692 0.365160142
115.400000000 3.388173552 -0.768396992 -1.269419845 -0.072534950 -0.005434523 0.928704179 0.363617513
115.433333333 3.538890623 -0.747869790 -1.276071508 -0.072150466 -0.005704542 0.927776525 0.366049843
115.466666666 3.657699281 -0.748830947 -1.287485794 -0.071635871 -0.006640549 0.928411459 0.364522109
115.500000000 3.778226316 -0.750145485 -1.298933756 -0.071064827 -0.007556619 0.929050413 0.362984873
115.533333333 3.899902955 -0.751813260 -1.310359452 -0.070439946 -0.008447443 0.929690106 0.361445931
115.566666666 4.022730981 -0.753837833 -1.321762137 -0.069761517 -0.009312310 0.930330317 0.359905700
115.600000000 4.146712126 -0.756222654 -1.333141124 -0.069029855 -0.010150528 0.930970822 0.358364582
115.633333333 4.239132303 -0.779063936 -1.349845623 -0.068189009 -0.011544853 0.932900359 0.353431600
115.666666666 4.365428704 -0.782440244 -1.361238804 -0.067346832 -0.012327847 0.933540501 0.351872934
115.700000000 4.492422896 -0.786174081 -1.372565070 -0.066455638 -0.013079146 0.934177897 0.350320197
115.733333333 4.620576625 -0.790280097 -1.383865739 -0.065512872 -0.013801072 0.934814662 0.348768036
115.766666666 4.749891407 -0.794761139 -1.395140446 -0.064518994 -0.014493054 0.935450561 0.347216789
115.800000000 4.880368709 -0.799619938 -1.406388885 -0.063474492 -0.015154550 0.936085361 0.345666784
115.833333333 5.021717988 -0.799268638 -1.415841209 -0.062390393 -0.015638248 0.936398125 0.344994835
115.866666666 5.154633872 -0.804821340 -1.427026878 -0.061246708 -0.016238127 0.937030572 0.343451409
115.900000000 5.288740234 -0.810760449 -1.438187714 -0.060053789 -0.016806206 0.937661312 0.341909868
115.933333333 5.424014615 -0.817087253 -1.449321663 -0.058812424 -0.017341940 0.938289984 0.340370771
115.966666666 5.560458246 -0.823803877 -1.460428744 -0.057523230 -0.017844924 0.938916339 0.338834391
116.000000000 5.698072315 -0.830912318 -1.471509038 -0.056186845 -0.018314783 0.939540126 0.337300991
116.033333333 5.836857951 -0.838414442 -1.482562694 -0.054803933 -0.018751170 0.940161090 0.335770826
116.066666666 5.976816253 -0.846311985 -1.493589924 -0.053375180 -0.019153772 0.940778974 0.334244141
116.100000000 6.117948275 -0.854606551 -1.504591003 -0.051901294 -0.019522304 0.941393518 0.332721173
116.133333333 6.250186007 -0.867978424 -1.516793114 -0.050358460 -0.019990453 0.942331989 0.330264789
116.166666666 6.394459151 -0.876376019 -1.527498686 -0.048802468 -0.020272149 0.942900657 0.328855149
116.200000000 6.539015774 -0.885907164 -1.538429010 -0.047197700 -0.020535899 0.943502998 0.327341943
116.233333333 6.684744591 -0.895839692 -1.549334590 -0.045550939 -0.020764714 0.944100917 0.325833389
116.266666666 6.831651799 -0.906174867 -1.560216426 -0.043862939 -0.020958482 0.944694168 0.324329638
116.300000000 6.967890012 -0.914357937 -1.568479983 -0.042228687 -0.021113444 0.945204832 0.323046105
116.333333333 7.116415650 -0.925498373 -1.579255027 -0.040466789 -0.021236883 0.945786375 0.321558029
116.366666666 7.266595169 -0.937078824 -1.590042926 -0.038660598 -0.021325569 0.946364313 0.320070563
116.399999999 7.417953787 -0.949064494 -1.600809855 -0.036816600 -0.021379062 0.946936492 0.318588691
116.433333333 7.570492145 -0.961455601 -1.611556712 -0.034935700 -0.021397404 0.947502635 0.317112604
116.466666666 7.724210830 -0.974252219 -1.622284454 -0.033018819 -0.021380676 0.948062467 0.315642492
116.500000000 7.879110414 -0.987454280 -1.632994101 -0.031066891 -0.021328989 0.948615710 0.314178544
116.533333333 8.035191409 -1.001061571 -1.643686726 -0.029080868 -0.021242491 0.949162087 0.312720950
116.566666666 8.192454308 -1.015073736 -1.654363464 -0.027061715 -0.021121361 0.949701322 0.311269901
116.600000000 8.350899565 -1.029490275 -1.665025506 -0.025010409 -0.020965815 0.950233139 0.309825590
116.633333333 8.510527587 -1.044310542 -1.675674098 -0.022927943 -0.020776102 0.950757264 0.308388210
116.666666666 8.671338760 -1.059533746 -1.686310543 -0.020815317 -0.020552502 0.951273424 0.306957961
116.700000000 8.795980767 -1.090211548 -1.700123688 -0.018620258 -0.020592984 0.952664843 0.302752228
116.733333333 8.917559237 -1.128099930 -1.713340254 -0.016423417 -0.020594612 0.953944032 0.298825896
116.766666666 9.047867200 -1.156435727 -1.720292358 -0.014160445 -0.020491717 0.955193807 0.294931116
116.800000000 9.212924155 -1.173784907 -1.730948063 -0.011933830 -0.020118881 0.955672028 0.293502623
116.833333333 9.378530309 -1.191462799 -1.741558277 -0.009691015 -0.019715230 0.956139141 0.292087891
116.866666666 9.545320222 -1.209533896 -1.752165712 -0.007424516 -0.019279874 0.956596757 0.290681627
116.899999999 9.713294010 -1.227996391 -1.762772016 -0.005135399 -0.018813334 0.957044625 0.289284069
116.933333333 9.882451763 -1.246848334 -1.773378883 -0.002824734 -0.018316159 0.957482502 0.287895464
116.966666666 10.052793524 -1.266087636 -1.783988053 -0.000493597 -0.017788930 0.957910149 0.286516068
117.000000000 10.224319325 -1.285712067 -1.794601313 0.001856932 -0.017232258 0.958327333 0.285146145
117.033333333 10.397029152 -1.305719257 -1.805220494 0.004225767 -0.016646786 0.958733827 0.283785969
117.066666666 10.570922976 -1.326106699 -1.815847469 0.006611820 -0.016033182 0.959129411 0.282435821
117.100000000 10.606150251 -1.411800220 -1.840153851 0.008990962 -0.016094673 0.961611023 0.273796208
117.133333333 10.741867829 -1.445250823 -1.852409187 0.011267779 -0.015579425 0.962362173 0.271089224
117.166666666 10.937944862 -1.461112083 -1.863091582 0.013718940 -0.014805423 0.962564959 0.270298521
117.200000000 11.115619224 -1.483799737 -1.873886407 0.016163077 -0.014067112 0.962912114 0.268963069
117.233333333 11.303247316 -1.502557605 -1.883899936 0.018598411 -0.013261235 0.963048747 0.268356757
117.266666666 11.482686414 -1.525863923 -1.894686596 0.021056176 -0.012479079 0.963371236 0.267052002
117.300000000 11.663310358 -1.549530465 -1.905495706 0.023523488 -0.011674088 0.963681592 0.265759574
117.333333333 11.845112021 -1.573552806 -1.916329005 0.025999167 -0.010847175 0.963979651 0.264479896
117.366666666 12.028091083 -1.597927279 -1.927188676 0.028482131 -0.009999246 0.964265271 0.263213355
117.400000000 12.230985211 -1.615075152 -1.936718222 0.030978223 -0.009067561 0.964258788 0.262988819
117.433333333 12.416524953 -1.640087852 -1.947632613 0.033474120 -0.008182568 0.964519721 0.261752241
117.466666666 12.611355192 -1.663191000 -1.958488220 0.035975000 -0.007256267 0.964642220 0.260995273
117.500000000 12.799375244 -1.688873703 -1.969473629 0.038479202 -0.006336713 0.964877722 0.259788717
117.533333333 12.988487585 -1.714877289 -1.980491857 0.040984242 -0.005401389 0.965100112 0.258597933
117.566666666 13.178775751 -1.741208786 -1.991550165 0.043490186 -0.004450906 0.965309420 0.257422836
117.600000000 13.370239321 -1.767863679 -2.002650928 0.045995984 -0.003486297 0.965505583 0.256263896
117.633333333 13.562877847 -1.794837340 -2.013796539 0.048500594 -0.002508608 0.965688547 0.255121596
117.666666666 13.752599170 -1.823662714 -2.025314933 0.050998989 -0.001528045 0.965911510 0.253794647
117.700000000 13.947518851 -1.851266794 -2.036557229 0.053497500 -0.000527095 0.966067868 0.252686792
117.733333333 14.143641767 -1.879179278 -2.047853384 0.055992127 0.000483874 0.966210968 0.251596926
117.766666666 14.340937669 -1.907390904 -2.059204144 0.058481476 0.001503617 0.966340781 0.250525748
117.800000000 14.539406087 -1.935896513 -2.070611990 0.060964548 0.002531035 0.966457315 0.249473797
117.833333333 14.739046533 -1.964690846 -2.082079415 0.063440352 0.003565020 0.966560589 0.248441623
117.866666666 14.939858532 -1.993768550 -2.093608922 0.065907908 0.004604461 0.966650634 0.247429786
117.900000000 15.111325581 -2.032186056 -2.105488395 0.068358545 0.005613174 0.967198474 0.244586821
117.933333333 15.314396097 -2.061883506 -2.117163050 0.070806347 0.006664866 0.967261643 0.243612304
117.966666666 15.564536366 -2.080811627 -2.128801918 0.073305227 0.007759483 0.966795156 0.244690130
118.000000000 15.770130849 -2.110931763 -2.140608936 0.075729543 0.008808750 0.966832724 0.243766129
118.033333333 15.976978818 -2.141319340 -2.152495561 0.078141847 0.009858292 0.966857410 0.242865013
118.066666666 16.184996667 -2.171956306 -2.164459563 0.080540239 0.010906562 0.966869296 0.241987772
118.100000000 16.394183966 -2.202836698 -2.176503490 0.082923813 0.011952441 0.966868492 0.241135022
118.133333333 16.604540275 -2.233954475 -2.188629887 0.085291677 0.012994812 0.966855121 0.240307385
118.166666666 16.816065190 -2.265303524 -2.200841303 0.087642949 0.014032566 0.966829313 0.239505489
118.200000000 17.028758319 -2.296877661 -2.213140282 0.089976761 0.015064597 0.966791210 0.238729965
118.233333333 17.242619270 -2.328670636 -2.225529362 0.092292254 0.016089811 0.966740962 0.237981449
118.266666666 17.457647689 -2.360676134 -2.238011081 0.094588585 0.017107117 0.966678728 0.237260581
118.300000000 17.695870426 -2.386315198 -2.252448020 0.096858947 0.018102114 0.966235571 0.238074525
118.333333333 17.912092160 -2.418501316 -2.265051995 0.099102901 0.019091839 0.966150540 0.237417882
118.366666666 18.130743031 -2.451068385 -2.277829781 0.101338411 0.020076319 0.966053544 0.236786864
118.400000000 18.412543460 -2.455952831 -2.289720820 0.103615042 0.021082105 0.965354670 0.238557809
118.433333333 18.628239423 -2.486272017 -2.304692899 0.105660835 0.021935377 0.964663283 0.240373413
118.466666666 18.848652540 -2.518879887 -2.317647275 0.107812134 0.022864186 0.964534158 0.239849185
118.500000000 19.072181074 -2.551941518 -2.330826604 0.109957784 0.023786278 0.964393080 0.239352222
118.533333333 19.296875455 -2.585161700 -2.344118958 0.112077845 0.024692382 0.964241355 0.238887951
118.566666666 19.522735661 -2.618533611 -2.357526793 0.114171576 0.025581539 0.964079194 0.238457007
118.600000000 19.749761707 -2.652050393 -2.371052547 0.116238245 0.026452814 0.963906814 0.238060021
118.633333333 19.977953628 -2.685705157 -2.384698637 0.118277134 0.027305289 0.963724433 0.237697617
118.666666666 20.207311520 -2.719490991 -2.398467461 0.120287537 0.028138070 0.963532274 0.237370417
118.700000000 20.437835528 -2.753400960 -2.412361393 0.122268758 0.028950283 0.963330558 0.237079032
118.733333333 20.669525817 -2.787428108 -2.426382784 0.124220115 0.029741078 0.963119511 0.236824066
118.766666666 20.902382623 -2.821565463 -2.440533961 0.126140935 0.030509629 0.962899357 0.236606117
118.800000000 21.136406234 -2.855806045 -2.454817226 0.128030559 0.031255134 0.962670321 0.236425771
118.833333333 21.371596966 -2.890142860 -2.469234851 0.129888337 0.031976818 0.962432627 0.236283604
118.866666666 21.607955210 -2.924568910 -2.483789084 0.131713632 0.032673929 0.962186497 0.236180182
118.900000000 21.845481416 -2.959077199 -2.498482140 0.133505817 0.033345745 0.961932152 0.236116059
118.933333333 22.084176067 -2.993660728 -2.513316206 0.135264276 0.033991572 0.961669809 0.236091775
118.966666666 22.324039728 -3.028312504 -2.528293435 0.136988403 0.034610743 0.961399684 0.236107859
119.000000000 22.565073026 -3.063025548 -2.543415952 0.138677606 0.035202620 0.961121987 0.236164824
119.033333333 22.807276630 -3.097792885 -2.558685842 0.140331299 0.035766595 0.960836923 0.236263167
119.066666666 23.114379072 -3.130683580 -2.581582387 0.142042396 0.036194883 0.959914539 0.238909955
119.100000000 23.344100086 -3.165163932 -2.595148779 0.143573237 0.036668584 0.959551609 0.239380138
119.133333333 23.589994040 -3.200043105 -2.610891409 0.145117311 0.037142351 0.959243673 0.239610072
119.166666666 23.837198516 -3.234967526 -2.626798599 0.146624407 0.037586473 0.958928853 0.239883297
119.200000000 24.085579525 -3.269911116 -2.642863640 0.148093130 0.038000230 0.958607488 0.240200108
119.233333333 24.335138198 -3.304867020 -2.659088408 0.149522957 0.038383207 0.958279745 0.240560898
119.266666666 24.585875761 -3.339828426 -2.675474736 0.150913373 0.038735021 0.957945781 0.240966041
119.300000000 24.837793519 -3.374788561 -2.692024418 0.152263875 0.039055323 0.957605745 0.241415888
119.333333333 25.090892835 -3.409740695 -2.708739205 0.153573967 0.039343797 0.957259778 0.241910770
119.366666666 25.376027680 -3.440904931 -2.726361235 0.154872480 0.039490609 0.956394986 0.244466026
119.400000000 25.631003078 -3.475725846 -2.743371176 0.156097297 0.039712565 0.956036228 0.245053619
119.433333333 25.887825757 -3.510608710 -2.760595481 0.157283438 0.039902657 0.955670883 0.245688547
119.466666666 26.145837572 -3.545456629 -2.777991826 0.158427216 0.040060092 0.955299971 0.246369584
119.500000000 26.405040362 -3.580263131 -2.795561744 0.159528188 0.040184730 0.954923580 0.247096945
119.533333333 26.665436030 -3.615021809 -2.813306720 0.160585920 0.040276465 0.954541788 0.247870822
119.566666666 26.927026596 -3.649726325 -2.831228195 0.161599989 0.040335229 0.954154657 0.248691380
119.600000000 27.189814172 -3.684370417 -2.849327559 0.162569983 0.040360987 0.953762244 0.249558758
119.633333333 27.453800938 -3.718947895 -2.867606153 0.163495499 0.040353741 0.953364588 0.250473072
119.666666666 27.718989195 -3.753452651 -2.886065272 0.164376148 0.040313529 0.952961720 0.251434408
119.700000000 27.985381341 -3.787878661 -2.904706157 0.165211550 0.040240424 0.952553657 0.252442829
119.733333333 28.252979845 -3.822219985 -2.923530000 0.166001337 0.040134536 0.952140406 0.253498369
119.766666666 28.521787302 -3.856470774 -2.942537943 0.166745152 0.039996009 0.951721959 0.254601035
119.800000000 28.791806405 -3.890625275 -2.961731078 0.167442652 0.039825023 0.951298298 0.255750806
119.833333333 29.063039924 -3.924677825 -2.981110440 0.168093503 0.039621796 0.950869392 0.256947636
119.866666666 29.342296833 -3.959696743 -3.002566278 0.168658417 0.039284470 0.950056652 0.259621699
119.900000000 29.615381454 -3.993468659 -3.022286562 0.169213090 0.039017941 0.949615483 0.260911794
119.933333333 29.890236949 -4.027189574 -3.042235584 0.169721303 0.038719591 0.949167951 0.262251163
119.966666666 30.166319172 -4.060786278 -3.062374748 0.170181615 0.038390280 0.948714858 0.263637102
120.000000000 30.443631454 -4.094253636 -3.082704830 0.170593762 0.038030399 0.948256115 0.265069422
120.033333333 30.722177206 -4.127586625 -3.103226555 0.170957491 0.037640375 0.947791618 0.266547907
120.066666666 31.001959974 -4.160780345 -3.123940592 0.171272569 0.037220664 0.947321257 0.268072315
120.100000000 31.282983409 -4.193830019 -3.144847558 0.171538773 0.036771762 0.946844907 0.269642373
120.133333333 31.565251243 -4.226730992 -3.165948013 0.171755901 0.036294193 0.946362435 0.271257782
120.166666666 31.848767346 -4.259478739 -3.187242466 0.171923763 0.035788516 0.945873697 0.272918214
120.200000000 32.133535693 -4.292068870 -3.208731372 0.172042190 0.035255321 0.945378539 0.274623315
120.233333333 32.419560344 -4.324497123 -3.230415130 0.172111026 0.034695232 0.944876799 0.276372703
120.266666666 32.706845494 -4.356759378 -3.252294084 0.172130137 0.034108903 0.944368304 0.278165969
120.300000000 32.995395445 -4.388851656 -3.274368529 0.172099405 0.033497017 0.943852873 0.280002677
120.333333333 33.285214584 -4.420770117 -3.296638701 0.172018731 0.032860290 0.943330318 0.281882365
120.366666666 33.576307434 -4.452511069 -3.319104785 0.171888038 0.032199467 0.942800443 0.283804547
120.400000000 33.868678625 -4.484070971 -3.341766912 0.171707266 0.031515321 0.942263045 0.285768707
120.433333333 34.162332871 -4.515446429 -3.364625158 0.171476377 0.030808654 0.941717912 0.287774308
120.466666666 34.457275019 -4.546634205 -3.387679550 0.171195355 0.030080296 0.941164830 0.289820788
120.500000000 34.753510027 -4.577631218 -3.410930058 0.170864205 0.029331103 0.940603576 0.291907558
120.533333333 35.051042931 -4.608434545 -3.434376603 0.170482954 0.028561958 0.940033924 0.294034008
120.566666666 35.349878902 -4.639041425 -3.458019051 0.170051653 0.027773769 0.939455644 0.296199505
120.600000000 35.650023218 -4.669449262 -3.481857220 0.169570377 0.026967470 0.938868499 0.298403393
120.633333333 35.878342424 -4.710287454 -3.508121311 0.168945702 0.026188898 0.938873585 0.298810780
120.666666666 36.180025247 -4.740295201 -3.532289347 0.168367916 0.025348428 0.938274155 0.301083563
120.700000000 36.483531896 -4.770148045 -3.556691949 0.167739639 0.024491297 0.937664218 0.303396446
120.733333333 36.788364902 -4.799793742 -3.581288493 0.167061969 0.023619918 0.937044524 0.305744922
120.766666666 37.094530038 -4.829230549 -3.606078543 0.166335103 0.022735336 0.936414827 0.308128237
120.800000000 37.402033181 -4.858456897 -3.631061612 0.165559265 0.021838614 0.935774880 0.310545615
120.833333333 37.710880278 -4.887471397 -3.656237165 0.164734708 0.020930832 0.935124437 0.312996267
120.866666666 38.021077401 -4.916272839 -3.681604620 0.163861709 0.020013091 0.934463255 0.315479385
120.900000000 38.332630722 -4.944860199 -3.707163352 0.162940576 0.019086505 0.933791089 0.317994146
120.933333333 38.645546477 -4.973232631 -3.732912685 0.161971645 0.018152205 0.933107698 0.320539714
120.966666666 38.959831025 -5.001389482 -3.758851902 0.160955280 0.017211336 0.932412844 0.323115238
121.000000000 39.275490817 -5.029330283 -3.784980241 0.159891875 0.016265055 0.931706291 0.325719855
121.033333333 39.592532365 -5.057054753 -3.811296895 0.158781852 0.015314533 0.930987808 0.328352690
121.066666666 39.920998452 -5.078742305 -3.837294831 0.157713487 0.014416329 0.930574811 0.330074457
121.100000000 40.240414011 -5.105963396 -3.863939480 0.156515100 0.013461100 0.929836204 0.332755851
121.133333333 40.594475446 -5.131167486 -3.889564304 0.155252119 0.012473836 0.928581545 0.336864211
121.166666666 40.917808056 -5.158024279 -3.916662522 0.153958639 0.011518327 0.927810902 0.339604174
121.200000000 41.242225826 -5.184638407 -3.943916776 0.152622417 0.010565572 0.927028026 0.342365018
121.233333333 41.568068461 -5.211038560 -3.971353869 0.151242749 0.009615802 0.926231930 0.345148633
121.266666666 41.895343074 -5.237225822 -3.998972724 0.149820270 0.008670238 0.925422425 0.347954090
121.300000000 42.224056855 -5.263201477 -4.026772228 0.148355648 0.007730102 0.924599329 0.350780456
121.333333333 42.554217029 -5.288967006 -4.054751231 0.146849583 0.006796619 0.923762466 0.353626798
121.366666666 42.885830920 -5.314524091 -4.082908554 0.145302805 0.005871010 0.922911672 0.356492177
121.400000000 43.218905915 -5.339874618 -4.111242983 0.143716073 0.004954498 0.922046788 0.359375659
121.433333333 43.553449431 -5.365020670 -4.139753275 0.142090180 0.004048303 0.921167667 0.362276306
121.466666666 43.889468974 -5.389964534 -4.168438155 0.140425947 0.003153638 0.920274170 0.365193183
121.500000000 44.226972105 -5.414708700 -4.197296324 0.138724226 0.002271713 0.919366167 0.368125357
121.533333333 44.565966405 -5.439255858 -4.226326450 0.136985900 0.001403732 0.918443540 0.371071901
121.566666666 44.906459534 -5.463608902 -4.255527180 0.135211881 0.000550888 0.917506180 0.374031889
121.600000000 45.248459200 -5.487770928 -4.284897136 0.133403110 -0.000285632 0.916553986 0.377004402
121.633333333 45.587700227 -5.509872476 -4.314503491 0.131587096 -0.001101468 0.915755791 0.379572067
121.666666666 45.932543699 -5.533640042 -4.344189913 0.129713232 -0.001902397 0.914775739 0.382565296
121.700000000 46.279083857 -5.557238690 -4.374055606 0.127806702 -0.002683923 0.913780157 0.385569796
121.733333333 46.627161369 -5.580660725 -4.404084724 0.125869464 -0.003444518 0.912769461 0.388583227
121.766666666 46.976784118 -5.603910247 -4.434275785 0.123902598 -0.004183062 0.911743604 0.391604710
121.800000000 47.327960012 -5.626991554 -4.464627292 0.121907213 -0.004898453 0.910702550 0.394633377
121.833333333 47.693959121 -5.639907836 -4.495389822 0.120016245 -0.005572345 0.910129092 0.396522490
121.866666666 48.047472180 -5.662556918 -4.525977249 0.117974054 -0.006239119 0.909064994 0.399554792
121.900000000 48.403487738 -5.685111449 -4.556800555 0.115901459 -0.006881362 0.907982908 0.402599723
121.933333333 48.761088306 -5.707516868 -4.587778146 0.113804988 -0.007496266 0.906885612 0.405648515
121.966666666 49.120281870 -5.729778443 -4.618908469 0.111685869 -0.008082831 0.905773121 0.408700364
122.000000000 49.481076418 -5.751901634 -4.650189962 0.109545348 -0.008640082 0.904645463 0.411754481
122.033333333 49.481076418 -5.751901634 -4.650189962 0.109545348 -0.008640082 0.904645463 0.411754481
122.066666666 49.481076418 -5.751901634 -4.650189962 0.109545348 -0.008640082 0.904645463 0.411754481
122.100000000 49.481076418 -5.751901634 -4.650189962 0.109545348 -0.008640082 0.904645463 0.411754481
122.133333333 49.481076418 -5.751901634 -4.650189962 0.109545348 -0.008640082 0.904645463 0.411754481
122.166666666 49.481076418 -5.751901634 -4.650189962 0.109545348 -0.008640082 0.904645463 0.411754481
122.200000000 49.481076418 -5.751901634 -4.650189962 0.109545348 -0.008640082 0.904645463 0.411754481
122.233333333 49.481076418 -5.751901634 -4.650189962 0.109545348 -0.008640082 0.904645463 0.411754481
122.266666666 49.481076418 -5.751901634 -4.650189962 0.109545348 -0.008640082 0.904645463 0.411754481
122.300000000 49.481076418 -5.751901634 -4.650189962 0.109545348 -0.008640082 0.904645463 0.411754481
122.333333333 49.481076418 -5.751901634 -4.650189962 0.109545348 -0.008640082 0.904645463 0.411754481
122.366666666 49.481076418 -5.751901634 -4.650189962 0.109545348 -0.008640082 0.904645463 0.411754481
122.400000000 49.481076418 -5.751901634 -4.650189962 0.109545348 -0.008640082 0.904645463 0.411754481
122.433333333 49.481076418 -5.751901634 -4.650189962 0.109545348 -0.008640082 0.904645463 0.411754481
122.466666666 49.481076418 -5.751901634 -4.650189962 0.109545348 -0.008640082 0.904645463 0.411754481
