# timestamp tx ty tz qx qy qz qw
102.466666666 -0.221293370 -0.097756278 0.055027376 0.024053805 -0.017576905 -0.998912275 0.035871063
102.500000000 -0.235681510 -0.089092655 0.056894079 0.020554151 -0.024803124 -0.998627544 0.041296017
102.533333333 -0.251082210 -0.079643884 0.063387144 0.025635454 -0.025824261 -0.998463894 0.041782568
102.566666666 -0.261991072 -0.082412824 0.066051974 0.027034448 -0.026635114 -0.998326761 0.043627827
102.600000000 -0.276451375 -0.086001372 0.069559673 0.028898175 -0.027696014 -0.998135418 0.046081606
102.633333333 -0.290740826 -0.089456200 0.072996643 0.030747579 -0.028726696 -0.997935241 0.048524400
102.666666666 -0.300688754 -0.102644098 0.079843066 0.033611246 -0.029498083 -0.997676193 0.051403909
102.700000000 -0.314544358 -0.104505465 0.084239461 0.035569078 -0.030853638 -0.997428343 0.054033274
102.733333333 -0.327948070 -0.108036771 0.087720751 0.037481759 -0.031854185 -0.997194843 0.056416966
102.766666666 -0.350690835 -0.136385704 0.084384052 0.040274569 -0.031927122 -0.997083307 0.056422486
102.800000000 -0.362819348 -0.142507710 0.087733990 0.042049613 -0.032908505 -0.996850411 0.058635464
102.833333333 -0.376267858 -0.147412094 0.090606579 0.043915022 -0.033949796 -0.996600041 0.060887111
102.866666666 -0.389589215 -0.152244159 0.093411775 0.045770254 -0.034960812 -0.996342207 0.063127112
102.900000000 -0.376938111 -0.172349431 0.098716849 0.045445847 -0.034482701 -0.996067725 0.067784257
102.933333333 -0.385557756 -0.162852056 0.106486963 0.048370174 -0.034596344 -0.995646491 0.071773843
102.966666666 -0.400643807 -0.168619143 0.109729046 0.050586336 -0.035291977 -0.995330515 0.074247323
103.000000000 -0.413417954 -0.174338430 0.114053963 0.052674143 -0.036197085 -0.995015678 0.076544146
103.033333333 -0.427410440 -0.182898015 0.117688164 0.054770252 -0.036987921 -0.994692959 0.078854492
103.066666666 -0.441010447 -0.186890249 0.119959574 0.056448621 -0.037643823 -0.994365062 0.081453178
103.100000000 -0.456020759 -0.184282968 0.123570460 0.057878592 -0.037996025 -0.994070738 0.083843536
103.133333333 -0.468423032 -0.191430848 0.125666194 0.059543897 -0.038569526 -0.993756175 0.086113765
103.166666666 -0.477720039 -0.200875233 0.127590031 0.061476987 -0.039258635 -0.993412612 0.088378291
103.200000000 -0.488968233 -0.221312260 0.129319491 0.063394259 -0.040010952 -0.993140912 0.089729712
103.233333333 -0.499001521 -0.230302972 0.131438050 0.065219522 -0.040599238 -0.992796005 0.091946767
103.266666666 -0.510863900 -0.234158368 0.132553948 0.066887795 -0.041049786 -0.992453777 0.094214849
103.300000000 -0.520249168 -0.240383648 0.134559824 0.068682537 -0.041560993 -0.992110884 0.096288038
103.333333333 -0.526757443 -0.245685409 0.136496207 0.070379417 -0.041907108 -0.991774556 0.098355282
103.366666666 -0.533002453 -0.249573041 0.137963922 0.072116620 -0.042212905 -0.991438430 0.100334950
103.400000000 -0.541476031 -0.255062195 0.139839976 0.073800659 -0.042336736 -0.991095677 0.102422760
103.433333333 -0.548232185 -0.257586060 0.141091715 0.075421187 -0.042543058 -0.990765685 0.104331634
103.466666666 -0.556095219 -0.262620835 0.142594833 0.077160931 -0.042822561 -0.990428151 0.106134338
103.500000000 -0.563088377 -0.266536954 0.143832015 0.078755778 -0.042932097 -0.990098895 0.107974718
103.533333333 -0.571416710 -0.269344763 0.144957482 0.080281862 -0.043006752 -0.989766050 0.109856309
103.566666666 -0.580472365 -0.273191587 0.145858521 0.081940322 -0.043190110 -0.989452510 0.111373824
103.600000000 -0.588775859 -0.275857199 0.146742109 0.083359404 -0.043145076 -0.989134705 0.113147015
103.633333333 -0.596412200 -0.281436342 0.147699814 0.084808843 -0.043291233 -0.988802905 0.114900587
103.666666666 -0.605108363 -0.285208254 0.148321836 0.086169930 -0.043173913 -0.988511719 0.116427392
103.700000000 -0.610612220 -0.287380816 0.148166210 0.087406201 -0.043170016 -0.988205204 0.118097339
103.733333333 -0.615459291 -0.289956468 0.147765630 0.089061251 -0.043278347 -0.987858871 0.119707686
103.766666666 -0.621526354 -0.292738416 0.147694046 0.090416946 -0.043191334 -0.987548291 0.121275134
103.800000000 -0.628105343 -0.296761619 0.147367319 0.091787586 -0.043060502 -0.987248511 0.122724118
103.833333333 -0.634769209 -0.300902534 0.146903517 0.092986282 -0.042969298 -0.986955593 0.124200837
103.866666666 -0.640436700 -0.303825800 0.146524341 0.094153719 -0.042730909 -0.986670044 0.125663724
103.900000000 -0.646259888 -0.307328211 0.146111263 0.095265848 -0.042482639 -0.986377481 0.127197129
103.933333333 -0.651747894 -0.311930882 0.145431962 0.096401829 -0.042316470 -0.986079562 0.128697714
103.966666666 -0.656842802 -0.315703132 0.144704009 0.097452161 -0.042115113 -0.985770541 0.130329716
104.000000000 -0.660757672 -0.321778529 0.144319947 0.098864550 -0.041944615 -0.985439788 0.131813789
104.033333333 -0.664652093 -0.324486228 0.143976751 0.099892185 -0.041547218 -0.985150235 0.133320642
104.066666666 -0.669822497 -0.329267990 0.143191591 0.100856973 -0.041294753 -0.984854792 0.134846778
104.099999999 -0.675137121 -0.333178557 0.142411776 0.101707027 -0.040939689 -0.984588700 0.136252390
104.133333333 -0.680443630 -0.337088412 0.141690188 0.102402480 -0.040479585 -0.984344045 0.137629706
104.166666666 -0.685272677 -0.340543820 0.140542961 0.103101439 -0.040021661 -0.984102303 0.138964087
104.200000000 -0.689155918 -0.343958574 0.139141301 0.103778558 -0.039678460 -0.983860012 0.140267982
104.233333333 -0.693388615 -0.348745648 0.138325206 0.104367880 -0.039148208 -0.983621123 0.141648331
104.266666666 -0.698389038 -0.353058515 0.137068608 0.104921711 -0.038578272 -0.983390041 0.142993633
104.300000000 -0.703020194 -0.358200575 0.135988650 0.105186460 -0.038064016 -0.983185946 0.144334109
104.333333333 -0.707675406 -0.363211654 0.134648601 0.105437243 -0.037512271 -0.982996752 0.145578855
104.366666666 -0.712377355 -0.369236940 0.133231430 0.105468181 -0.037014041 -0.982825279 0.146836286
104.400000000 -0.715412769 -0.373728158 0.131784140 0.105728531 -0.036403549 -0.982640765 0.148031708
104.433333333 -0.717363532 -0.377946545 0.130656065 0.106014578 -0.035870508 -0.982455690 0.149181209
104.466666666 -0.719479721 -0.382776473 0.129534645 0.106044387 -0.035247092 -0.982300300 0.150327482
104.500000000 -0.721589717 -0.387237097 0.128265297 0.106148011 -0.034600479 -0.982140638 0.151443632
104.533333333 -0.723602666 -0.391757436 0.126917591 0.106186327 -0.033913598 -0.981981206 0.152601581
104.566666666 -0.723939016 -0.394455209 0.125727188 0.106286037 -0.033244840 -0.981803288 0.153819256
104.600000000 -0.724375969 -0.397014177 0.124084271 0.106322122 -0.032432452 -0.981655141 0.154909412
104.633333333 -0.724995375 -0.399674131 0.122403900 0.106187843 -0.031590822 -0.981525871 0.155990787
104.666666666 -0.725077292 -0.403113323 0.120960984 0.106109236 -0.030807682 -0.981389490 0.157055359
104.700000000 -0.724609487 -0.405522197 0.119202561 0.105957451 -0.029893138 -0.981276251 0.158039037
104.733333333 -0.724165868 -0.408257612 0.117513533 0.105736147 -0.029018479 -0.981167688 0.159021265
104.766666666 -0.723199864 -0.410456295 0.115567841 0.105496048 -0.028084817 -0.981079748 0.159888571
104.800000000 -0.722059716 -0.412467375 0.113566625 0.105259618 -0.027119138 -0.980986080 0.160783319
104.833333333 -0.720293664 -0.414809728 0.111618849 0.104896446 -0.026161202 -0.980909693 0.161643132
104.866666666 -0.718196122 -0.416785084 0.109606757 0.104512226 -0.025187212 -0.980832395 0.162513423
104.900000000 -0.715873036 -0.418837210 0.107579165 0.104024369 -0.024217577 -0.980772821 0.163331299
104.933333333 -0.712865700 -0.420914738 0.105823995 0.103473528 -0.023231295 -0.980722296 0.164125907
104.966666666 -0.709395953 -0.422488902 0.103961712 0.102850267 -0.022173330 -0.980672761 0.164957881
105.000000000 -0.706239961 -0.423952137 0.101726480 0.102268254 -0.021109828 -0.980634702 0.165683919
105.033333333 -0.702962186 -0.425029184 0.099575032 0.101703599 -0.019951990 -0.980592853 0.166421012
105.066666666 -0.699192506 -0.426394809 0.097404191 0.100994411 -0.018779642 -0.980562562 0.167166134
105.100000000 -0.695264326 -0.427725629 0.094778681 0.100174668 -0.017534227 -0.980553605 0.167845803
105.133333333 -0.690918136 -0.428238325 0.091970123 0.099397403 -0.016285995 -0.980555405 0.168422147
105.166666666 -0.686108588 -0.428670132 0.089226646 0.098597280 -0.015057358 -0.980573134 0.168902877
105.200000000 -0.681521825 -0.429598315 0.086549664 0.097710547 -0.013850700 -0.980602831 0.169348441
105.233333333 -0.676337216 -0.430831297 0.083842387 0.096724989 -0.012651380 -0.980644538 0.169766042
105.266666666 -0.670892181 -0.431516629 0.081026288 0.095745539 -0.011380737 -0.980683170 0.170187519
105.300000000 -0.665274136 -0.432284704 0.078216717 0.094717099 -0.010106666 -0.980728108 0.170584011
105.333333333 -0.659070471 -0.432550648 0.075315324 0.093676397 -0.008794593 -0.980773383 0.170970639
105.366666666 -0.652950749 -0.433004692 0.072498440 0.092631181 -0.007529223 -0.980825148 0.171303250
105.400000000 -0.646435258 -0.433226749 0.069529035 0.091482572 -0.006196164 -0.980890997 0.171596618
105.433333333 -0.639539909 -0.433966661 0.066542041 0.090255950 -0.004886370 -0.980963922 0.171871381
105.466666666 -0.632950048 -0.434438767 0.063603371 0.089043690 -0.003590573 -0.981038343 0.172110718
105.500000000 -0.625912995 -0.434594354 0.060673065 0.087829232 -0.002269980 -0.981113298 0.172329830
105.533333333 -0.618893927 -0.434312202 0.057887250 0.086586169 -0.000915049 -0.981188272 0.172544410
105.566666666 -0.611089284 -0.434452087 0.054714577 0.085236053 0.000453152 -0.981291855 0.172629389
105.600000000 -0.603599529 -0.434109084 0.051668340 0.083913549 0.001801265 -0.981385169 0.172738015
105.633333333 -0.595547901 -0.433612988 0.048645107 0.082555031 0.003168028 -0.981485863 0.172800843
105.666666666 -0.587505501 -0.433153161 0.045588416 0.081155374 0.004525152 -0.981593033 0.172824902
105.700000000 -0.578909170 -0.432429878 0.042609013 0.079780671 0.005851748 -0.981708794 0.172767605
105.733333333 -0.570951798 -0.431741974 0.039601436 0.078320221 0.007130140 -0.981828773 0.172706006
105.766666666 -0.562566292 -0.431180703 0.036587389 0.076795166 0.008377571 -0.981953059 0.172628236
105.800000000 -0.553834095 -0.430342040 0.033432645 0.075227760 0.009687100 -0.982092627 0.172455838
105.833333333 -0.544646498 -0.429334856 0.030268169 0.073626219 0.010993478 -0.982235716 0.172253656
105.866666666 -0.534999571 -0.428165209 0.027322820 0.072040589 0.012184846 -0.982390886 0.171958802
105.900000000 -0.525299966 -0.427044845 0.024316486 0.070399860 0.013368317 -0.982549411 0.171644409
105.933333333 -0.515772358 -0.425501321 0.021397538 0.068768636 0.014524594 -0.982702666 0.171334121
105.966666666 -0.505109360 -0.424011700 0.018337826 0.067090360 0.015808297 -0.982869063 0.170930938
106.000000000 -0.494036191 -0.422367875 0.015464683 0.065431466 0.017017392 -0.983044206 0.170450055
106.033333333 -0.482482630 -0.421025696 0.012291674 0.063694850 0.018308988 -0.983230775 0.169896999
106.066666666 -0.471276586 -0.419423570 0.009360445 0.061993399 0.019525500 -0.983407409 0.169367767
106.100000000 -0.458973285 -0.417917542 0.006371545 0.060246770 0.020743571 -0.983601209 0.168726681
106.133333333 -0.447546535 -0.416178882 0.003446601 0.058498655 0.022007903 -0.983784499 0.168111924
106.166666666 -0.435729807 -0.414369794 0.000613123 0.056714246 0.023269336 -0.983975024 0.167437107
106.200000000 -0.423319779 -0.412606938 -0.002301485 0.054893620 0.024491064 -0.984167169 0.166738900
106.233333333 -0.411041022 -0.410728542 -0.005105652 0.053123583 0.025686537 -0.984359045 0.165998062
106.266666666 -0.398708434 -0.408987825 -0.008030861 0.051307138 0.026953340 -0.984550891 0.165229047
106.300000000 -0.386369627 -0.407049958 -0.010886916 0.049477845 0.028237502 -0.984743268 0.164424096
106.333333333 -0.373886251 -0.405092110 -0.013707126 0.047614743 0.029499223 -0.984934432 0.163605615
106.366666666 -0.362047360 -0.402679492 -0.016188750 0.045762029 0.030698011 -0.985126546 0.162754902
106.400000000 -0.349865894 -0.400521613 -0.018878030 0.043870285 0.031913191 -0.985321655 0.161858528
106.433333333 -0.337802282 -0.398178766 -0.021326536 0.041943177 0.033245619 -0.985522115 0.160877781
106.466666666 -0.325735938 -0.395584344 -0.023716028 0.040086639 0.034482595 -0.985715232 0.159904636
106.500000000 -0.313342363 -0.392990349 -0.026097082 0.038198085 0.035651762 -0.985909979 0.158906800
106.533333333 -0.299687007 -0.390881047 -0.028744956 0.036273423 0.036760429 -0.986121282 0.157790133
106.566666666 -0.287179222 -0.388550701 -0.031292121 0.034395590 0.037736472 -0.986330670 0.156667521
106.600000000 -0.274207369 -0.386442172 -0.033964731 0.032469782 0.038769294 -0.986542991 0.155484987
106.633333333 -0.261141682 -0.384422779 -0.036602495 0.030555844 0.039817578 -0.986753996 0.154264230
106.666666666 -0.248122469 -0.382030575 -0.039072612 0.028643655 0.040759754 -0.986968514 0.153007635
106.700000000 -0.235132019 -0.379589930 -0.041449840 0.026728687 0.041707040 -0.987181163 0.151721624
106.733333333 -0.220193764 -0.378684400 -0.045062088 0.024837629 0.042058737 -0.987430579 0.150316356
106.766666666 -0.206879920 -0.376176070 -0.047490731 0.022958203 0.042913831 -0.987644531 0.148961757
106.800000000 -0.193737116 -0.373525909 -0.049759724 0.021025405 0.043698402 -0.987864557 0.147553377
106.833333333 -0.179990066 -0.371284921 -0.052182554 0.019058624 0.044523721 -0.988088835 0.146064578
106.866666666 -0.166579144 -0.368689496 -0.054493327 0.017149579 0.045274637 -0.988310596 0.144562323
106.900000000 -0.152800791 -0.366076501 -0.056786524 0.015219595 0.046028342 -0.988532478 0.143015021
106.933333333 -0.139195589 -0.363325250 -0.058869520 0.013283230 0.046784840 -0.988751506 0.141439716
106.966666666 -0.125733388 -0.360634992 -0.061093403 0.011355637 0.047465141 -0.988975144 0.139807991
107.000000000 -0.112748977 -0.357618596 -0.063032264 0.009386773 0.048181619 -0.989194516 0.138147129
107.033333333 -0.100172057 -0.354694626 -0.064745738 0.007342620 0.048930290 -0.989411082 0.136446411
107.066666666 -0.087141414 -0.351807418 -0.066776186 0.005301776 0.049534819 -0.989631706 0.134711839
107.100000000 -0.073789255 -0.348875259 -0.068807191 0.003348626 0.050142705 -0.989851260 0.132924709
107.133333333 -0.059907121 -0.346311875 -0.071020895 0.001325147 0.050753272 -0.990073028 0.131063907
107.166666666 -0.043380386 -0.343259880 -0.073951171 -0.000338854 0.051307959 -0.990305573 0.129082343
107.200000000 -0.030101714 -0.340141274 -0.076010207 -0.002252214 0.051801579 -0.990520187 0.127205673
107.233333333 -0.016755982 -0.336911817 -0.077713663 -0.004161995 0.052338244 -0.990729879 0.125290432
107.266666666 -0.003375260 -0.333167004 -0.079663052 -0.005948663 0.052776894 -0.990940315 0.123355197
107.300000000 0.009093754 -0.329541442 -0.081216977 -0.007837593 0.053217378 -0.991145250 0.121398418
107.333333333 0.021775979 -0.326287980 -0.083014437 -0.009783828 0.053642649 -0.991353562 0.119351829
107.366666666 0.034724837 -0.323056533 -0.084487208 -0.011745819 0.054127115 -0.991550834 0.117299762
107.400000000 0.048317753 -0.319489296 -0.086164537 -0.013624552 0.054529731 -0.991750543 0.115203037
107.433333333 0.061258674 -0.316226630 -0.087683355 -0.015603112 0.054889111 -0.991946078 0.113078321
107.466666666 0.073072526 -0.312806505 -0.088355337 -0.017617002 0.055310232 -0.992124534 0.110992474
107.500000000 0.085745962 -0.309339157 -0.089454844 -0.019539686 0.055683764 -0.992308651 0.108816639
107.533333333 0.096931061 -0.305802763 -0.090046318 -0.021529301 0.056003789 -0.992480930 0.106684899
107.566666666 0.105935605 -0.301340319 -0.089935942 -0.023323469 0.056245000 -0.992647795 0.104608182
107.600000000 0.117681410 -0.297691660 -0.090536424 -0.025247503 0.056475109 -0.992820903 0.102370802
107.633333333 0.129567168 -0.294144768 -0.091170693 -0.027159257 0.056680764 -0.992990862 0.100094027
107.666666666 0.141119527 -0.290696692 -0.092143827 -0.029135679 0.056737724 -0.993159739 0.097804272
107.700000000 0.152575396 -0.286998960 -0.092651816 -0.031015634 0.056832324 -0.993323078 0.095484975
107.733333333 0.166056054 -0.283423139 -0.094289918 -0.032932575 0.056801905 -0.993496431 0.093025972
107.766666666 0.176885413 -0.279486228 -0.094643870 -0.034763623 0.056782981 -0.993651946 0.090680727
107.800000000 0.188572395 -0.275333973 -0.095237027 -0.036548337 0.056762624 -0.993807006 0.088260176
107.833333333 0.199554095 -0.271157425 -0.095213120 -0.038261023 0.056770305 -0.993953545 0.085846240
107.866666666 0.209839507 -0.267073337 -0.095021161 -0.039987752 0.056718352 -0.994093833 0.083435365
107.900000000 0.220946177 -0.262555087 -0.095144604 -0.041613840 0.056624874 -0.994235432 0.080980359
107.933333333 0.232336416 -0.257991726 -0.095197837 -0.043154288 0.056579312 -0.994370105 0.078514865
107.966666666 0.243117730 -0.253554694 -0.095142995 -0.044745357 0.056447458 -0.994499720 0.076038445
108.000000000 0.254049497 -0.248989456 -0.095034136 -0.046280332 0.056301438 -0.994625542 0.073541210
108.033333333 0.264494453 -0.244609726 -0.094679690 -0.047863623 0.056101112 -0.994743234 0.071046729
108.066666666 0.275418553 -0.239984697 -0.094594915 -0.049374580 0.055878738 -0.994858704 0.068526468
108.100000000 0.295939614 -0.234731893 -0.096789913 -0.050935553 0.055894309 -0.994961544 0.065824932
108.133333333 0.307493353 -0.230106009 -0.096712983 -0.052439315 0.055648222 -0.995061706 0.063289765
108.166666666 0.318055728 -0.225685149 -0.095898742 -0.054003812 0.055377495 -0.995150219 0.060769751
108.199999999 0.326015454 -0.221277138 -0.094370992 -0.055482137 0.055084123 -0.995233884 0.058283690
108.233333333 0.335237500 -0.216804107 -0.092904708 -0.056887335 0.054880771 -0.995310051 0.055765898
108.266666666 0.344253004 -0.212049448 -0.091822008 -0.058243824 0.054504092 -0.995389839 0.053254375
108.300000000 0.353238312 -0.207288225 -0.090890242 -0.059551471 0.054158459 -0.995464685 0.050700544
108.333333333 0.363082307 -0.202405269 -0.090197880 -0.060871557 0.053793833 -0.995533629 0.048100628
108.366666666 0.371221015 -0.197861485 -0.088774602 -0.062185948 0.053350146 -0.995595738 0.045560913
108.400000000 0.378289920 -0.193695869 -0.086545788 -0.063553266 0.052907808 -0.995645987 0.043021091
108.433333333 0.386935634 -0.188641474 -0.085824705 -0.064801082 0.052326205 -0.995704010 0.040451357
108.466666666 0.395122729 -0.184161838 -0.083998756 -0.066116707 0.051824002 -0.995744809 0.037883110
108.500000000 0.401969623 -0.180108613 -0.081298753 -0.067536918 0.051205432 -0.995775998 0.035311908
108.533333333 0.409498404 -0.175822217 -0.078816802 -0.068903025 0.050611904 -0.995801448 0.032715209
108.566666666 0.417380965 -0.171294657 -0.076476952 -0.070255915 0.049978309 -0.995821501 0.030096727
108.600000000 0.425280287 -0.166658300 -0.074231936 -0.071552875 0.049325188 -0.995837451 0.027476956
108.633333333 0.432660222 -0.162094387 -0.071597697 -0.072853833 0.048631071 -0.995846036 0.024859824
108.666666666 0.439422466 -0.157486602 -0.068920466 -0.074090432 0.047889066 -0.995851776 0.022281953
108.700000000 0.446749231 -0.152842960 -0.066035913 -0.075320474 0.047173383 -0.995848258 0.019691248
108.733333333 0.455027647 -0.147410101 -0.064374678 -0.076445917 0.046414231 -0.995846922 0.017048399
108.766666666 0.461697987 -0.142603092 -0.061559358 -0.077543781 0.045751431 -0.995833609 0.014463470
108.800000000 0.467697787 -0.137819251 -0.058738315 -0.078595504 0.045028465 -0.995818442 0.011866501
108.833333333 0.473660507 -0.133189686 -0.055809186 -0.079570528 0.044385892 -0.995797234 0.009289418
108.866666666 0.479436927 -0.128596042 -0.052930111 -0.080479893 0.043772080 -0.995771945 0.006724950
108.900000000 0.483796672 -0.124187605 -0.050158257 -0.081373099 0.042968225 -0.995748305 0.004178882
108.933333333 0.488540188 -0.119568945 -0.048050891 -0.082162328 0.042203234 -0.995723674 0.001613688
108.966666666 0.492383282 -0.115155372 -0.045833832 0.082923527 -0.041391139 0.995695548 0.000915928
109.000000000 0.496126344 -0.110838080 -0.043018203 0.083748989 -0.040500788 0.995657498 0.003455313
109.033333333 0.499604767 -0.106569141 -0.040360571 0.084523838 -0.039589648 0.995616609 0.005995655
109.066666666 0.502537033 -0.102422920 -0.037539088 0.085300287 -0.038624940 0.995570002 0.008505677
109.100000000 0.504835097 -0.098418972 -0.034663183 0.086020901 -0.037683105 0.995519762 0.010990512
109.133333333 0.509859062 -0.093274529 -0.032479548 0.086773480 -0.036668866 0.995460385 0.013578644
109.166666666 0.512329794 -0.089078092 -0.029811872 0.087444729 -0.035672472 0.995400845 0.016063977
109.200000000 0.514375802 -0.085144039 -0.026739827 0.088098309 -0.034700332 0.995334448 0.018544845
109.233333333 0.516905258 -0.081102156 -0.023638681 0.088750420 -0.033701282 0.995261142 0.021043895
109.266666666 0.519382233 -0.077065850 -0.020604970 0.089358286 -0.032749447 0.995183089 0.023519976
109.300000000 0.521411465 -0.072964364 -0.017389526 0.089970437 -0.031696269 0.995100563 0.025991103
109.333333333 0.522321789 -0.069332338 -0.013978259 0.090533905 -0.030641984 0.995015751 0.028431252
109.366666666 0.523643399 -0.065714087 -0.010347877 0.091080765 -0.029647643 0.994923598 0.030860084
109.400000000 0.524643873 -0.061982555 -0.006872535 0.091607197 -0.028558815 0.994828730 0.033291352
109.433333333 0.524710895 -0.058493597 -0.003176912 0.092117126 -0.027415094 0.994730159 0.035703757
109.466666666 0.524422455 -0.055323238 0.000218803 0.092530180 -0.026359397 0.994631889 0.038088761
109.500000000 0.524960626 -0.051822864 0.003808391 0.092957847 -0.025274547 0.994525356 0.040488921
109.533333333 0.527373174 -0.046022297 0.005303622 0.093338211 -0.024058082 0.994418031 0.042918138
109.566666666 0.530482706 -0.041693889 0.010754536 0.093925897 -0.022881155 0.994281016 0.045383263
109.600000000 0.529962060 -0.038381853 0.014651731 0.094283674 -0.021746122 0.994162549 0.047733851
109.633333333 0.529313836 -0.035202813 0.019034502 0.094649953 -0.020563430 0.994036977 0.050090125
109.666666666 0.528941855 -0.031850984 0.023509148 0.094994030 -0.019376350 0.993905785 0.052459331
109.700000000 0.528652040 -0.028530292 0.028323263 0.095338088 -0.018164041 0.993768806 0.054811278
109.733333333 0.527911742 -0.025290094 0.032748095 0.095616587 -0.017007341 0.993631596 0.057135538
109.766666666 0.526960204 -0.021954029 0.037053036 0.095855944 -0.015795405 0.993492201 0.059459143
109.800000000 0.526011057 -0.018674784 0.041726099 0.096093390 -0.014560882 0.993346074 0.061786885
109.833333333 0.525644800 -0.014801798 0.046145901 0.096303162 -0.013313082 0.993194542 0.064133178
109.866666666 0.524523924 -0.011128816 0.050619150 0.096488033 -0.012037804 0.993040840 0.066445776
109.900000000 0.522912069 -0.007953745 0.055427950 0.096631559 -0.010805659 0.992885523 0.068730767
109.933333333 0.520393322 -0.005179158 0.059673734 0.096681232 -0.009592555 0.992734572 0.070984444
109.966666666 0.522148909 0.002171957 0.061980795 0.096811154 -0.008251178 0.992571258 0.073224429
110.000000000 0.519313945 0.004860512 0.066623507 0.096830593 -0.007033259 0.992413299 0.075433506
110.033333333 0.516552655 0.007809977 0.071042604 0.096825548 -0.005808280 0.992252378 0.077629220
110.066666666 0.515854292 0.011534227 0.078339303 0.096963245 -0.004482891 0.992064412 0.079913926
110.100000000 0.513035587 0.014126778 0.083366727 0.096893463 -0.003309785 0.991894792 0.082130524
110.133333333 0.509171230 0.016605909 0.087688725 0.096755991 -0.002095945 0.991729746 0.084297075
110.166666666 0.506795812 0.019496705 0.092940772 0.096646580 -0.000932883 0.991545505 0.086579907
110.200000000 0.503633338 0.022413193 0.097785893 0.096502485 0.000241447 0.991370561 0.088722166
110.233333333 0.500387034 0.024978539 0.103478823 0.096347355 0.001425574 0.991190498 0.090865570
110.266666666 0.496156884 0.027261841 0.107901986 0.096091462 0.002651342 0.991016741 0.092979678
110.300000000 0.491495778 0.029702946 0.112286574 0.095809624 0.003920836 0.990842844 0.095055784
110.333333333 0.487049617 0.032326666 0.116903947 0.095512817 0.005178697 0.990665876 0.097116452
110.366666666 0.481899187 0.034966058 0.121028356 0.095169080 0.006466912 0.990489771 0.099151593
110.400000000 0.476463429 0.037756775 0.125020375 0.094788865 0.007777541 0.990309130 0.101204785
110.433333333 0.470333491 0.040034722 0.128469040 0.094343801 0.009031624 0.990134954 0.103201012
110.466666666 0.463656526 0.041868221 0.131723645 0.093847355 0.010271233 0.989961328 0.105184333
110.500000000 0.456988269 0.043814325 0.135099874 0.093324057 0.011502924 0.989786014 0.107153860
110.533333333 0.455930567 0.055217985 0.132352158 0.092759367 0.012945678 0.989554968 0.109585925
110.566666666 0.449680343 0.058050764 0.136281224 0.092241713 0.014172836 0.989374762 0.111481740
110.600000000 0.443233336 0.061270238 0.140425083 0.091684878 0.015447765 0.989187756 0.113414427
110.633333333 0.436720258 0.064872666 0.144678072 0.091113748 0.016733846 0.988998884 0.115323328
110.666666666 0.429642121 0.068270575 0.147976533 0.090468213 0.017994792 0.988812981 0.117220216
110.700000000 0.422165304 0.071159157 0.151731821 0.089794873 0.019215611 0.988631085 0.119063930
110.733333333 0.415043556 0.074858894 0.154364833 0.089082778 0.020403484 0.988442915 0.120948584
110.766666666 0.407461345 0.078661829 0.156360729 0.088315528 0.021596775 0.988264161 0.122751352
110.800000000 0.399353383 0.081423507 0.158841539 0.087504488 0.022735054 0.988085711 0.124550025
110.833333333 0.392399233 0.084752436 0.156983112 0.086553478 0.023689462 0.987906755 0.126441878
110.866666666 0.384611971 0.087271711 0.159713469 0.085712454 0.024750543 0.987725418 0.128215772
110.900000000 0.376333023 0.090009190 0.161848968 0.084804538 0.025831188 0.987545875 0.129977244
110.933333333 0.368306965 0.093303600 0.165180827 0.083921541 0.026916384 0.987361690 0.131717789
110.966666666 0.359756260 0.095527135 0.167570448 0.082952862 0.027933650 0.987185805 0.133426833
111.000000000 0.350709885 0.097196116 0.169962647 0.081948541 0.028927344 0.987015126 0.135088072
111.033333333 0.340883355 0.098035684 0.171870803 0.080875988 0.029895206 0.986851411 0.136710072
111.066666666 0.330737375 0.098877514 0.173707897 0.079778916 0.030852503 0.986690722 0.138292684
111.100000000 0.320496019 0.099905691 0.175179219 0.078644813 0.031792775 0.986530111 0.139866194
111.133333333 0.311046875 0.101909311 0.177652423 0.077531796 0.032721377 0.986360083 0.141463492
111.166666666 0.301838156 0.105620036 0.177254868 0.076335128 0.033646532 0.986182162 0.143127927
111.200000000 0.292567590 0.111613906 0.182618395 0.075287449 0.034733224 0.985983952 0.144779314
111.233333333 0.285870165 0.125454653 0.198044002 0.074578840 0.036124769 0.985733080 0.146503558
111.266666666 0.275612455 0.128693055 0.200165010 0.073311476 0.037000962 0.985562976 0.148060720
111.300000000 0.265795913 0.133259890 0.202570714 0.072055462 0.037875860 0.985384826 0.149633469
111.333333333 0.257204895 0.144136425 0.202138348 0.070838297 0.038870030 0.985209712 0.151105525
111.366666666 0.247184721 0.147796372 0.203301953 0.069477727 0.039629661 0.985048811 0.152581698
111.400000000 0.237637993 0.151697678 0.204485103 0.068127604 0.040346332 0.984891059 0.154014298
111.433333333 0.227966974 0.156300743 0.204689150 0.066722749 0.041049355 0.984730608 0.155462711
111.466666666 0.218369402 0.161007805 0.205499145 0.065308092 0.041729812 0.984572138 0.156879513
111.500000000 0.209488399 0.166016113 0.205667725 0.063877922 0.042355746 0.984419205 0.158254325
111.533333333 0.199407764 0.169250067 0.208410235 0.062426893 0.042967721 0.984281305 0.159521063
111.566666666 0.189229569 0.172460430 0.209863439 0.060917659 0.043535636 0.984138833 0.160824264
111.600000000 0.179241733 0.176890864 0.211804871 0.059418205 0.044108328 0.984000720 0.162069480
111.633333333 0.168900785 0.191135432 0.207147349 0.057838620 0.044880942 0.983801500 0.163630692
111.666666666 0.159560919 0.198101394 0.207459418 0.056291116 0.045415511 0.983655595 0.164895152
111.700000000 0.149985683 0.206725674 0.209668326 0.054764321 0.045981772 0.983509785 0.166117577
111.733333333 0.140483340 0.215638475 0.211580115 0.053205423 0.046520036 0.983368689 0.167305380
111.766666666 0.131178134 0.223636427 0.213288557 0.051610098 0.046988521 0.983241326 0.168419034
111.800000000 0.120910890 0.230751848 0.215432100 0.049968244 0.047424194 0.983126729 0.169457828
111.833333333 0.109983474 0.237416890 0.216312945 0.048262595 0.047817358 0.983023373 0.170438467
111.866666666 0.099233072 0.245237186 0.218133918 0.046575842 0.048205047 0.982916115 0.171414337
111.900000000 0.088356069 0.251743289 0.220044935 0.044838597 0.048525466 0.982822578 0.172321094
111.933333333 0.077376720 0.258433749 0.222066336 0.043091088 0.048820268 0.982734291 0.173185023
111.966666666 0.065201641 0.265561980 0.223671603 0.041298550 0.049105655 0.982657086 0.173977342
112.000000000 0.054729593 0.273309019 0.224426539 0.039487992 0.049312701 0.982565025 0.174856878
112.033333333 0.043535382 0.279559089 0.224655475 0.037629032 0.049452742 0.982487711 0.175659845
112.066666666 0.032054480 0.285053397 0.225111258 0.035756770 0.049559193 0.982425299 0.176368568
112.100000000 0.021088549 0.289968975 0.226768368 0.033876520 0.049613243 0.982370982 0.177025877
112.133333333 0.009933120 0.294880475 0.227237439 0.031967414 0.049617640 0.982319944 0.177661762
112.166666666 -0.001705604 0.299790663 0.227184236 0.030025907 0.049602363 0.982273113 0.178262675
112.200000000 -0.013261075 0.304306701 0.226723598 0.028054308 0.049533691 0.982237345 0.178799235
112.233333333 -0.025341481 0.309261443 0.226356313 0.026073687 0.049446601 0.982204458 0.179303093
112.266666666 -0.045591713 0.326034394 0.233298544 0.024152128 0.049755458 0.982093826 0.180091052
112.300000000 -0.059115510 0.330877094 0.233156154 0.022149174 0.049619475 0.982081071 0.180455233
112.333333333 -0.072846459 0.335281028 0.232914396 0.020101114 0.049434197 0.982075616 0.180775248
112.366666666 -0.086087240 0.339242035 0.232221013 0.018043036 0.049194835 0.982075422 0.181058504
112.400000000 -0.099591676 0.343503410 0.231720164 0.015972286 0.048928803 0.982076954 0.181316616
112.433333333 -0.112988727 0.346706954 0.231534531 0.013886600 0.048611679 0.982081286 0.181550035
112.466666666 -0.126181720 0.350932103 0.231647581 0.011818471 0.048276860 0.982081594 0.181783967
112.500000000 -0.139172158 0.354195233 0.230717609 0.009712644 0.047875126 0.982097948 0.181926515
112.533333333 -0.153130694 0.359035583 0.230994875 0.007615732 0.047487015 0.982099532 0.182119445
112.566666666 -0.165810561 0.362158312 0.230114324 0.005512145 0.047012456 0.982124593 0.182183230
112.600000000 -0.178599258 0.364930294 0.229567104 0.003394479 0.046504219 0.982155984 0.182196207
112.633333333 -0.191182474 0.367638316 0.228484837 0.001269935 0.045946584 0.982188957 0.182187134
112.666666666 -0.204410140 0.371099233 0.228261013 -0.000842227 0.045395833 0.982221903 0.182150055
112.700000000 -0.217102179 0.373659422 0.227146921 -0.002971088 0.044777983 0.982272532 0.182007631
112.733333333 -0.229898603 0.376429561 0.225808805 -0.005112327 0.044128980 0.982317915 0.181873615
112.766666666 -0.242834008 0.379653217 0.224965449 -0.007233771 0.043462770 0.982371849 0.181670612
112.800000000 -0.256012038 0.383043934 0.223818306 -0.009370096 0.042756876 0.982424735 0.181454376
112.833333333 -0.269265629 0.386371572 0.223164739 -0.011499369 0.042042468 0.982478376 0.181208268
112.866666666 -0.282230124 0.389391447 0.222745340 -0.013624780 0.041287153 0.982537727 0.180912553
112.900000000 -0.299477971 0.394663383 0.219653092 -0.015830789 0.040521539 0.982608996 0.180518562
112.933333333 -0.311740501 0.397153442 0.218769218 -0.017929552 0.039694468 0.982677831 0.180130954
112.966666666 -0.324344199 0.399901099 0.218066153 -0.020039213 0.038839160 0.982755152 0.179672648
113.000000000 -0.336453554 0.401967592 0.217135314 -0.022148852 0.037940917 0.982832710 0.179192021
113.033333333 -0.348144775 0.403756238 0.216111789 -0.024242488 0.037004465 0.982920784 0.178632874
113.066666666 -0.360355754 0.405922912 0.214838829 -0.026340833 0.036048157 0.983002394 0.178081397
113.100000000 -0.371935625 0.407360450 0.212982749 -0.028430132 0.035038319 0.983091632 0.177467990
113.133333333 -0.383486590 0.409009046 0.211427687 -0.030498627 0.034010137 0.983185209 0.176804948
113.166666666 -0.394948361 0.410559553 0.209543073 -0.032566143 0.032946462 0.983283717 0.176088356
113.200000000 -0.406217632 0.411965047 0.208002329 -0.034614943 0.031866434 0.983388580 0.175308976
113.233333333 -0.417750246 0.413438714 0.206125899 -0.036665027 0.030749207 0.983494420 0.174496095
113.266666666 -0.428864715 0.414517188 0.204092271 -0.038690547 0.029607303 0.983607181 0.173618440
113.300000000 -0.440884537 0.416136922 0.201333296 -0.040724017 0.028429491 0.983724822 0.172681190
113.333333333 -0.452372555 0.417569671 0.198750671 -0.042729244 0.027225809 0.983836494 0.171751912
113.366666666 -0.463068832 0.418680089 0.196478439 -0.044700519 0.026006372 0.983962680 0.170713140
113.400000000 -0.477488687 0.421738326 0.193447703 -0.046719788 0.024766268 0.984085853 0.169643528
113.433333333 -0.488677480 0.423102530 0.191052554 -0.048653366 0.023524661 0.984206108 0.168575730
113.466666666 -0.499477844 0.424106519 0.188472158 -0.050584997 0.022236550 0.984327735 0.167468217
113.500000000 -0.510013645 0.424996557 0.185465922 -0.052483453 0.020925143 0.984453935 0.166307174
113.533333333 -0.521419267 0.426390300 0.182635856 -0.054378384 0.019609770 0.984567320 0.165183660
113.566666666 -0.532315077 0.427443464 0.179880403 -0.056240605 0.018267702 0.984687905 0.163990897
113.600000000 -0.542544606 0.428112798 0.177079190 -0.058079677 0.016901558 0.984807175 0.162775661
113.633333333 -0.552271241 0.428647237 0.174747603 -0.059885035 0.015531675 0.984926031 0.161534094
113.666666666 -0.561558867 0.428775796 0.171683718 -0.061652642 0.014131436 0.985060251 0.160173521
113.700000000 -0.570190097 0.428544432 0.168560865 -0.063391837 0.012706478 0.985197604 0.158763034
113.733333333 -0.578684661 0.428390391 0.165594289 -0.065103584 0.011273892 0.985337409 0.157304203
113.766666666 -0.586705531 0.427886855 0.162530476 -0.066791781 0.009823221 0.985467958 0.155869387
113.800000000 -0.594397573 0.427329489 0.159570867 -0.068433311 0.008364959 0.985610180 0.154335618
113.833333333 -0.602369621 0.426758371 0.156396634 -0.070061414 0.006878317 0.985757064 0.152732109
113.866666666 -0.611759274 0.426742701 0.153162847 -0.071675877 0.005390724 0.985889588 0.151179460
113.900000000 -0.618832081 0.425956438 0.150402443 -0.073213508 0.003907651 0.986033514 0.149540703
113.933333333 -0.625798614 0.425087239 0.147356739 -0.074737772 0.002411248 0.986172395 0.147893401
113.966666666 -0.632733100 0.424224397 0.144317203 -0.076213941 0.000904595 0.986315294 0.146194245
114.000000000 -0.639539701 0.423338990 0.141429452 -0.077668741 -0.000606992 0.986450160 0.144510483
114.033333333 -0.646254650 0.422426142 0.138584209 -0.079086718 -0.002125063 0.986587210 0.142781131
114.066666666 -0.656994425 0.423128729 0.135265705 -0.080531975 -0.003651243 0.986701534 0.141143019
114.100000000 -0.664222670 0.422419847 0.131924645 -0.081857695 -0.005162257 0.986854646 0.139250052
114.133333333 -0.671377612 0.421675774 0.128853848 -0.083166118 -0.006684655 0.986990533 0.137435076
114.166666666 -0.677520523 0.420569097 0.125858183 -0.084419750 -0.008212735 0.987138167 0.135514190
114.200000000 -0.683445151 0.419260480 0.122791445 -0.085642547 -0.009746801 0.987280843 0.133592254
114.233333333 -0.690395605 0.418387288 0.119654795 -0.086825158 -0.011270747 0.987431772 0.131578337
114.266666666 -0.696182277 0.417013818 0.116595042 -0.087965473 -0.012800108 0.987579824 0.129554325
114.300000000 -0.702316397 0.415753280 0.113568921 -0.089069474 -0.014311375 0.987720976 0.127550331
114.333333333 -0.708004211 0.414319366 0.110625221 -0.090124837 -0.015808589 0.987861312 0.125529398
114.366666666 -0.712991536 0.412585299 0.107508935 -0.091140697 -0.017303893 0.987999233 0.123496821
114.400000000 -0.717490251 0.410721958 0.104524050 -0.092101890 -0.018793720 0.988138344 0.121435792
114.433333333 -0.721324886 0.408623073 0.101588154 -0.093024362 -0.020282404 0.988281111 0.119312773
114.466666666 -0.725392247 0.406633610 0.098675335 -0.093902585 -0.021750948 0.988418326 0.117210980
114.500000000 -0.729576642 0.404607827 0.095542363 -0.094744761 -0.023227177 0.988562073 0.115017200
114.533333333 -0.733130532 0.402369791 0.092451885 -0.095545919 -0.024685066 0.988700136 0.112843547
114.566666666 -0.737157453 0.400262738 0.088904937 -0.096299961 -0.026140517 0.988840802 0.110620338
114.600000000 -0.740016552 0.397828959 0.085662536 -0.096997895 -0.027573605 0.988982974 0.108368732
114.633333333 -0.742570918 0.395332432 0.082423310 -0.097646963 -0.028988584 0.989123794 0.106107742
114.666666666 -0.745214450 0.392840162 0.079197235 -0.098254049 -0.030389804 0.989264257 0.103821154
114.700000000 -0.748025812 0.390398697 0.076167437 -0.098828051 -0.031772514 0.989398935 0.101554273
114.733333333 -0.750828108 0.387966955 0.073077865 -0.099355463 -0.033128243 0.989535711 0.099247613
114.766666666 -0.753458623 0.385461246 0.070028653 -0.099836119 -0.034478810 0.989672228 0.096916672
114.800000000 -0.756315709 0.383036078 0.066956080 -0.100273681 -0.035810934 0.989807534 0.094571725
114.833333333 -0.758658513 0.380469942 0.063997008 -0.100661791 -0.037115161 0.989945018 0.092187469
114.866666666 -0.760283413 0.377713769 0.061077377 -0.100998590 -0.038399193 0.990079171 0.089822167
114.900000000 -0.762838270 0.375112099 0.058751886 -0.101311675 -0.039667029 0.990211294 0.087430340
114.933333333 -0.763417556 0.372146179 0.055699716 -0.101535390 -0.040888771 0.990348109 0.085025262
114.966666666 -0.763158875 0.368938236 0.053042632 -0.101715567 -0.042084979 0.990482115 0.082631575
115.000000000 -0.763098323 0.365768059 0.050177770 -0.101850487 -0.043258251 0.990615157 0.080229752
115.033333333 -0.762694228 0.362555283 0.047443924 -0.101939513 -0.044397149 0.990747971 0.077818295
115.066666666 -0.762205628 0.359296029 0.044747808 -0.101984693 -0.045506602 0.990880893 0.075387853
115.100000000 -0.761218974 0.355863120 0.042267634 -0.101979289 -0.046588416 0.991014145 0.072943193
115.133333333 -0.760291298 0.352478570 0.039900498 -0.101936739 -0.047644033 0.991146025 0.070487624
115.166666666 -0.758564391 0.348955986 0.037564118 -0.101837623 -0.048661549 0.991278368 0.068031978
115.200000000 -0.757607684 0.345363455 0.035244768 -0.101710895 -0.049666102 0.991406100 0.065590526
115.233333333 -0.755425531 0.341613461 0.033279218 -0.101526003 -0.050613568 0.991537614 0.063118123
115.266666666 -0.752403044 0.337707467 0.031658107 -0.101288109 -0.051530348 0.991669427 0.060639014
115.300000000 -0.748812594 0.333758489 0.030034537 -0.100999760 -0.052396201 0.991802380 0.058152602
115.333333333 -0.745237708 0.329818617 0.028397808 -0.100667123 -0.053233480 0.991934678 0.055658977
115.366666666 -0.741694584 0.325773755 0.026900292 -0.100294156 -0.054042420 0.992065917 0.053157457
115.400000000 -0.737473665 0.321594493 0.025625911 -0.099873694 -0.054802538 0.992198107 0.050644288
115.433333333 -0.733089468 0.317351450 0.024401259 -0.099413313 -0.055531073 0.992329215 0.048125062
115.466666666 -0.727325059 0.313132399 0.023092314 -0.098884405 -0.056188000 0.992463673 0.045614047
115.500000000 -0.721361521 0.308806362 0.021931057 -0.098310078 -0.056810151 0.992598025 0.043091719
115.533333333 -0.715504459 0.304478501 0.020756075 -0.097700295 -0.057396630 0.992731169 0.040559888
115.566666666 -0.708770605 0.299969826 0.019749294 -0.097038478 -0.057939465 0.992865074 0.038019700
115.600000000 -0.701922028 0.295447989 0.018765697 -0.096337550 -0.058436864 0.992997981 0.035485484
115.633333333 -0.695058083 0.290776853 0.018025002 -0.095603482 -0.058908911 0.993128737 0.032939725
115.666666666 -0.687965686 0.286136298 0.017227602 -0.094824195 -0.059327670 0.993259758 0.030391651
115.700000000 -0.680806906 0.281361696 0.016588166 -0.094014436 -0.059709473 0.993388543 0.027843627
115.733333333 -0.672841986 0.276423584 0.016358036 -0.093160789 -0.060042295 0.993516439 0.025319454
115.766666666 -0.665713231 0.271676506 0.015934238 -0.092279691 -0.060344482 0.993642265 0.022760720
115.800000000 -0.657507405 0.266633162 0.016097758 -0.091358014 -0.060595503 0.993766952 0.020227275
115.833333333 -0.648603203 0.261587802 0.015965128 -0.090378886 -0.060782641 0.993893142 0.017707316
115.866666666 -0.640516217 0.256046543 0.016092604 -0.089383102 -0.060959721 0.994013405 0.015229051
115.900000000 -0.631084330 0.250838519 0.016176754 -0.088327692 -0.061053747 0.994137107 0.012730691
115.933333333 -0.621217937 0.245587465 0.016322581 -0.087235028 -0.061096255 0.994259923 0.010222703
115.966666666 -0.611171508 0.240250918 0.016403628 -0.086104080 -0.061093715 0.994381221 0.007722231
116.000000000 -0.600847563 0.234862233 0.016665961 -0.084943136 -0.061047826 0.994500138 0.005225077
116.033333333 -0.590734849 0.229393816 0.017225055 -0.083767773 -0.060969239 0.994614616 0.002734465
116.066666666 -0.580574085 0.223924115 0.018298574 -0.082569555 -0.060847305 0.994726000 0.000242546
116.100000000 -0.570634757 0.218181624 0.019023135 0.081332426 0.060689392 -0.994835071 0.002239507
116.133333333 -0.560650106 0.212444087 0.019887340 0.080071143 0.060495063 -0.994940532 0.004722070
116.166666666 -0.550173075 0.206847876 0.021537298 0.078792485 0.060242116 -0.995043031 0.007210960
116.200000000 -0.539550712 0.201183936 0.023056407 0.077473820 0.059939765 -0.995143776 0.009689992
116.233333333 -0.528419911 0.195593234 0.024742636 0.076128027 0.059580530 -0.995242036 0.012164428
116.266666666 -0.517261241 0.189846306 0.026482903 0.074747968 0.059180507 -0.995337498 0.014617559
116.300000000 -0.505100336 0.184162123 0.028011627 0.073329845 0.058709890 -0.995432151 0.017050394
116.333333333 -0.492851201 0.178436026 0.029692558 0.071883043 0.058192861 -0.995523550 0.019475149
116.366666666 -0.481317250 0.172251708 0.032439667 0.070444896 0.057670902 -0.995606767 0.021880350
116.399999999 -0.469786164 0.165559245 0.033490685 0.068948181 0.057096886 -0.995689120 0.024274884
116.433333333 -0.458659150 0.159194740 0.035814239 0.067460947 0.056494041 -0.995763879 0.026678466
116.466666666 -0.447168266 0.152746385 0.038369110 0.065949680 0.055846282 -0.995834641 0.029072329
116.500000000 -0.435688866 0.146500437 0.041209807 0.064428944 0.055149913 -0.995900235 0.031466189
116.533333333 -0.423603045 0.140218971 0.043774425 0.062867380 0.054396057 -0.995963745 0.033837555
116.566666666 -0.411220877 0.133861158 0.046093206 0.061277885 0.053587670 -0.996023050 0.036214162
116.600000000 -0.398653017 0.127754879 0.048933867 0.059674503 0.052734744 -0.996076849 0.038586412
116.633333333 -0.387461734 0.119819629 0.047044010 0.057958347 0.051849544 -0.996128257 0.040999387
116.666666666 -0.374429585 0.112800816 0.049195111 0.056283164 0.050903825 -0.996174050 0.043338996
116.700000000 -0.361938747 0.106030013 0.051715998 0.054620779 0.049936450 -0.996211677 0.045664167
116.733333333 -0.350079181 0.098754941 0.054990799 0.052966194 0.048952930 -0.996241942 0.047960256
116.766666666 -0.341412967 0.091262369 0.057148667 0.051312126 0.047982763 -0.996257067 0.050364442
116.800000000 -0.328811498 0.083303487 0.057276372 0.049533023 0.046879348 -0.996278672 0.052703082
116.833333333 -0.318133952 0.075038452 0.058247835 0.047782252 0.045779827 -0.996289255 0.055034386
116.866666666 -0.306642827 0.067232913 0.060295529 0.046034274 0.044631913 -0.996293119 0.057348571
116.899999999 -0.294336851 0.058731032 0.062084279 0.044254546 0.043435457 -0.996295083 0.059590303
116.933333333 -0.283184809 0.050716082 0.063695945 0.042482203 0.042216300 -0.996283392 0.061906782
116.966666666 -0.272024697 0.042866474 0.066053811 0.040712798 0.040959670 -0.996264779 0.064197062
117.000000000 -0.259747775 0.034914503 0.068656594 0.038921216 0.039645707 -0.996242174 0.066444624
117.033333333 -0.247707487 0.026530694 0.071359611 0.037129298 0.038316555 -0.996212926 0.068651758
117.066666666 -0.235101652 0.019042756 0.074453184 0.035335487 0.036931659 -0.996176090 0.070856577
117.100000000 -0.223369983 0.011042040 0.077559359 0.033537847 0.035536536 -0.996130022 0.073057152
117.133333333 -0.211495573 0.003492810 0.080810471 0.031743747 0.034100116 -0.996076380 0.075242015
117.166666666 -0.199327678 -0.003703918 0.083950190 0.029941287 0.032626542 -0.996014014 0.077428113
117.200000000 -0.186883340 -0.011747519 0.086546868 0.028112817 0.031128790 -0.995946073 0.079574416
117.233333333 -0.173887117 -0.020060432 0.088811338 0.026266303 0.029591148 -0.995871561 0.081696264
117.266666666 -0.161320060 -0.027772134 0.091511380 0.024433348 0.028029353 -0.995784455 0.083849183
117.300000000 -0.148804871 -0.035987924 0.092943519 0.022575570 0.026439393 -0.995689101 0.085991370
117.333333333 -0.136096678 -0.043484562 0.095579594 0.020734432 0.024818536 -0.995585051 0.088116567
117.366666666 -0.123279473 -0.051292457 0.097767846 0.018885503 0.023177773 -0.995473679 0.090212428
117.400000000 -0.108762622 -0.059066356 0.099538987 0.017006226 0.021484538 -0.995355794 0.092282431
117.433333333 -0.094227755 -0.065614678 0.100746037 0.015136372 0.019756812 -0.995221724 0.094415458
117.466666666 -0.079456084 -0.072737926 0.102119083 0.013258635 0.018014846 -0.995080970 0.096506667
117.500000000 -0.065533202 -0.080248465 0.103525681 0.011388122 0.016267718 -0.994932269 0.098566996
117.533333333 -0.050520975 -0.087764991 0.105510901 0.009517002 0.014493638 -0.994776765 0.100591001
117.566666666 -0.034843354 -0.094787640 0.108146680 0.007660936 0.012700202 -0.994615139 0.102570657
117.600000000 -0.019074945 -0.102086482 0.110234428 0.005802734 0.010897849 -0.994449434 0.104488696
117.633333333 -0.003438702 -0.109067011 0.113119056 0.003961227 0.009084932 -0.994272235 0.106416616
117.666666666 0.011559654 -0.116126961 0.116072628 0.002135027 0.007272265 -0.994088732 0.108305811
117.700000000 0.025172466 -0.123064610 0.119429553 0.000342443 0.005470070 -0.993896798 0.110177656
117.733333333 0.039340811 -0.129607072 0.123047882 -0.001452993 0.003647331 -0.993697880 0.112022808
117.766666666 0.052449145 -0.136237154 0.127154068 -0.003222244 0.001841306 -0.993490712 0.113852674
117.800000000 0.066072462 -0.143028985 0.129767954 -0.005006156 0.000016308 -0.993272509 0.115692096
117.833333333 0.079937409 -0.149769906 0.133158459 -0.006784870 -0.001822501 -0.993050071 0.117482769
117.866666666 0.092927455 -0.157116538 0.136240873 -0.008557517 -0.003645361 -0.992824558 0.119217776
117.900000000 0.109252909 -0.164804558 0.139242415 -0.010357038 -0.005499179 -0.992595907 0.120896055
117.933333333 0.122927360 -0.171319790 0.142787984 -0.012099258 -0.007329026 -0.992355355 0.122599930
117.966666666 0.138517801 -0.177856471 0.145382926 -0.013856912 -0.009185638 -0.992108549 0.124274844
118.000000000 0.156518998 -0.185807878 0.148669746 -0.015633798 -0.011038979 -0.991866946 0.125831978
118.033333333 0.170709561 -0.193071997 0.152080057 -0.017354324 -0.012850003 -0.991614966 0.127410616
118.066666666 0.185865640 -0.199510909 0.155727711 -0.019069700 -0.014675348 -0.991353253 0.128994991
118.100000000 0.199748280 -0.205946838 0.159864202 -0.020750690 -0.016471656 -0.991090139 0.130531339
118.133333333 0.214007597 -0.212762564 0.164038565 -0.022426004 -0.018262172 -0.990820710 0.132052592
118.166666666 0.229893095 -0.221277678 0.168333973 -0.024114992 -0.020035126 -0.990553689 0.133493255
118.200000000 0.242273172 -0.227965687 0.172178309 -0.025755899 -0.021782613 -0.990276612 0.134960675
118.233333333 0.255271375 -0.234402801 0.175362312 -0.027394453 -0.023537017 -0.989992581 0.136419363
118.266666666 0.268021372 -0.241301546 0.179064907 -0.029015252 -0.025260557 -0.989708036 0.137833316
118.300000000 0.280989566 -0.248371332 0.183013598 -0.030627573 -0.026971987 -0.989424395 0.139189904
118.333333333 0.298444824 -0.253878179 0.184129744 -0.032275379 -0.028747481 -0.989118625 0.140627975
118.366666666 0.312359871 -0.260244063 0.187136254 -0.033863976 -0.030438478 -0.988825617 0.141952912
118.400000000 0.325903795 -0.265980035 0.190009570 -0.035432523 -0.032117886 -0.988526844 0.143274759
118.433333333 0.338764248 -0.271585923 0.192942072 -0.036980461 -0.033770405 -0.988226277 0.144571197
118.466666666 0.351755865 -0.276899805 0.195662506 -0.038517802 -0.035408755 -0.987922812 0.145846207
118.500000000 0.363910086 -0.281788658 0.198380578 -0.040026672 -0.037019161 -0.987615029 0.147119009
118.533333333 0.374838105 -0.286125325 0.201500564 -0.041501560 -0.038595012 -0.987307552 0.148363890
118.566666666 0.380392076 -0.287411394 0.204911141 -0.042898096 -0.040122212 -0.986986352 0.149692694
118.600000000 0.389319940 -0.290253005 0.208066605 -0.044317313 -0.041640538 -0.986672472 0.150928705
118.633333333 0.398961108 -0.293528593 0.211218121 -0.045729948 -0.043129926 -0.986364633 0.152096653
118.666666666 0.409704706 -0.297249375 0.214049366 -0.047130161 -0.044588554 -0.986058268 0.153230872
118.700000000 0.418918817 -0.299973302 0.217214020 -0.048498256 -0.046019624 -0.985748575 0.154369232
118.733333333 0.429082027 -0.304654273 0.221124157 -0.049868993 -0.047390563 -0.985462123 0.155343564
118.766666666 0.434826898 -0.306493416 0.225707049 -0.051170122 -0.048730667 -0.985166850 0.156375246
118.800000000 0.442556825 -0.310027876 0.229199681 -0.052481919 -0.050031348 -0.984882946 0.157315275
118.833333333 0.449201045 -0.312339558 0.232981146 -0.053768569 -0.051310924 -0.984592935 0.158281024
118.866666666 0.455851353 -0.315869030 0.236461731 -0.055045674 -0.052531899 -0.984323989 0.159112094
118.900000000 0.462042704 -0.318607044 0.239522041 -0.056294696 -0.053734700 -0.984051802 0.159954809
118.933333333 0.469241741 -0.321625462 0.242346361 -0.057545996 -0.054904017 -0.983788180 0.160732150
118.966666666 0.475885814 -0.324349313 0.244858907 -0.058772932 -0.056033878 -0.983530888 0.161471170
119.000000000 0.481886977 -0.327582751 0.247765663 -0.059982570 -0.057109279 -0.983287859 0.162128366
119.033333333 0.504759129 -0.337899029 0.250798520 -0.061333187 -0.058216496 -0.983064211 0.162584861
119.066666666 0.514491169 -0.342575642 0.253469246 -0.062531779 -0.059218054 -0.982844157 0.163096175
119.100000000 0.523134989 -0.346853713 0.256772478 -0.063700576 -0.060182783 -0.982625951 0.163604738
119.133333333 0.531556475 -0.350909848 0.259598829 -0.064850102 -0.061105310 -0.982416762 0.164066791
119.166666666 0.538556187 -0.354029343 0.261864859 -0.065968162 -0.061983210 -0.982212723 0.164512765
119.200000000 0.546491445 -0.357685890 0.265248840 -0.067073363 -0.062816983 -0.982019616 0.164901987
119.233333333 0.554861021 -0.362290193 0.267895243 -0.068170191 -0.063599666 -0.981835454 0.165248447
119.266666666 0.562398906 -0.366240736 0.270306938 -0.069240300 -0.064345959 -0.981660612 0.165553076
119.300000000 0.570502068 -0.370567997 0.272835059 -0.070296695 -0.065043908 -0.981495453 0.165814172
119.333333333 0.578387762 -0.375293796 0.275235186 -0.071335306 -0.065686759 -0.981339338 0.166041041
119.366666666 0.586122996 -0.379993950 0.276560873 -0.072353626 -0.066283645 -0.981193873 0.166222783
119.400000000 0.592179730 -0.384508148 0.278060845 -0.073340159 -0.066818786 -0.981061100 0.166359819
119.433333333 0.598048706 -0.388667426 0.279473301 -0.074300196 -0.067310468 -0.980937931 0.166461881
119.466666666 0.603453118 -0.392620789 0.280867640 -0.075234224 -0.067751489 -0.980824576 0.166531373
119.500000000 0.608233429 -0.396324398 0.282393208 -0.076144095 -0.068141565 -0.980726538 0.166536068
119.533333333 0.612496740 -0.399698777 0.283793253 -0.077023938 -0.068482762 -0.980641102 0.166494606
119.566666666 0.616068359 -0.402548234 0.284838060 -0.077875771 -0.068777787 -0.980564815 0.166426031
119.600000000 0.619060375 -0.405577853 0.286052222 -0.078699419 -0.069013527 -0.980502947 0.166305456
119.633333333 0.622177006 -0.409004188 0.287340290 -0.079505728 -0.069199807 -0.980455544 0.166123904
119.666666666 0.625129736 -0.412056990 0.288491876 -0.080288522 -0.069336341 -0.980420426 0.165897596
119.700000000 0.628091648 -0.415190990 0.289453687 -0.081045481 -0.069422623 -0.980398994 0.165619871
119.733333333 0.630858591 -0.418130587 0.290448072 -0.081776212 -0.069466624 -0.980387487 0.165310054
119.766666666 0.634065733 -0.421766439 0.291547328 -0.082491489 -0.069449959 -0.980394095 0.164922031
119.800000000 0.635912285 -0.424952736 0.293041058 -0.083165762 -0.069372569 -0.980411297 0.164513198
119.833333333 0.641356703 -0.428870385 0.294928030 -0.083837447 -0.069276232 -0.980431167 0.164093918
119.866666666 0.643922035 -0.432322909 0.296207755 -0.084461181 -0.069110014 -0.980470777 0.163606758
119.900000000 0.645187756 -0.435174432 0.297483567 -0.085051279 -0.068889089 -0.980524399 0.163071999
119.933333333 0.644757414 -0.437872613 0.298111905 -0.085607488 -0.068604342 -0.980588953 0.162511870
119.966666666 0.647083491 -0.441689342 0.298767892 -0.086164941 -0.068282403 -0.980668837 0.161869540
120.000000000 0.647479023 -0.444584902 0.299366166 -0.086670711 -0.067907016 -0.980756241 0.161226616
120.033333333 0.647037602 -0.447546817 0.299762597 -0.087149372 -0.067475443 -0.980858979 0.160523251
120.066666666 0.646988581 -0.450710414 0.300219572 -0.087601408 -0.066996029 -0.980974529 0.159770147
120.100000000 0.646716801 -0.453546401 0.300441856 -0.088026461 -0.066471455 -0.981099418 0.158986853
120.133333333 0.644797646 -0.455969758 0.300774292 -0.088407684 -0.065889142 -0.981234916 0.158179461
120.166666666 0.643269756 -0.458523842 0.300927665 -0.088769915 -0.065268056 -0.981380754 0.157327043
120.200000000 0.641496826 -0.461051769 0.301125658 -0.089094391 -0.064592612 -0.981536824 0.156446308
120.233333333 0.639325063 -0.463042272 0.301128820 -0.089382385 -0.063874305 -0.981700687 0.155546212
120.266666666 0.636323303 -0.465148109 0.300815636 -0.089639409 -0.063101591 -0.981879923 0.154579374
120.300000000 0.634248039 -0.467444488 0.300662988 -0.089877930 -0.062296340 -0.982067177 0.153574685
120.333333333 0.631921791 -0.469579974 0.300103208 -0.090081786 -0.061445751 -0.982266198 0.152521502
120.366666666 0.631074024 -0.472181529 0.299441596 -0.090263002 -0.060565832 -0.982468731 0.151458121
120.400000000 0.628093263 -0.473932135 0.298740524 -0.090397597 -0.059629761 -0.982683315 0.150353144
120.433333333 0.624428074 -0.475251719 0.297898368 -0.090496252 -0.058650613 -0.982905571 0.149221887
120.466666666 0.620447501 -0.476843610 0.296879911 -0.090559272 -0.057618693 -0.983140483 0.148033423
120.500000000 0.616463453 -0.478464756 0.295726631 -0.090592414 -0.056546174 -0.983384335 0.146801888
120.533333333 0.614436143 -0.480185012 0.295121717 -0.090608354 -0.055448883 -0.983628351 0.145570654
120.566666666 0.609164178 -0.481570682 0.293754195 -0.090571487 -0.054290337 -0.983890825 0.144250510
120.600000000 0.604953263 -0.483420946 0.292207851 -0.090510882 -0.053096868 -0.984165072 0.142855222
120.633333333 0.598592943 -0.484789131 0.290719079 -0.090399449 -0.051848973 -0.984448142 0.141426587
120.666666666 0.591065810 -0.485852036 0.289257096 -0.090242371 -0.050558616 -0.984740147 0.139953502
120.700000000 0.583451085 -0.486888715 0.287683744 -0.090055026 -0.049236303 -0.985037227 0.138446886
120.733333333 0.577348312 -0.488022670 0.286123275 -0.089841000 -0.047893338 -0.985337596 0.136911080
120.766666666 0.569280422 -0.488911553 0.284253739 -0.089584391 -0.046495890 -0.985645923 0.135332492
120.800000000 0.560955952 -0.489590910 0.282314172 -0.089287377 -0.045072446 -0.985959236 0.133718453
120.833333333 0.552872334 -0.490381844 0.280380414 -0.088959422 -0.043618620 -0.986275276 0.132078449
120.866666666 0.546568854 -0.491211493 0.278743226 -0.088601111 -0.042145450 -0.986590447 0.130433486
120.900000000 0.538480066 -0.491652921 0.276714019 -0.088202414 -0.040630329 -0.986913329 0.128730694
120.933333333 0.529506313 -0.491883681 0.274591715 -0.087759060 -0.039086984 -0.987240874 0.126988236
120.966666666 0.521190936 -0.492143789 0.272378757 -0.087282792 -0.037523228 -0.987568399 0.125229309
121.000000000 0.510896892 -0.491924683 0.269962546 -0.086755272 -0.035917462 -0.987902245 0.123420472
121.033333333 0.500808279 -0.492158638 0.267605658 -0.086201780 -0.034284037 -0.988236825 0.121580575
121.066666666 0.490312416 -0.492231827 0.265149149 -0.085611095 -0.032629473 -0.988572843 0.119707110
121.100000000 0.481404798 -0.491308810 0.262478382 -0.084985141 -0.030978050 -0.988899445 0.117880333
121.133333333 0.479680614 -0.488734807 0.260624594 -0.084360972 -0.029389000 -0.989196935 0.116227953
121.166666666 0.470719577 -0.487690132 0.257926183 -0.083659029 -0.027688280 -0.989525965 0.114336746
121.200000000 0.461417386 -0.486935685 0.255012289 -0.082918298 -0.025964911 -0.989856739 0.112401134
121.233333333 0.453880597 -0.486437885 0.252314340 -0.082158268 -0.024241548 -0.990184243 0.110442435
121.266666666 0.443617166 -0.485502213 0.249216302 -0.081342088 -0.022480585 -0.990515018 0.108434714
121.300000000 0.432739186 -0.483689130 0.245959370 -0.080484293 -0.020713230 -0.990843802 0.106403946
121.333333333 0.421133603 -0.482236126 0.242802802 -0.079585806 -0.018919817 -0.991172506 0.104332177
121.366666666 0.409359081 -0.480990173 0.239495404 -0.078653533 -0.017111895 -0.991498302 0.102234641
121.400000000 0.396709843 -0.478802282 0.235870284 -0.077676119 -0.015297023 -0.991821974 0.100107913
121.433333333 0.386695622 -0.476979617 0.231956378 -0.076679603 -0.013488067 -0.992140311 0.097958733
121.466666666 0.379403084 -0.476891387 0.227325932 -0.075655068 -0.011673227 -0.992459496 0.095729800
121.500000000 0.368153619 -0.474442049 0.222949373 -0.074569918 -0.009846266 -0.992769702 0.093545156
121.533333333 0.357778862 -0.472501366 0.218601304 -0.073457165 -0.008018282 -0.993077751 0.091303522
121.566666666 0.345268689 -0.470699262 0.214483607 -0.072298190 -0.006172943 -0.993380001 0.089056383
121.600000000 0.333461419 -0.469815252 0.211242269 -0.071115366 -0.004326813 -0.993672958 0.086821284
121.633333333 0.320361883 -0.468081117 0.207439028 -0.069882038 -0.002475398 -0.993962388 0.084552613
121.666666666 0.306357715 -0.466674637 0.203980569 -0.068608554 -0.000615071 -0.994246997 0.082252027
121.700000000 0.291498865 -0.464682405 0.200331509 -0.067299984 0.001237059 -0.994524258 0.079941746
121.733333333 0.276899026 -0.462483261 0.196785534 -0.065964695 0.003082346 -0.994793139 0.077625825
121.766666666 0.262357262 -0.460406905 0.193157511 -0.064588168 0.004923596 -0.995055933 0.075284905
121.800000000 0.247843481 -0.458175769 0.189538713 -0.063177033 0.006755563 -0.995311278 0.072927936
121.833333333 0.232739433 -0.456108866 0.186054636 -0.061731296 0.008583546 -0.995559536 0.070546302
121.866666666 0.227759226 -0.453573385 0.185156801 -0.060314628 0.010322281 -0.995781187 0.068377069
121.900000000 0.213195952 -0.450555430 0.181553933 -0.058794675 0.012131448 -0.996014170 0.065968080
121.933333333 0.198847676 -0.446391069 0.177907615 -0.057255661 0.013901475 -0.996235336 0.063590043
121.966666666 0.183621364 -0.442998176 0.174052819 -0.055684281 0.015669519 -0.996449360 0.061175164
122.000000000 0.168474388 -0.439527373 0.170376928 -0.054080576 0.017417358 -0.996654962 0.058743630
122.033333333 0.152908292 -0.435425629 0.166478739 -0.052445205 0.019146357 -0.996849975 0.056329789
122.066666666 0.137479994 -0.430865094 0.162712350 -0.050779844 0.020847864 -0.997035421 0.053917929
122.100000000 0.121632433 -0.425632264 0.158004135 -0.049079368 0.022528207 -0.997213030 0.051476880
122.133333333 0.105651386 -0.420532592 0.153701786 -0.047351955 0.024187133 -0.997380504 0.049039839
122.166666666 0.089197258 -0.415496920 0.149454968 -0.045596339 0.025828347 -0.997538450 0.046593029
122.200000000 0.072711230 -0.410143869 0.145198218 -0.043808601 0.027445124 -0.997687532 0.044126630
122.233333333 0.055775993 -0.404509573 0.140945058 -0.042000015 0.029032979 -0.997826407 0.041659888
122.266666666 0.038019048 -0.399097448 0.136709724 -0.040159360 0.030598313 -0.997956387 0.039166550
122.300000000 0.020355750 -0.393987423 0.132777611 -0.038296310 0.032136646 -0.998075996 0.036673353
122.333333333 0.002755871 -0.388825267 0.128750638 -0.036417915 0.033651171 -0.998185918 0.034149788
122.366666666 -0.014158995 -0.382639983 0.123590240 -0.034510482 0.035122387 -0.998285096 0.031659297
122.400000000 -0.026073621 -0.375974300 0.117783386 -0.032600443 0.036531815 -0.998372775 0.029230811
122.433333333 -0.043812733 -0.370575631 0.113849537 -0.030641230 0.037955405 -0.998452619 0.026699612
122.466666666 -0.062029975 -0.363963863 0.109954139 -0.028669158 0.039325624 -0.998521879 0.024199839
