# timestamp tx ty tz qx qy qz qw
102.466666666 -0.221160513 -0.097495447 0.053946039 0.026944558 -0.019752203 -0.998798462 0.035853494
102.500000000 -0.235695996 -0.089106960 0.055691305 0.023536331 -0.026913745 -0.998508602 0.041258489
102.533333333 -0.251339544 -0.079633444 0.062027845 0.028658572 -0.027934876 -0.998324725 0.041786038
102.566666666 -0.262267407 -0.082391509 0.064665111 0.030055760 -0.028751694 -0.998181380 0.043633980
102.600000000 -0.276725700 -0.085956408 0.068139483 0.031914891 -0.029818495 -0.997982033 0.046088592
102.633333333 -0.291012888 -0.089385711 0.071555122 0.033763285 -0.030856012 -0.997773963 0.048529025
102.666666666 -0.301080035 -0.102424169 0.078402614 0.036624972 -0.031646027 -0.997504573 0.051398124
102.700000000 -0.314972598 -0.104256616 0.082775070 0.038580338 -0.033005412 -0.997247792 0.054028152
102.733333333 -0.328383037 -0.107739583 0.086257667 0.040489449 -0.034014526 -0.997005942 0.056416022
102.766666666 -0.351139119 -0.136813764 0.082764420 0.043292520 -0.034044772 -0.996889207 0.056379257
102.800000000 -0.363377039 -0.142866587 0.086130863 0.045069585 -0.035039244 -0.996647981 0.058598512
102.833333333 -0.376835533 -0.147740365 0.089029007 0.046929782 -0.036091002 -0.996389738 0.060848376
102.866666666 -0.390155515 -0.152531411 0.091863520 0.048779730 -0.037112441 -0.996124093 0.063087205
102.900000000 -0.377581819 -0.172632381 0.097078938 0.048470453 -0.036611142 -0.995851906 0.067743792
102.933333333 -0.386238446 -0.162925535 0.104294630 0.051388006 -0.036695354 -0.995418771 0.071792710
102.966666666 -0.401381266 -0.168695645 0.107431933 0.053604603 -0.037387788 -0.995094450 0.074268004
103.000000000 -0.414232781 -0.174419256 0.111659868 0.055692229 -0.038289427 -0.994771443 0.076564170
103.033333333 -0.428296102 -0.182998685 0.115211277 0.057790021 -0.039075556 -0.994440785 0.078872935
103.066666666 -0.441930655 -0.187002724 0.117394873 0.059467203 -0.039726618 -0.994106393 0.081473474
103.100000000 -0.456961064 -0.184530780 0.120878141 0.060898898 -0.040081276 -0.993805921 0.083872560
103.133333333 -0.469396567 -0.191675389 0.122924023 0.062561652 -0.040650593 -0.993485686 0.086138037
103.166666666 -0.478689902 -0.201180045 0.124837343 0.064495337 -0.041339044 -0.993135058 0.088397918
103.200000000 -0.490119932 -0.221560297 0.126488344 0.066389681 -0.042080867 -0.992860183 0.089723285
103.233333333 -0.500122547 -0.230492578 0.128612742 0.068211113 -0.042671053 -0.992509209 0.091934187
103.266666666 -0.512086107 -0.234311037 0.129657657 0.069861886 -0.043111555 -0.992162560 0.094202787
103.300000000 -0.521430622 -0.240456070 0.131665699 0.071649714 -0.043618215 -0.991813893 0.096275502
103.333333333 -0.527890175 -0.245649021 0.133640693 0.073340044 -0.043960831 -0.991472253 0.098343550
103.366666666 -0.534087116 -0.249431955 0.135151765 0.075071107 -0.044257970 -0.991130807 0.100325893
103.400000000 -0.542514006 -0.254840016 0.137076344 0.076750839 -0.044373810 -0.990783307 0.102414415
103.433333333 -0.549238110 -0.257271975 0.138387388 0.078363941 -0.044572704 -0.990448922 0.104323058
103.466666666 -0.557124396 -0.262170598 0.139940885 0.080089014 -0.044837384 -0.990107204 0.106127678
103.500000000 -0.564102957 -0.265983789 0.141249686 0.081673551 -0.044939092 -0.989773823 0.107970774
103.533333333 -0.572399147 -0.268655444 0.142440356 0.083187832 -0.045001612 -0.989437740 0.109852621
103.566666666 -0.581255033 -0.272062706 0.143448598 0.084842002 -0.045142749 -0.989121285 0.111368983
103.600000000 -0.589907195 -0.275273149 0.144562235 0.086272444 -0.045161836 -0.988799243 0.113108489
103.633333333 -0.597519702 -0.280541373 0.145635967 0.087701180 -0.045277432 -0.988465674 0.114865433
103.666666666 -0.606154289 -0.283935301 0.146374532 0.089038483 -0.045122404 -0.988174289 0.116394550
103.700000000 -0.611636914 -0.285862084 0.146331124 0.090251902 -0.045087379 -0.987867411 0.118066511
103.733333333 -0.616445529 -0.288173740 0.146052387 0.091872220 -0.045162152 -0.987520853 0.119676399
103.766666666 -0.622444950 -0.290718696 0.146085505 0.093206267 -0.045045601 -0.987210187 0.121241628
103.800000000 -0.629006316 -0.294588689 0.145886823 0.094555012 -0.044892598 -0.986910116 0.122688338
103.833333333 -0.635621367 -0.298529486 0.145547360 0.095734013 -0.044779130 -0.986616897 0.124164916
103.866666666 -0.641202431 -0.301269481 0.145299496 0.096884224 -0.044518627 -0.986330800 0.125630778
103.900000000 -0.646907923 -0.304538675 0.145000943 0.097977131 -0.044242157 -0.986038498 0.127166012
103.933333333 -0.652260435 -0.308909445 0.144432599 0.099092310 -0.044052337 -0.985740907 0.128666119
103.966666666 -0.657205935 -0.312484263 0.143804235 0.100126288 -0.043829611 -0.985431880 0.130298509
104.000000000 -0.661032317 -0.318438901 0.143548432 0.101509825 -0.043634578 -0.985102265 0.131777488
104.033333333 -0.664806505 -0.320999882 0.143289331 0.102519521 -0.043216015 -0.984813584 0.133282888
104.066666666 -0.669880795 -0.325678802 0.142580211 0.103469750 -0.042950141 -0.984518368 0.134806820
104.099999999 -0.675119915 -0.329497987 0.141859273 0.104300829 -0.042579703 -0.984253832 0.136208299
104.133333333 -0.680340781 -0.333281799 0.141187415 0.104980712 -0.042105707 -0.984010260 0.137586217
104.166666666 -0.685086772 -0.336613838 0.140090047 0.105664340 -0.041631020 -0.983769803 0.138920407
104.200000000 -0.688886037 -0.339889664 0.138716554 0.106323982 -0.041266744 -0.983529509 0.140221151
104.233333333 -0.693052264 -0.344506701 0.137930133 0.106895563 -0.040716609 -0.983292756 0.141601034
104.266666666 -0.697966825 -0.348575812 0.136687069 0.107434671 -0.040122795 -0.983063834 0.142945621
104.300000000 -0.702549920 -0.353532558 0.135599288 0.107689777 -0.039591236 -0.982862010 0.144283455
104.333333333 -0.707168571 -0.358616782 0.134236889 0.107941043 -0.039065638 -0.982672083 0.145527263
104.366666666 -0.711798741 -0.364444794 0.132819537 0.107958039 -0.038547964 -0.982503906 0.146782800
104.400000000 -0.714741899 -0.368750675 0.131372709 0.108206276 -0.037920816 -0.982321672 0.147978198
104.433333333 -0.716646976 -0.372798541 0.130253026 0.108479883 -0.037365336 -0.982138318 0.149131721
104.466666666 -0.718684743 -0.377438246 0.129141042 0.108494599 -0.036718046 -0.981986425 0.150277634
104.500000000 -0.720642457 -0.381656893 0.127866709 0.108587720 -0.036061009 -0.981830468 0.151384422
104.533333333 -0.722545110 -0.385993959 0.126528074 0.108616338 -0.035355348 -0.981674008 0.152540595
104.566666666 -0.722792633 -0.388553516 0.125336089 0.108703607 -0.034661519 -0.981498891 0.153759657
104.600000000 -0.723120234 -0.390997443 0.123702238 0.108730761 -0.033828665 -0.981352878 0.154854033
104.633333333 -0.723618729 -0.393532337 0.122026971 0.108591150 -0.032967317 -0.981226045 0.155937703
104.666666666 -0.723571874 -0.396833219 0.120592579 0.108504744 -0.032164925 -0.981092115 0.157004461
104.700000000 -0.722740816 -0.399138058 0.118946850 0.108393736 -0.031299399 -0.980968600 0.158024530
104.733333333 -0.721945417 -0.401696553 0.117361934 0.108206076 -0.030455222 -0.980852482 0.159035634
104.766666666 -0.720587465 -0.403619769 0.115550368 0.107972526 -0.029545253 -0.980759683 0.159935786
104.800000000 -0.719146022 -0.405427643 0.113646481 0.107791395 -0.028587960 -0.980658472 0.160849946
104.833333333 -0.717160863 -0.407483532 0.111743111 0.107407051 -0.027580487 -0.980586461 0.161719619
104.866666666 -0.714879822 -0.409238051 0.109783201 0.106995441 -0.026572888 -0.980514513 0.162595039
104.900000000 -0.712376157 -0.411087656 0.107800435 0.106482280 -0.025564881 -0.980460712 0.163415889
104.933333333 -0.709201795 -0.412999155 0.106094753 0.105913694 -0.024543385 -0.980414479 0.164217420
104.966666666 -0.705592250 -0.414435786 0.104296385 0.105283193 -0.023461979 -0.980368046 0.165055987
105.000000000 -0.702396712 -0.415825730 0.102156146 0.104685759 -0.022366402 -0.980332191 0.165799371
105.033333333 -0.698972612 -0.416843057 0.100070747 0.104106667 -0.021191282 -0.980293739 0.166544041
105.066666666 -0.695114275 -0.418153060 0.097999349 0.103389912 -0.020007452 -0.980265662 0.167300505
105.100000000 -0.691122848 -0.419455679 0.095457715 0.102562371 -0.018746276 -0.980259588 0.167990109
105.133333333 -0.686740987 -0.419961274 0.092706065 0.101772826 -0.017482661 -0.980265143 0.168573121
105.166666666 -0.681882251 -0.420399650 0.090002847 0.100962748 -0.016240574 -0.980287236 0.169055322
105.200000000 -0.677258174 -0.421306632 0.087388827 0.100078047 -0.015027243 -0.980319910 0.169503512
105.233333333 -0.672070914 -0.422490417 0.084716038 0.099098331 -0.013810726 -0.980364541 0.169923957
105.266666666 -0.666672538 -0.423124042 0.081925731 0.098126073 -0.012520644 -0.980405208 0.170352973
105.300000000 -0.660966484 -0.423758317 0.079025380 0.097109599 -0.011216489 -0.980455697 0.170735301
105.333333333 -0.654848882 -0.424010724 0.076165772 0.096074482 -0.009893712 -0.980503597 0.171127159
105.366666666 -0.648672718 -0.424412421 0.073396928 0.095031781 -0.008614669 -0.980556818 0.171473247
105.400000000 -0.642245373 -0.424639834 0.070447467 0.093883899 -0.007263381 -0.980626340 0.171770306
105.433333333 -0.635310818 -0.425311704 0.067493977 0.092657964 -0.005943110 -0.980702176 0.172053546
105.466666666 -0.628692294 -0.425707722 0.064594646 0.091450122 -0.004641999 -0.980779457 0.172299112
105.500000000 -0.621636824 -0.425785288 0.061704296 0.090238283 -0.003315182 -0.980857052 0.172526823
105.533333333 -0.614586026 -0.425420829 0.058962934 0.088999635 -0.001952844 -0.980934114 0.172752756
105.566666666 -0.606754627 -0.425496776 0.055828664 0.087650323 -0.000578146 -0.981040815 0.172846769
105.600000000 -0.599248431 -0.425075369 0.052818256 0.086330756 0.000774802 -0.981137168 0.172963171
105.633333333 -0.591176369 -0.424502403 0.049827966 0.084975748 0.002150411 -0.981241264 0.173032021
105.666666666 -0.583120121 -0.423959798 0.046804102 0.083580190 0.003516471 -0.981351982 0.173061476
105.700000000 -0.574522222 -0.423156753 0.043860524 0.082205044 0.004852791 -0.981471048 0.173012611
105.733333333 -0.566565803 -0.422378138 0.040890900 0.080741711 0.006137469 -0.981594791 0.172958880
105.766666666 -0.558179356 -0.421728230 0.037910222 0.079218418 0.007392543 -0.981722828 0.172887480
105.800000000 -0.549448692 -0.420828316 0.034781899 0.077653549 0.008709959 -0.981866348 0.172720981
105.833333333 -0.540266545 -0.419766465 0.031641918 0.076055272 0.010021067 -0.982013662 0.172523454
105.866666666 -0.530611445 -0.418549288 0.028716600 0.074470132 0.011219883 -0.982172958 0.172234124
105.900000000 -0.520892886 -0.417370753 0.025742424 0.072834146 0.012410580 -0.982334733 0.171929165
105.933333333 -0.511341174 -0.415778259 0.022851163 0.071205612 0.013573403 -0.982491545 0.171627176
105.966666666 -0.500685681 -0.414256539 0.019817507 0.069528115 0.014864974 -0.982662544 0.171228500
106.000000000 -0.489630430 -0.412580198 0.016966051 0.067872524 0.016079280 -0.982841658 0.170754361
106.033333333 -0.478074382 -0.411225408 0.013807924 0.066135876 0.017378979 -0.983033291 0.170204480
106.066666666 -0.466872267 -0.409585904 0.010890197 0.064437391 0.018601461 -0.983214449 0.169679565
106.100000000 -0.454575472 -0.408058015 0.007915996 0.062692280 0.019829381 -0.983412986 0.169042516
106.133333333 -0.443141627 -0.406295401 0.004995912 0.060946772 0.021104960 -0.983601115 0.168430753
106.166666666 -0.431321539 -0.404461889 0.002150868 0.059163955 0.022378952 -0.983796621 0.167758807
106.200000000 -0.418915632 -0.402674808 -0.000780697 0.057346056 0.023613516 -0.983994027 0.167061625
106.233333333 -0.406658705 -0.400777532 -0.003614548 0.055576101 0.024825051 -0.984190734 0.166323820
106.266666666 -0.394362767 -0.399028123 -0.006587804 0.053753582 0.026106303 -0.984388078 0.165557018
106.300000000 -0.382058680 -0.397089839 -0.009503565 0.051920192 0.027405084 -0.984585865 0.164754149
106.333333333 -0.369639534 -0.395119353 -0.012389300 0.050052608 0.028681208 -0.984782685 0.163936537
106.366666666 -0.357855852 -0.392688728 -0.014929013 0.048197294 0.029893380 -0.984980370 0.163086105
106.400000000 -0.345743801 -0.390517297 -0.017687522 0.046302559 0.031124126 -0.985181433 0.162187874
106.433333333 -0.333739449 -0.388188397 -0.020193864 0.044368099 0.032481577 -0.985388319 0.161202602
106.466666666 -0.321764279 -0.385591679 -0.022639699 0.042502066 0.033741697 -0.985587398 0.160226567
106.500000000 -0.309421064 -0.383014353 -0.025086568 0.040605594 0.034938528 -0.985788738 0.159220131
106.533333333 -0.295838415 -0.380910565 -0.027788932 0.038673473 0.036069282 -0.986005806 0.158100981
106.566666666 -0.283380903 -0.378571621 -0.030405007 0.036785780 0.037068490 -0.986220591 0.156976685
106.600000000 -0.270477679 -0.376453569 -0.033146756 0.034851065 0.038123665 -0.986438375 0.155792561
106.633333333 -0.257476646 -0.374442537 -0.035859221 0.032926549 0.039196498 -0.986655014 0.154568304
106.666666666 -0.244534624 -0.372047519 -0.038402783 0.031003283 0.040161662 -0.986875043 0.153308467
106.700000000 -0.231615345 -0.369614873 -0.040855844 0.029073468 0.041132693 -0.987093912 0.152014616
106.733333333 -0.216703925 -0.368622590 -0.044483491 0.027159189 0.041544743 -0.987347658 0.150602171
106.766666666 -0.203511080 -0.366136195 -0.046996040 0.025260249 0.042430708 -0.987566613 0.149243896
106.800000000 -0.190453470 -0.363516314 -0.049347951 0.023304365 0.043247732 -0.987792060 0.147828908
106.833333333 -0.176817309 -0.361327405 -0.051849466 0.021310109 0.044111600 -0.988021572 0.146333247
106.866666666 -0.163538780 -0.358801566 -0.054240364 0.019367593 0.044904089 -0.988248420 0.144822581
106.900000000 -0.149858918 -0.356262598 -0.056614894 0.017407263 0.045698812 -0.988475180 0.143266970
106.933333333 -0.136384636 -0.353604493 -0.058779455 0.015434953 0.046498069 -0.988698719 0.141684631
106.966666666 -0.123055158 -0.351018403 -0.061080408 0.013466809 0.047218321 -0.988927114 0.140043703
107.000000000 -0.110183804 -0.348130461 -0.063080024 0.011455270 0.047976918 -0.989151224 0.138372138
107.033333333 -0.097539908 -0.345295873 -0.065140919 0.009389643 0.048662605 -0.989379327 0.136646747
107.066666666 -0.084684286 -0.342538099 -0.067195643 0.007302449 0.049325278 -0.989603571 0.134901679
107.100000000 -0.071508824 -0.339723645 -0.069244229 0.005301211 0.049986782 -0.989825616 0.133110741
107.133333333 -0.057803382 -0.337285921 -0.071456907 0.003231078 0.050650235 -0.990049922 0.131245059
107.166666666 -0.041460704 -0.334374772 -0.074377883 0.001502543 0.051259593 -0.990283403 0.129263215
107.200000000 -0.028332155 -0.331417195 -0.076454213 -0.000456434 0.051796661 -0.990500174 0.127382507
107.233333333 -0.015148562 -0.328361423 -0.078182130 -0.002416843 0.052378189 -0.990711859 0.125461935
107.266666666 -0.002875003 -0.323973485 -0.080463290 -0.004129715 0.052601782 -0.990930932 0.123579476
107.300000000 0.009474818 -0.320449406 -0.082191562 -0.006082949 0.053045106 -0.991143772 0.121586334
107.333333333 0.022001141 -0.317437921 -0.084110446 -0.008093927 0.053495076 -0.991357333 0.119513193
107.366666666 0.034733600 -0.314296086 -0.085827156 -0.010087177 0.053954741 -0.991561336 0.117444673
107.400000000 0.048109550 -0.310816081 -0.087824007 -0.012007084 0.054316969 -0.991768874 0.115325619
107.433333333 0.060855550 -0.307658952 -0.089565963 -0.014030914 0.054668041 -0.991969579 0.113185214
107.466666666 0.072382181 -0.304326646 -0.090587000 -0.016086551 0.055046321 -0.992156449 0.111070725
107.500000000 0.084947635 -0.301030906 -0.091764589 -0.018057461 0.055460401 -0.992342108 0.108881647
107.533333333 0.095881476 -0.297374998 -0.092431815 -0.020002612 0.055745572 -0.992517388 0.106778094
107.566666666 0.104788447 -0.292910843 -0.092531737 -0.021767525 0.055948323 -0.992686665 0.104733685
107.600000000 0.116383658 -0.289494283 -0.093230039 -0.023732005 0.056211711 -0.992860659 0.102492667
107.633333333 0.128215919 -0.285863976 -0.094588097 -0.025670785 0.056295451 -0.993040827 0.100208532
107.666666666 0.140367116 -0.282229780 -0.095863394 -0.027576955 0.056388339 -0.993214555 0.097901553
107.700000000 0.151881725 -0.278628241 -0.096593168 -0.029459031 0.056506324 -0.993379469 0.095584682
107.733333333 0.165303878 -0.275199855 -0.098290561 -0.031392062 0.056528126 -0.993552390 0.093127645
107.766666666 0.176016473 -0.271325511 -0.098823784 -0.033216009 0.056524343 -0.993709728 0.090789165
107.800000000 0.187680726 -0.267288102 -0.099628305 -0.035019094 0.056522541 -0.993866341 0.088366063
107.833333333 0.198518958 -0.263238725 -0.099918690 -0.036750624 0.056516229 -0.994015317 0.085958462
107.866666666 0.208902215 -0.259096679 -0.100208961 -0.038456546 0.056445448 -0.994160279 0.083548458
107.900000000 0.219922548 -0.254685308 -0.100503297 -0.040067514 0.056392713 -0.994302159 0.081102855
107.933333333 0.230955343 -0.250277840 -0.100754526 -0.041620518 0.056361331 -0.994436887 0.078653743
107.966666666 0.241611031 -0.246086896 -0.100884308 -0.043259575 0.056254793 -0.994565500 0.076180533
108.000000000 0.252431616 -0.241684501 -0.101151157 -0.044843701 0.056083423 -0.994692482 0.073692326
108.033333333 0.262780255 -0.237558667 -0.100952119 -0.046474612 0.055914987 -0.994808541 0.071201064
108.066666666 0.273603746 -0.233214986 -0.101017910 -0.048037129 0.055722280 -0.994922091 0.068684026
108.100000000 0.294185637 -0.228446475 -0.103268471 -0.049765525 0.055736177 -0.995019322 0.065980455
108.133333333 0.305777201 -0.224152092 -0.103255159 -0.051353630 0.055517881 -0.995115705 0.063445282
108.166666666 0.316203592 -0.220051759 -0.102489773 -0.052998251 0.055263404 -0.995201025 0.060926696
108.199999999 0.323997333 -0.215996204 -0.100940879 -0.054569122 0.054977387 -0.995280900 0.058443379
108.233333333 0.332316753 -0.211707972 -0.099534827 -0.055979500 0.054748559 -0.995359816 0.055926096
108.266666666 0.341365371 -0.207201602 -0.098554227 -0.057401196 0.054378156 -0.995436971 0.053416810
108.300000000 0.350014785 -0.202676355 -0.097660855 -0.058742588 0.054043495 -0.995510834 0.050860479
108.333333333 0.359722257 -0.197974157 -0.097070075 -0.060084105 0.053700731 -0.995579168 0.048251962
108.366666666 0.367510829 -0.193687185 -0.095631593 -0.061443092 0.053261871 -0.995639318 0.045719449
108.400000000 0.375813416 -0.189124803 -0.094550106 -0.062745501 0.052808648 -0.995697309 0.043140662
108.433333333 0.383755192 -0.184722152 -0.093128383 -0.064029731 0.052359974 -0.995746471 0.040590554
108.466666666 0.392986478 -0.179977573 -0.092238379 -0.065245760 0.051937176 -0.995792314 0.037989315
108.500000000 0.400868029 -0.175601929 -0.090659551 -0.066590702 0.051333438 -0.995830004 0.035399991
108.533333333 0.409026512 -0.171105771 -0.089207903 -0.067855084 0.050781043 -0.995862476 0.032785710
108.566666666 0.417217264 -0.166562688 -0.087583471 -0.069155534 0.050174588 -0.995886948 0.030153108
108.600000000 0.425006085 -0.162118602 -0.085700295 -0.070436669 0.049545107 -0.995904593 0.027531797
108.633333333 0.432155744 -0.157787356 -0.083336887 -0.071741563 0.048858428 -0.995914189 0.024918485
108.666666666 0.438928361 -0.153400876 -0.080929678 -0.072993239 0.048136808 -0.995919731 0.022332146
108.700000000 0.446216704 -0.149000637 -0.078283003 -0.074247043 0.047440141 -0.995915288 0.019737011
108.733333333 0.454174027 -0.143983783 -0.076373593 -0.075468545 0.046650827 -0.995909734 0.017088011
108.766666666 0.460406400 -0.139521569 -0.073480420 -0.076626985 0.045962306 -0.995894300 0.014502201
108.800000000 0.465420014 -0.135353516 -0.070755441 -0.077680629 0.045205273 -0.995881455 0.011930219
108.833333333 0.470323314 -0.131328314 -0.067826966 -0.078677378 0.044515300 -0.995861578 0.009379527
108.866666666 0.475303174 -0.127296569 -0.065035204 -0.079606093 0.043859085 -0.995837616 0.006833305
108.900000000 0.479253831 -0.123258628 -0.062440455 -0.080510323 0.043059034 -0.995814088 0.004279080
108.933333333 0.483487935 -0.119073069 -0.060236478 -0.081360899 0.042241640 -0.995787681 0.001715027
108.966666666 0.486930475 -0.115044366 -0.057946221 0.082176716 -0.041387341 0.995757707 0.000815576
109.000000000 0.491080198 -0.110690514 -0.056104983 0.082945611 -0.040555851 0.995722865 0.003350385
109.033333333 0.494724582 -0.106508279 -0.054218449 0.083688872 -0.039681555 0.995684084 0.005894994
109.066666666 0.497662575 -0.102634316 -0.051889082 0.084446952 -0.038754759 0.995638417 0.008421609
109.100000000 0.500161628 -0.098845181 -0.049346354 0.085184029 -0.037838010 0.995586598 0.010922134
109.133333333 0.504629884 -0.094138981 -0.047254614 0.085966299 -0.036783438 0.995527067 0.013514202
109.166666666 0.507674681 -0.090014935 -0.045254179 0.086626136 -0.035840018 0.995467139 0.016018135
109.200000000 0.509868867 -0.086273116 -0.042480760 0.087307133 -0.034846935 0.995399536 0.018518090
109.233333333 0.512484289 -0.082441119 -0.039680584 0.087981140 -0.033836747 0.995325092 0.021032245
109.266666666 0.515929820 -0.078349184 -0.036708061 0.088648478 -0.032895549 0.995241487 0.023531120
109.300000000 0.518437381 -0.074235826 -0.033877681 0.089293310 -0.031815086 0.995156841 0.026026264
109.333333333 0.520271470 -0.070489136 -0.030887459 0.089884342 -0.030772246 0.995068811 0.028494485
109.366666666 0.522330094 -0.066752071 -0.027712373 0.090465171 -0.029736542 0.994973889 0.030963708
109.400000000 0.524226475 -0.062870648 -0.024609539 0.091025486 -0.028647576 0.994875145 0.033423404
109.433333333 0.525622887 -0.059227991 -0.021533161 0.091553028 -0.027497597 0.994773757 0.035876139
109.466666666 0.525917565 -0.055937776 -0.018431842 0.092011658 -0.026384825 0.994671952 0.038280596
109.500000000 0.526888431 -0.052367739 -0.015129839 0.092483325 -0.025241779 0.994561501 0.040707583
109.533333333 0.529676663 -0.046688556 -0.013785260 0.092907218 -0.023969900 0.994450116 0.043158529
109.566666666 0.532871565 -0.042641726 -0.008298629 0.093547864 -0.022724189 0.994308274 0.045644987
109.600000000 0.532063886 -0.039695057 -0.004285768 0.093941122 -0.021537130 0.994186308 0.048008359
109.633333333 0.531214783 -0.036784085 -0.000036167 0.094314964 -0.020368878 0.994059016 0.050363362
109.666666666 0.530969099 -0.033566445 0.004470486 0.094696412 -0.019167184 0.993923416 0.052739470
109.700000000 0.531290389 -0.029996651 0.009063989 0.095071780 -0.017953823 0.993781568 0.055110903
109.733333333 0.530601376 -0.026856508 0.013602796 0.095382926 -0.016772512 0.993640457 0.057440599
109.766666666 0.529423268 -0.023725223 0.017812097 0.095635722 -0.015566091 0.993498694 0.059764963
109.800000000 0.528423710 -0.020502949 0.022223053 0.095881800 -0.014310523 0.993350302 0.062105291
109.833333333 0.527296221 -0.017056396 0.026126565 0.096070624 -0.013041415 0.993200583 0.064443456
109.866666666 0.526200876 -0.013414183 0.030333038 0.096259832 -0.011758098 0.993044252 0.066775038
109.900000000 0.523885660 -0.010656741 0.034566624 0.096372312 -0.010511814 0.992891528 0.069052821
109.933333333 0.521340739 -0.007984632 0.038720356 0.096441250 -0.009281782 0.992737073 0.071316465
109.966666666 0.523458176 -0.000723190 0.041692412 0.096637251 -0.007894036 0.992565014 0.073577295
110.000000000 0.520757541 0.002030125 0.045961171 0.096651069 -0.006693930 0.992405008 0.075802789
110.033333333 0.518117926 0.005005303 0.050261853 0.096656541 -0.005458223 0.992240824 0.078011974
110.066666666 0.514998952 0.007569721 0.054560933 0.096606385 -0.004240794 0.992075633 0.080219454
110.100000000 0.512623308 0.010378464 0.059354589 0.096559401 -0.003082099 0.991900953 0.082457766
110.133333333 0.509079658 0.012944680 0.063717458 0.096453447 -0.001840569 0.991729858 0.084647705
110.166666666 0.506530807 0.015696030 0.068767085 0.096350237 -0.000659134 0.991543466 0.086935331
110.200000000 0.502832971 0.018284703 0.073153337 0.096189932 0.000569014 0.991370354 0.089061740
110.233333333 0.499616791 0.020921415 0.078384036 0.096036789 0.001768287 0.991189720 0.091196206
110.266666666 0.495520114 0.023259641 0.082478850 0.095786740 0.002975483 0.991012773 0.093325943
110.300000000 0.491437444 0.026244559 0.086503870 0.095534297 0.004221272 0.990833798 0.095413641
110.333333333 0.486804315 0.029186890 0.090686982 0.095250052 0.005541271 0.990650878 0.097506717
110.366666666 0.481033976 0.031453443 0.094062624 0.094876167 0.006842809 0.990474125 0.099562528
110.400000000 0.475178336 0.033788860 0.097344730 0.094471418 0.008132094 0.990294924 0.101611930
110.433333333 0.469235213 0.036167566 0.100684419 0.094045459 0.009387603 0.990115718 0.103625240
110.466666666 0.462963669 0.038370966 0.104091795 0.093586716 0.010640338 0.989934987 0.105626848
110.500000000 0.456354299 0.040406802 0.107424283 0.093084953 0.011888785 0.989755381 0.107601736
110.533333333 0.455443677 0.051572127 0.105663937 0.092577990 0.013339317 0.989514813 0.110053679
110.566666666 0.449224033 0.054322864 0.109121120 0.092058285 0.014551399 0.989331472 0.111967706
110.600000000 0.442197646 0.057111220 0.111936179 0.091460611 0.015818582 0.989145997 0.113907533
110.633333333 0.434613690 0.059302697 0.114342486 0.090802891 0.017033980 0.988965332 0.115811272
110.666666666 0.427161794 0.061954162 0.116656369 0.090127659 0.018246656 0.988781094 0.117711566
110.700000000 0.419470910 0.064534271 0.119122023 0.089423284 0.019451641 0.988596814 0.119588665
110.733333333 0.411969317 0.067548172 0.121128191 0.088684571 0.020631381 0.988407594 0.121490004
110.766666666 0.404812049 0.072073261 0.121740912 0.087909123 0.021830370 0.988218494 0.123367861
110.800000000 0.396639131 0.074311375 0.123495044 0.087085341 0.022936358 0.988035326 0.125204880
110.833333333 0.389491825 0.078695291 0.120652140 0.086138355 0.023972417 0.987850572 0.127109222
110.866666666 0.381722018 0.081932380 0.121548557 0.085264762 0.025055976 0.987661081 0.128948470
110.900000000 0.373362044 0.085307770 0.121569617 0.084323281 0.026151927 0.987474970 0.130762550
110.933333333 0.365473392 0.089239701 0.124391936 0.083460038 0.027274164 0.987283484 0.132521184
110.966666666 0.356663072 0.092335633 0.124514506 0.082454553 0.028327529 0.987099816 0.134286080
111.000000000 0.347108875 0.094789294 0.124145056 0.081395108 0.029354160 0.986921067 0.136014618
111.033333333 0.337347142 0.095757447 0.125326453 0.080335200 0.030308515 0.986749978 0.137666740
111.066666666 0.329800254 0.102268088 0.131691147 0.079489051 0.031498967 0.986532894 0.139435126
111.100000000 0.319783931 0.103997373 0.133569798 0.078387264 0.032460321 0.986357914 0.141066758
111.133333333 0.309778377 0.105816727 0.135805834 0.077273879 0.033401629 0.986184334 0.142665827
111.166666666 0.300367091 0.109559421 0.136829764 0.076127387 0.034352747 0.985999309 0.144325580
111.200000000 0.290472613 0.112628522 0.139319704 0.074988340 0.035287046 0.985824254 0.145883906
111.233333333 0.281741569 0.120381479 0.146628770 0.073994036 0.036415229 0.985613184 0.147531237
111.266666666 0.270819978 0.122594094 0.146878688 0.072700364 0.037257122 0.985449942 0.149046889
111.300000000 0.260465715 0.128952107 0.149261757 0.071507304 0.038240866 0.985273426 0.150534437
111.333333333 0.250491451 0.136909719 0.149254225 0.070253071 0.039194537 0.985103357 0.151985756
111.366666666 0.239917876 0.140345277 0.149910909 0.068900264 0.039968390 0.984939816 0.153456316
111.400000000 0.229838762 0.144406980 0.150202551 0.067546233 0.040705167 0.984778498 0.154893208
111.433333333 0.219457808 0.148506276 0.150356214 0.066151109 0.041423217 0.984618808 0.156313629
111.466666666 0.209712242 0.152547905 0.149926224 0.064730278 0.042072509 0.984464882 0.157698420
111.500000000 0.200226053 0.156715690 0.149816693 0.063288298 0.042691235 0.984305522 0.159105903
111.533333333 0.191120545 0.161460323 0.153322368 0.061910327 0.043331501 0.984150734 0.160427008
111.566666666 0.181546991 0.166393150 0.156470787 0.060488689 0.043956634 0.983998907 0.161725333
111.600000000 0.170349442 0.168900826 0.158546790 0.058966008 0.044517108 0.983870630 0.162910466
111.633333333 0.158552652 0.181144972 0.156507988 0.057426028 0.045294807 0.983681061 0.164384315
111.666666666 0.148146831 0.186320987 0.158027463 0.055886955 0.045823523 0.983543056 0.165589581
111.700000000 0.137726712 0.194212236 0.161971148 0.054388401 0.046417058 0.983396942 0.166786728
111.733333333 0.128504279 0.201675447 0.165020533 0.052853718 0.046913843 0.983260416 0.167942046
111.766666666 0.117626847 0.206171473 0.165823460 0.051188108 0.047321092 0.983144484 0.169018982
111.800000000 0.106543143 0.211339013 0.167849233 0.049543317 0.047731436 0.983036647 0.170018003
111.833333333 0.094690737 0.215915260 0.168056528 0.047805611 0.048086399 0.982931917 0.171018035
111.866666666 0.083028144 0.221670364 0.169984041 0.046108427 0.048447855 0.982826606 0.171984535
111.900000000 0.071763271 0.226393152 0.170337565 0.044340733 0.048717233 0.982726704 0.172941479
111.933333333 0.059564702 0.229852467 0.170922132 0.042543434 0.048949548 0.982645566 0.173786335
111.966666666 0.045971587 0.234463418 0.171742643 0.040736551 0.049208356 0.982579961 0.174515589
112.000000000 0.033818604 0.239190652 0.170613469 0.038867508 0.049370147 0.982498791 0.175351163
112.033333333 0.023075442 0.244759685 0.170313457 0.037036294 0.049491725 0.982415141 0.176179946
112.066666666 0.011208550 0.248428740 0.170053228 0.035151359 0.049564180 0.982355443 0.176877240
112.100000000 -0.000338390 0.253502512 0.169539436 0.033255903 0.049619962 0.982288980 0.177595791
112.133333333 -0.011963950 0.259007744 0.170340190 0.031369166 0.049662809 0.982226348 0.178272212
112.166666666 -0.024286055 0.263720982 0.170621359 0.029442273 0.049663843 0.982179503 0.178857706
112.200000000 -0.038076482 0.270578165 0.171546575 0.027503258 0.049701015 0.982130605 0.179423674
112.233333333 -0.051187518 0.277186927 0.173279290 0.025572404 0.049686665 0.982089749 0.179936133
112.266666666 -0.070733317 0.302215969 0.191312868 0.023919489 0.050217788 0.981958926 0.180728250
112.300000000 -0.083926187 0.309150544 0.194390576 0.021963059 0.050131556 0.981942648 0.181088615
112.333333333 -0.097424631 0.314599711 0.195803143 0.019948099 0.049966508 0.981936832 0.181398675
112.366666666 -0.111216158 0.319538301 0.196646633 0.017915749 0.049755370 0.981940197 0.181650429
112.400000000 -0.125316209 0.324725676 0.197534496 0.015867600 0.049513428 0.981946374 0.181873469
112.433333333 -0.139308549 0.329148455 0.198541657 0.013805178 0.049224632 0.981953210 0.182083076
112.466666666 -0.153819095 0.335817224 0.201015059 0.011763821 0.048954759 0.981941377 0.182362758
112.500000000 -0.167583252 0.340281879 0.201575839 0.009687944 0.048585960 0.981956082 0.182504248
112.533333333 -0.181311565 0.345275020 0.202717258 0.007616886 0.048191962 0.981970621 0.182628631
112.566666666 -0.194587137 0.349475419 0.203282437 0.005527342 0.047739694 0.981993117 0.182701636
112.600000000 -0.207742208 0.353082002 0.203104942 0.003419190 0.047232940 0.982018616 0.182747904
112.633333333 -0.221316688 0.356869699 0.203037880 0.001308901 0.046700585 0.982052018 0.182732524
112.666666666 -0.234688264 0.360829892 0.203548520 -0.000792019 0.046142750 0.982091562 0.182664674
112.700000000 -0.247642273 0.363460467 0.203091605 -0.002910590 0.045518003 0.982152192 0.182473867
112.733333333 -0.260516550 0.366024358 0.202338254 -0.005043853 0.044854322 0.982207806 0.182292281
112.766666666 -0.273489075 0.369289263 0.202047160 -0.007158918 0.044174592 0.982268204 0.182061889
112.800000000 -0.286682257 0.372784536 0.201502976 -0.009286353 0.043459932 0.982325865 0.181826546
112.833333333 -0.300037175 0.376087931 0.201419022 -0.011408104 0.042728467 0.982385727 0.181555546
112.866666666 -0.313328166 0.379210449 0.201427256 -0.013528327 0.041961827 0.982450225 0.181239469
112.900000000 -0.333118190 0.384642996 0.198717958 -0.015738071 0.041213471 0.982524868 0.180827670
112.933333333 -0.346367792 0.387728476 0.198807842 -0.017830279 0.040395316 0.982594633 0.180438598
112.966666666 -0.359241004 0.390535881 0.198613557 -0.019927531 0.039530370 0.982677603 0.179958250
113.000000000 -0.371609301 0.392504678 0.198055494 -0.022030272 0.038618136 0.982761856 0.179450384
113.033333333 -0.383746859 0.394482718 0.197184468 -0.024122093 0.037672492 0.982853691 0.178878536
113.066666666 -0.395912601 0.396466548 0.196225412 -0.026219783 0.036692284 0.982937316 0.178326754
113.100000000 -0.408413003 0.398182447 0.194900134 -0.028311436 0.035688475 0.983020659 0.177750329
113.133333333 -0.420377321 0.399980443 0.193778112 -0.030373967 0.034659905 0.983112219 0.177105839
113.166666666 -0.432296430 0.401557502 0.192121890 -0.032443146 0.033591344 0.983205422 0.176426083
113.200000000 -0.444018254 0.403094564 0.190983276 -0.034483199 0.032508615 0.983310064 0.175657103
113.233333333 -0.456028036 0.404474264 0.188977193 -0.036536501 0.031382352 0.983411566 0.174876880
113.266666666 -0.467668595 0.405572302 0.186820326 -0.038562884 0.030235029 0.983518649 0.174039690
113.300000000 -0.480561755 0.407266243 0.184277264 -0.040593014 0.029061964 0.983629884 0.173146932
113.333333333 -0.493152119 0.408944082 0.182083175 -0.042597575 0.027874020 0.983734934 0.172261617
113.366666666 -0.504928664 0.410321351 0.179802566 -0.044567525 0.026657877 0.983858361 0.171247831
113.400000000 -0.519972941 0.412919042 0.177178920 -0.046587536 0.025409502 0.983977281 0.170213599
113.433333333 -0.531120231 0.413876066 0.174644388 -0.048498323 0.024160876 0.984100274 0.169147320
113.466666666 -0.541940006 0.414415265 0.171860493 -0.050422457 0.022857167 0.984227569 0.168021480
113.500000000 -0.552541429 0.414887665 0.168945438 -0.052321610 0.021531224 0.984359957 0.166836239
113.533333333 -0.563771535 0.415771334 0.166222877 -0.054205077 0.020202113 0.984480809 0.165684102
113.566666666 -0.574760608 0.416414549 0.163475767 -0.056062031 0.018851203 0.984606090 0.164476529
113.600000000 -0.585303649 0.416811743 0.160698383 -0.057897270 0.017479813 0.984728062 0.163257484
113.633333333 -0.595812594 0.417340092 0.158237363 -0.059703308 0.016106357 0.984847093 0.162025626
113.666666666 -0.605564201 0.417410195 0.155353435 -0.061468736 0.014711331 0.984978215 0.160695634
113.700000000 -0.614817854 0.417245256 0.152356116 -0.063203005 0.013291959 0.985118570 0.159279964
113.733333333 -0.623526777 0.416917201 0.149311232 -0.064912012 0.011854628 0.985261809 0.157813390
113.766666666 -0.632248132 0.416475938 0.146178880 -0.066600155 0.010398831 0.985399378 0.156346887
113.800000000 -0.640371433 0.415944862 0.143120987 -0.068238382 0.008936507 0.985549320 0.154777907
113.833333333 -0.649645241 0.415591648 0.139932528 -0.069879068 0.007446260 0.985693145 0.153200827
113.866666666 -0.659611221 0.415507923 0.136715252 -0.071478038 0.005967364 0.985829207 0.151644500
113.900000000 -0.669111710 0.415304643 0.133586382 -0.073041509 0.004464382 0.985976343 0.149985524
113.933333333 -0.676941851 0.414528907 0.130555842 -0.074556105 0.002968063 0.986119638 0.148326120
113.966666666 -0.684893614 0.413897885 0.127801937 -0.076044495 0.001460573 0.986258145 0.146662784
114.000000000 -0.692414506 0.413110979 0.125017029 -0.077490764 -0.000041725 0.986394799 0.144984411
114.033333333 -0.699276525 0.412064437 0.122207517 -0.078898232 -0.001561655 0.986540387 0.143215555
114.066666666 -0.709718117 0.412175159 0.118933453 -0.080314682 -0.003089399 0.986669600 0.141503032
114.100000000 -0.718465357 0.411673697 0.115669834 -0.081662867 -0.004620924 0.986817970 0.139642817
114.133333333 -0.726308378 0.410860994 0.112617631 -0.082974767 -0.006145404 0.986952015 0.137851884
114.166666666 -0.733296847 0.409829868 0.109502211 -0.084231181 -0.007672440 0.987098522 0.135951275
114.200000000 -0.740416581 0.408673123 0.106436360 -0.085467801 -0.009211175 0.987236097 0.134071988
114.233333333 -0.748802432 0.407950046 0.103313152 -0.086663384 -0.010743332 0.987380839 0.132110247
114.266666666 -0.755325443 0.406656577 0.100489482 -0.087806263 -0.012267856 0.987522814 0.130147036
114.300000000 -0.761945917 0.405325696 0.097307847 -0.088902885 -0.013784812 0.987667838 0.128134687
114.333333333 -0.768272697 0.403868973 0.094176420 -0.089959505 -0.015291933 0.987808883 0.126123176
114.366666666 -0.772659315 0.401768503 0.090909582 -0.090958140 -0.016789226 0.987948973 0.124103042
114.400000000 -0.777208946 0.399772935 0.087827006 -0.091916115 -0.018289429 0.988093394 0.122017902
114.433333333 -0.781329417 0.397604999 0.084762411 -0.092830662 -0.019787437 0.988241029 0.119877410
114.466666666 -0.786358640 0.395685706 0.081734675 -0.093715009 -0.021263684 0.988377256 0.117795383
114.500000000 -0.793758382 0.394398492 0.079624249 -0.094603640 -0.022772354 0.988513127 0.115643285
114.533333333 -0.798129376 0.392106560 0.076234673 -0.095389356 -0.024230432 0.988655602 0.113463025
114.566666666 -0.803047148 0.389902145 0.072919612 -0.096153664 -0.025696582 0.988793881 0.111269134
114.600000000 -0.807094056 0.387457816 0.069616078 -0.096861822 -0.027145978 0.988934298 0.109040536
114.633333333 -0.810718914 0.384920683 0.066512878 -0.097525314 -0.028575238 0.989071212 0.106819503
114.666666666 -0.814076629 0.382343842 0.063572009 -0.098143531 -0.029979891 0.989205883 0.104598157
114.700000000 -0.818264699 0.379901519 0.060445154 -0.098723390 -0.031380247 0.989343273 0.102317451
114.733333333 -0.821344173 0.377184885 0.057355124 -0.099248293 -0.032754686 0.989480361 0.100027605
114.766666666 -0.823926566 0.374386616 0.054347890 -0.099718074 -0.034102615 0.989620310 0.097698309
114.800000000 -0.826553480 0.371487807 0.051201445 -0.100151586 -0.035439732 0.989756686 0.095369747
114.833333333 -0.828761348 0.368443715 0.048135513 -0.100533756 -0.036757713 0.989895846 0.092994881
114.866666666 -0.830905363 0.365508232 0.045010481 -0.100859994 -0.038047198 0.990038316 0.090574854
114.900000000 -0.833394838 0.362576578 0.042220889 -0.101154540 -0.039326734 0.990179049 0.088128416
114.933333333 -0.834694620 0.359428190 0.039168183 -0.101383442 -0.040568706 0.990320374 0.085680425
114.966666666 -0.836049821 0.356203010 0.036199206 -0.101568063 -0.041799280 0.990462318 0.083193427
115.000000000 -0.837513183 0.353000984 0.033137406 -0.101708650 -0.042996752 0.990601884 0.080712687
115.033333333 -0.838258372 0.349619728 0.030331954 -0.101800091 -0.044165797 0.990741849 0.078209408
115.066666666 -0.838807400 0.346165585 0.027617180 -0.101844839 -0.045303855 0.990882119 0.075682332
115.100000000 -0.838156081 0.342519553 0.024799188 -0.101824832 -0.046399177 0.991022583 0.073164613
115.133333333 -0.836750178 0.338807337 0.022362736 -0.101763422 -0.047443574 0.991158031 0.070704111
115.166666666 -0.836182055 0.335160164 0.019370556 -0.101658106 -0.048478560 0.991294713 0.068192743
115.200000000 -0.835378500 0.331334464 0.017070522 -0.101526639 -0.049485076 0.991424893 0.065728615
115.233333333 -0.833645937 0.327327574 0.015021106 -0.101342306 -0.050444022 0.991555910 0.063261482
115.266666666 -0.831275555 0.323180733 0.013072127 -0.101101417 -0.051371207 0.991688921 0.060766655
115.300000000 -0.828964416 0.318940031 0.011159439 -0.100821303 -0.052270665 0.991821042 0.058256879
115.333333333 -0.826310846 0.314665540 0.009341718 -0.100496976 -0.053128468 0.991952123 0.055755806
115.366666666 -0.823497866 0.310317067 0.007539240 -0.100126436 -0.053952946 0.992083068 0.053244359
115.400000000 -0.820521614 0.305879226 0.005895741 -0.099718469 -0.054734830 0.992211004 0.050770553
115.433333333 -0.817281689 0.301473295 0.004143715 -0.099261250 -0.055474113 0.992340251 0.048276840
115.466666666 -0.812847937 0.296919140 0.002702881 -0.098750315 -0.056163455 0.992470987 0.045775335
115.500000000 -0.808845723 0.292253028 0.001429625 -0.098211321 -0.056829716 0.992599715 0.043251886
115.533333333 -0.804299556 0.287642737 0.000207067 -0.097626744 -0.057442610 0.992727801 0.040753873
115.566666666 -0.799217780 0.282876809 -0.000969409 -0.096990329 -0.058016863 0.992857556 0.038220336
115.600000000 -0.793396916 0.278071183 -0.001827182 -0.096306229 -0.058533224 0.992988249 0.035683451
115.633333333 -0.787585753 0.273142098 -0.002412173 -0.095590443 -0.059022689 0.993116847 0.033131833
115.666666666 -0.781298126 0.268212136 -0.003036966 -0.094825051 -0.059458373 0.993246258 0.030574213
115.700000000 -0.774545063 0.263251396 -0.003696648 -0.094014697 -0.059836647 0.993375021 0.028051376
115.733333333 -0.767716683 0.258303311 -0.004504400 -0.093154297 -0.060172401 0.993504924 0.025485799
115.766666666 -0.760009778 0.253431217 -0.005299484 -0.092244883 -0.060438267 0.993635231 0.022959192
115.800000000 -0.752731449 0.248301472 -0.006011338 -0.091306432 -0.060681994 0.993762015 0.020442305
115.833333333 -0.745001672 0.243264416 -0.006674647 -0.090327148 -0.060870444 0.993888862 0.017908781
115.866666666 -0.737112496 0.238134424 -0.007055166 -0.089318531 -0.061020866 0.994013270 0.015371152
115.900000000 -0.729279657 0.232922321 -0.007342137 -0.088276328 -0.061134067 0.994135549 0.012822834
115.933333333 -0.721092987 0.227651023 -0.007443546 -0.087200483 -0.061199761 0.994256076 0.010272330
115.966666666 -0.713776594 0.221989645 -0.006833294 -0.086123885 -0.061275019 0.994368624 0.007686910
116.000000000 -0.705212619 0.216890497 -0.007204862 -0.084966885 -0.061229063 0.994487475 0.005127595
116.033333333 -0.697001083 0.211553355 -0.007049921 -0.083801335 -0.061166606 0.994600116 0.002567356
116.066666666 -0.688750845 0.206129181 -0.007014597 -0.082595619 -0.061056612 0.994711040 0.000005693
116.100000000 -0.679611828 0.200770779 -0.007180944 0.081334289 0.060870031 -0.994823173 0.002535059
116.133333333 -0.670594461 0.195417314 -0.007178557 0.080053327 0.060647459 -0.994930913 0.005082279
116.166666666 -0.661510932 0.190031957 -0.006658868 0.078757370 0.060384860 -0.995034019 0.007631882
116.200000000 -0.652136005 0.184585669 -0.006383319 0.077416592 0.060065495 -0.995135883 0.010167710
116.233333333 -0.641393674 0.178938706 -0.005299939 0.076053242 0.059692957 -0.995235180 0.012632935
116.266666666 -0.630714267 0.173133852 -0.004294292 0.074661497 0.059281528 -0.995331047 0.015082075
116.300000000 -0.619944728 0.167313250 -0.002940219 0.073255036 0.058829434 -0.995422306 0.017527980
116.333333333 -0.608897980 0.161532747 -0.001275433 0.071824939 0.058329031 -0.995509939 0.019971577
116.366666666 -0.597992949 0.155377455 0.001248619 0.070394014 0.057810403 -0.995591316 0.022373448
116.399999999 -0.587306453 0.149099897 0.003048722 0.068927270 0.057245689 -0.995669629 0.024778068
116.433333333 -0.575602828 0.142912444 0.004723385 0.067408568 0.056603031 -0.995748206 0.027160478
116.466666666 -0.564346916 0.136509071 0.006980824 0.065891643 0.055943399 -0.995819449 0.029533936
116.500000000 -0.552337861 0.130326583 0.009050612 0.064338455 0.055212977 -0.995888728 0.031901924
116.533333333 -0.540670706 0.123717237 0.011571352 0.062776075 0.054462824 -0.995952057 0.034241282
116.566666666 -0.528729948 0.117356996 0.013531841 0.061181544 0.053648233 -0.996012058 0.036587784
116.600000000 -0.518355724 0.110683163 0.016805701 0.059618319 0.052853353 -0.996058597 0.038980122
116.633333333 -0.507335966 0.103191709 0.015606989 0.057904453 0.051951514 -0.996111259 0.041357879
116.666666666 -0.495297900 0.096311789 0.018333567 0.056252104 0.051019045 -0.996154702 0.043687147
116.700000000 -0.483394227 0.089838453 0.021440166 0.054612733 0.050055092 -0.996190169 0.046011794
116.733333333 -0.471673966 0.082604830 0.024505654 0.052951185 0.049065168 -0.996221505 0.048285552
116.766666666 -0.461347361 0.075511502 0.027395343 0.051294146 0.048065960 -0.996239757 0.050645040
116.800000000 -0.448742665 0.067845621 0.027927751 0.049516914 0.046947453 -0.996263878 0.052936724
116.833333333 -0.436880334 0.060506454 0.029561917 0.047769381 0.045814219 -0.996276884 0.055240510
116.866666666 -0.424582877 0.052956526 0.031340846 0.046002634 0.044636977 -0.996284762 0.057514961
116.899999999 -0.412356314 0.045739220 0.033747036 0.044245566 0.043425475 -0.996284423 0.059782153
116.933333333 -0.400127180 0.038434614 0.035591936 0.042465830 0.042173705 -0.996276864 0.062051929
116.966666666 -0.387876503 0.030972913 0.038427682 0.040691916 0.040896123 -0.996261815 0.064296739
117.000000000 -0.375501167 0.023558799 0.041106263 0.038907076 0.039578983 -0.996239931 0.066526256
117.033333333 -0.363133696 0.015999229 0.043819858 0.037113329 0.038231850 -0.996210773 0.068738799
117.066666666 -0.350730082 0.009072143 0.046744566 0.035321640 0.036841005 -0.996172530 0.070960646
117.100000000 -0.338953487 0.001258758 0.049747227 0.033520135 0.035441062 -0.996127257 0.073149293
117.133333333 -0.326775616 -0.005892448 0.052402935 0.031709817 0.033989634 -0.996072763 0.075354116
117.166666666 -0.314516541 -0.013330366 0.054850528 0.029883790 0.032506730 -0.996011152 0.077537455
117.200000000 -0.302007272 -0.020832191 0.056998718 0.028043344 0.030989483 -0.995941629 0.079708806
117.233333333 -0.288586649 -0.028454363 0.059218268 0.026186974 0.029428741 -0.995867526 0.081829466
117.266666666 -0.275526436 -0.035568740 0.062214157 0.024353288 0.027850936 -0.995781506 0.083966866
117.300000000 -0.262166643 -0.043102975 0.063911457 0.022489967 0.026238652 -0.995688484 0.086082389
117.333333333 -0.248629590 -0.050197152 0.066294217 0.020633933 0.024595478 -0.995586741 0.088183588
117.366666666 -0.235069815 -0.057566611 0.068449643 0.018772953 0.022934099 -0.995476923 0.090262391
117.400000000 -0.221042717 -0.064831568 0.070528482 0.016905951 0.021239992 -0.995359308 0.092319551
117.433333333 -0.206650798 -0.071331826 0.071862013 0.015033337 0.019506215 -0.995227477 0.094423384
117.466666666 -0.191965798 -0.078098012 0.073537809 0.013157129 0.017755260 -0.995088393 0.096492129
117.500000000 -0.176339646 -0.085948291 0.075074149 0.011260368 0.015984597 -0.994948870 0.098460363
117.533333333 -0.162162746 -0.093288911 0.077034428 0.009399495 0.014220543 -0.994795625 0.100454422
117.566666666 -0.147556678 -0.100272085 0.079527792 0.007547227 0.012433221 -0.994634987 0.102419225
117.600000000 -0.132103415 -0.106917978 0.082443199 0.005701157 0.010623928 -0.994469100 0.104335218
117.633333333 -0.117564825 -0.113773823 0.085203322 0.003869743 0.008823315 -0.994292397 0.106253489
117.666666666 -0.103864316 -0.119933370 0.089124285 0.002072758 0.007018696 -0.994107387 0.108152411
117.700000000 -0.089819684 -0.126783641 0.092517765 0.000269676 0.005210619 -0.993918775 0.109992023
117.733333333 -0.075523523 -0.133370326 0.096212492 -0.001529956 0.003385578 -0.993722505 0.111811364
117.766666666 -0.062108307 -0.140176468 0.100253507 -0.003308462 0.001576193 -0.993517822 0.113617371
117.800000000 -0.048333904 -0.147039280 0.102984180 -0.005100730 -0.000252846 -0.993302577 0.115429241
117.833333333 -0.034469679 -0.154236240 0.105793219 -0.006895811 -0.002091059 -0.993083351 0.117190158
117.866666666 -0.023213043 -0.160515965 0.109689707 -0.008633520 -0.003899928 -0.992852240 0.118973449
117.900000000 -0.006893088 -0.167770001 0.112739019 -0.010437076 -0.005767537 -0.992626431 0.120625751
117.933333333 0.006721084 -0.174223632 0.116556555 -0.012176822 -0.007595707 -0.992388515 0.122307255
117.966666666 0.021220623 -0.180406368 0.119667392 -0.013922526 -0.009444430 -0.992142810 0.123974234
118.000000000 0.036380050 -0.187158172 0.122849019 -0.015671077 -0.011288159 -0.991896614 0.125571100
118.033333333 0.050959186 -0.194248917 0.126269299 -0.017404889 -0.013113836 -0.991643705 0.127152900
118.066666666 0.064934597 -0.200928270 0.129381635 -0.019120061 -0.014931051 -0.991382616 0.128732261
118.100000000 0.078694135 -0.207902785 0.132939930 -0.020822936 -0.016735029 -0.991122598 0.130239549
118.133333333 0.093402638 -0.215627593 0.136176624 -0.022531923 -0.018532297 -0.990857887 0.131717553
118.166666666 0.106299001 -0.222665164 0.139522848 -0.024203318 -0.020304464 -0.990585914 0.133197128
118.200000000 0.118913512 -0.229541706 0.142360357 -0.025870296 -0.022071251 -0.990308856 0.134654955
118.233333333 0.131776242 -0.236371340 0.144785766 -0.027529807 -0.023832377 -0.990026029 0.136097723
118.266666666 0.144885877 -0.242938201 0.147965442 -0.029169643 -0.025578047 -0.989740819 0.137506391
118.300000000 0.157823214 -0.249416505 0.151445748 -0.030788514 -0.027302870 -0.989455380 0.138869262
118.333333333 0.177023116 -0.256225315 0.152965621 -0.032468652 -0.029088940 -0.989163426 0.140197494
118.366666666 0.190774693 -0.262639457 0.156067984 -0.034060835 -0.030778346 -0.988874154 0.141493677
118.400000000 0.204433847 -0.268585896 0.159136702 -0.035639880 -0.032460931 -0.988578946 0.142785697
118.433333333 0.217184121 -0.274229612 0.162351822 -0.037189304 -0.034109733 -0.988280180 0.144068624
118.466666666 0.231091852 -0.280281145 0.165154759 -0.038745221 -0.035749667 -0.987982357 0.145298419
118.500000000 0.244064649 -0.286080068 0.168135948 -0.040269944 -0.037354441 -0.987679316 0.146535133
118.533333333 0.256109103 -0.291374114 0.171506286 -0.041762641 -0.038927569 -0.987376634 0.147742715
118.566666666 0.262855110 -0.294183594 0.175115421 -0.043173704 -0.040444322 -0.987065632 0.149002436
118.600000000 0.274750470 -0.299634199 0.178292529 -0.044642751 -0.041963225 -0.986768510 0.150113357
118.633333333 0.283417325 -0.303172126 0.181581732 -0.046048739 -0.043440221 -0.986460427 0.151288754
118.666666666 0.293092824 -0.306950005 0.184305553 -0.047449725 -0.044894195 -0.986155683 0.152413925
118.700000000 0.301451839 -0.309836398 0.187335549 -0.048817132 -0.046316868 -0.985848159 0.153541667
118.733333333 0.310871846 -0.314931705 0.191090598 -0.050193982 -0.047683413 -0.985569283 0.154466970
118.766666666 0.316526559 -0.317520368 0.195577885 -0.051502070 -0.049013646 -0.985278021 0.155474823
118.800000000 0.324075963 -0.321289376 0.199228978 -0.052819145 -0.050314167 -0.984994638 0.156410312
118.833333333 0.330656151 -0.324604621 0.202953944 -0.054111596 -0.051578874 -0.984712962 0.157327484
118.866666666 0.337288435 -0.328406192 0.206683368 -0.055392485 -0.052800987 -0.984444713 0.158152887
118.900000000 0.345217411 -0.332440158 0.210183104 -0.056667374 -0.054001086 -0.984178500 0.158950847
118.933333333 0.352215251 -0.335624110 0.213469019 -0.057912757 -0.055164156 -0.983915929 0.159726242
118.966666666 0.360198063 -0.339713077 0.216310713 -0.059157324 -0.056287782 -0.983661732 0.160442180
119.000000000 0.367362418 -0.343888871 0.219699563 -0.060378421 -0.057362630 -0.983421165 0.161080063
119.033333333 0.387512660 -0.353302468 0.224284630 -0.061701348 -0.058448995 -0.983196863 0.161556761
119.066666666 0.396658764 -0.358192275 0.227430271 -0.062891728 -0.059440754 -0.982973910 0.162091702
119.100000000 0.404753691 -0.362671716 0.230719073 -0.064063177 -0.060398784 -0.982755644 0.162601479
119.133333333 0.411984728 -0.366764138 0.233909520 -0.065208194 -0.061311573 -0.982544923 0.163077455
119.166666666 0.418167957 -0.370178691 0.236429088 -0.066323778 -0.062181066 -0.982338644 0.163540391
119.200000000 0.425894957 -0.374557724 0.239440700 -0.067437526 -0.063007244 -0.982145294 0.163929524
119.233333333 0.433165800 -0.378477789 0.242288161 -0.068524571 -0.063791930 -0.981958612 0.164293207
119.266666666 0.440732078 -0.382554481 0.245333373 -0.069593114 -0.064532202 -0.981783381 0.164601900
119.300000000 0.448729852 -0.386605529 0.248419484 -0.070643535 -0.065229704 -0.981617343 0.164869549
119.333333333 0.455584826 -0.390708862 0.250803570 -0.071666585 -0.065871086 -0.981456621 0.165129651
119.366666666 0.462660264 -0.394711124 0.252836912 -0.072674393 -0.066472424 -0.981307578 0.165333862
119.400000000 0.467798824 -0.398461973 0.254931880 -0.073645970 -0.067010470 -0.981171382 0.165494977
119.433333333 0.474065612 -0.402386715 0.256937163 -0.074605780 -0.067510670 -0.981046440 0.165602441
119.466666666 0.473496033 -0.403294598 0.257420659 -0.075483728 -0.067941321 -0.980922377 0.165763306
119.500000000 0.477083226 -0.405908229 0.259148875 -0.076379339 -0.068340287 -0.980818050 0.165806375
119.533333333 0.481173201 -0.408683445 0.261468835 -0.077252578 -0.068690078 -0.980726254 0.165800263
119.566666666 0.484171125 -0.411130894 0.263755369 -0.078094301 -0.068987079 -0.980648747 0.165741059
119.600000000 0.486574085 -0.413257645 0.265956722 -0.078908497 -0.069233943 -0.980583249 0.165639978
119.633333333 0.488816798 -0.415032950 0.268290155 -0.079698371 -0.069438508 -0.980526119 0.165514329
119.666666666 0.491109242 -0.417064868 0.270050847 -0.080469845 -0.069589600 -0.980484544 0.165323777
119.700000000 0.493161876 -0.419665530 0.271687029 -0.081218692 -0.069679066 -0.980458221 0.165075826
119.733333333 0.495351396 -0.422136606 0.273292666 -0.081944018 -0.069724999 -0.980442625 0.164790355
119.766666666 0.497019465 -0.425237292 0.274421617 -0.082646917 -0.069707617 -0.980440172 0.164460951
119.800000000 0.499524001 -0.428236192 0.275807240 -0.083328881 -0.069645679 -0.980452674 0.164068068
119.833333333 0.504244740 -0.431926049 0.277068656 -0.084000529 -0.069552879 -0.980466090 0.163684313
119.866666666 0.505643358 -0.434725126 0.277704720 -0.084622373 -0.069389667 -0.980500256 0.163227987
119.900000000 0.507174632 -0.437397423 0.278247055 -0.085220863 -0.069180124 -0.980545710 0.162731759
119.933333333 0.506927610 -0.439872746 0.278936802 -0.085780811 -0.068905892 -0.980606305 0.162187872
119.966666666 0.509307478 -0.443415690 0.279619327 -0.086339681 -0.068595608 -0.980682014 0.161563889
120.000000000 0.509486709 -0.445682431 0.280349296 -0.086847856 -0.068231023 -0.980764119 0.160946330
120.033333333 0.509163851 -0.448350277 0.280810244 -0.087329816 -0.067808939 -0.980863302 0.160258025
120.066666666 0.508489100 -0.450708662 0.281354374 -0.087778870 -0.067339424 -0.980970880 0.159550633
120.100000000 0.507455887 -0.453015051 0.281657837 -0.088198640 -0.066819205 -0.981090830 0.158798544
120.133333333 0.505862886 -0.455005280 0.282073107 -0.088584434 -0.066250799 -0.981220366 0.158019690
120.166666666 0.504919299 -0.457305559 0.282245655 -0.088949470 -0.065640104 -0.981361548 0.157190590
120.200000000 0.502442772 -0.459748171 0.282426284 -0.089277083 -0.064964963 -0.981519851 0.156294395
120.233333333 0.500965811 -0.461547031 0.282475173 -0.089574599 -0.064261067 -0.981679220 0.155411761
120.266666666 0.498636485 -0.463241627 0.282229304 -0.089837790 -0.063505143 -0.981852276 0.154474516
120.300000000 0.495569188 -0.465473782 0.282085253 -0.090073778 -0.062693023 -0.982043495 0.153449903
120.333333333 0.493677505 -0.468085755 0.281282573 -0.090287672 -0.061843720 -0.982241869 0.152395544
120.366666666 0.490479000 -0.470330346 0.280662086 -0.090460753 -0.060942625 -0.982453632 0.151286846
120.400000000 0.486274735 -0.472035208 0.279879120 -0.090594403 -0.059996908 -0.982672377 0.150159999
120.433333333 0.481527337 -0.473406162 0.278985095 -0.090692846 -0.059008051 -0.982899354 0.149002407
120.466666666 0.476206018 -0.474888077 0.277928108 -0.090755003 -0.057969449 -0.983138075 0.147792418
120.500000000 0.469951066 -0.476178721 0.276844201 -0.090780079 -0.056882887 -0.983388896 0.146525065
120.533333333 0.467944906 -0.478255839 0.276117571 -0.090801706 -0.055787821 -0.983640024 0.145241426
120.566666666 0.461841490 -0.479535730 0.274781150 -0.090763959 -0.054624659 -0.983906802 0.143893904
120.600000000 0.455672547 -0.481006144 0.273316234 -0.090693878 -0.053420589 -0.984182142 0.142500431
120.633333333 0.449467714 -0.482432366 0.271764159 -0.090588956 -0.052179615 -0.984463803 0.141074266
120.666666666 0.442227165 -0.483557469 0.270249128 -0.090441595 -0.050895833 -0.984753663 0.139607143
120.700000000 0.434905846 -0.484608870 0.268632008 -0.090261718 -0.049578541 -0.985048970 0.138106184
120.733333333 0.429055061 -0.485824878 0.266984727 -0.090055777 -0.048238583 -0.985347294 0.136578573
120.766666666 0.420528767 -0.486568930 0.265116228 -0.089798900 -0.046843118 -0.985655875 0.134997692
120.800000000 0.411877762 -0.487138072 0.263184370 -0.089505644 -0.045419706 -0.985968370 0.133387271
120.833333333 0.403235639 -0.487704364 0.261270693 -0.089177661 -0.043965558 -0.986284182 0.131749332
120.866666666 0.396223367 -0.488338867 0.259599571 -0.088821899 -0.042492393 -0.986598398 0.130110212
120.900000000 0.387526685 -0.488719396 0.257532812 -0.088422729 -0.040978267 -0.986921230 0.128408284
120.933333333 0.378500146 -0.488796853 0.255375919 -0.087984462 -0.039438300 -0.987246374 0.126680508
120.966666666 0.369405029 -0.488794884 0.253157699 -0.087509338 -0.037871710 -0.987573097 0.124928886
121.000000000 0.359511938 -0.488437049 0.250702210 -0.086991610 -0.036275719 -0.987903340 0.123140255
121.033333333 0.349817273 -0.488487114 0.248256500 -0.086442354 -0.034652921 -0.988234308 0.121325377
121.066666666 0.339196395 -0.488400668 0.245750369 -0.085851933 -0.033000216 -0.988569364 0.119461476
121.100000000 0.328357242 -0.487808980 0.242985749 -0.085221533 -0.031329480 -0.988904783 0.117571613
121.133333333 0.326348414 -0.485791478 0.240777939 -0.084601851 -0.029734597 -0.989203318 0.115910207
121.166666666 0.316566577 -0.484740688 0.238034869 -0.083899070 -0.028026002 -0.989534729 0.114002235
121.200000000 0.306357775 -0.483839279 0.235104297 -0.083159266 -0.026301368 -0.989866265 0.112060479
121.233333333 0.297578687 -0.483196825 0.232350780 -0.082393890 -0.024570596 -0.990195212 0.110095296
121.266666666 0.286247099 -0.482066646 0.229255253 -0.081574647 -0.022805675 -0.990527009 0.108082020
121.300000000 0.274276289 -0.480130043 0.226027087 -0.080714406 -0.021032344 -0.990857366 0.106040111
121.333333333 0.262159465 -0.478578719 0.222821608 -0.079817779 -0.019240735 -0.991185786 0.103969482
121.366666666 0.249911113 -0.477188058 0.219467119 -0.078885080 -0.017435307 -0.991511177 0.101876102
121.400000000 0.236972478 -0.474930685 0.215834635 -0.077909258 -0.015621624 -0.991834472 0.099752155
121.433333333 0.226714382 -0.473205569 0.211790504 -0.076912283 -0.013813909 -0.992152416 0.097607682
121.466666666 0.219404252 -0.473509792 0.206828756 -0.075891951 -0.011997597 -0.992470002 0.095392681
121.500000000 0.206889974 -0.470797361 0.202455717 -0.074803832 -0.010164873 -0.992782050 0.093192612
121.533333333 0.196667941 -0.469590033 0.197852579 -0.073695371 -0.008332932 -0.993089504 0.090954889
121.566666666 0.182998991 -0.467259561 0.193761167 -0.072533243 -0.006485759 -0.993392008 0.088708412
121.600000000 0.170186227 -0.466486519 0.190430462 -0.071346797 -0.004633066 -0.993686342 0.086461682
121.633333333 0.155976020 -0.464793849 0.186618176 -0.070113700 -0.002777351 -0.993976918 0.084179822
121.666666666 0.141639709 -0.463372894 0.183072597 -0.068845936 -0.000920320 -0.994260462 0.081887259
121.700000000 0.126530558 -0.461408668 0.179372465 -0.067539672 0.000931519 -0.994537388 0.079579570
121.733333333 0.111788519 -0.459331880 0.175726868 -0.066204147 0.002775600 -0.994806106 0.077266543
121.766666666 0.097158398 -0.457271959 0.172000033 -0.064832190 0.004613564 -0.995067722 0.074938184
121.800000000 0.082526691 -0.454913734 0.168302655 -0.063425875 0.006441493 -0.995321840 0.072595457
121.833333333 0.067140466 -0.452577305 0.164779493 -0.061982546 0.008266644 -0.995569176 0.070227081
121.866666666 0.062010769 -0.450696292 0.163558392 -0.060568647 0.010009422 -0.995791265 0.068051507
121.900000000 0.047197888 -0.447764675 0.159866973 -0.059049721 0.011819208 -0.996024000 0.065647764
121.933333333 0.031848922 -0.443715168 0.156239330 -0.057507903 0.013594356 -0.996246557 0.063252138
121.966666666 0.015589986 -0.440249018 0.152425249 -0.055930819 0.015365782 -0.996461621 0.060826593
122.000000000 -0.000842523 -0.436751249 0.148534892 -0.054323230 0.017119505 -0.996667795 0.058388485
122.033333333 -0.017857810 -0.432787085 0.144693909 -0.052683753 0.018855174 -0.996864492 0.055947208
122.066666666 -0.034625770 -0.428521343 0.140949039 -0.051016858 0.020565590 -0.997051226 0.053508773
122.100000000 -0.050709537 -0.423538912 0.136210842 -0.049320199 0.022247980 -0.997228524 0.051066783
122.133333333 -0.066767721 -0.418694560 0.131813290 -0.047596284 0.023909617 -0.997395841 0.048625723
122.166666666 -0.083109468 -0.414216217 0.127452869 -0.045843548 0.025553770 -0.997554074 0.046165399
122.200000000 -0.100888801 -0.409525260 0.123606495 -0.044056349 0.027180755 -0.997703350 0.043683750
122.233333333 -0.118010424 -0.404084533 0.119199441 -0.042250071 0.028769183 -0.997842247 0.041208199
122.266666666 -0.135652199 -0.399108281 0.114869285 -0.040413079 0.030338531 -0.997972168 0.038702816
122.300000000 -0.152878974 -0.394183455 0.110828437 -0.038557021 0.031875596 -0.998091110 0.036213787
122.333333333 -0.170463950 -0.389104365 0.106729808 -0.036675701 0.033387237 -0.998200883 0.033692462
122.366666666 -0.186972105 -0.383053389 0.101448482 -0.034774451 0.034854438 -0.998299535 0.031208074
122.400000000 -0.198752591 -0.376413147 0.095407908 -0.032870150 0.036262353 -0.998386499 0.028792255
122.433333333 -0.216328761 -0.371159466 0.091358245 -0.030911411 0.037684915 -0.998466183 0.026260480
122.466666666 -0.234091595 -0.364972453 0.087374776 -0.028944348 0.039056662 -0.998535231 0.023752768
