# timestamp tx ty tz qx qy qz qw
4373.366541531 -0.158996608 -0.042735067 -0.032060904 0.496773220 -0.438072443 -0.518654763 0.540653437
4373.399874803 -0.152280999 -0.026073606 -0.025119192 0.490392670 -0.444699499 -0.514769746 0.544765539
4373.433208074 -0.153196013 -0.017410685 -0.019534911 0.483446628 -0.448253962 -0.520414307 0.542693922
4373.466541346 -0.169411425 -0.017419921 -0.016469110 0.482407439 -0.447423031 -0.521264609 0.543487720
4373.499874617 -0.186323370 -0.018562200 -0.013121647 0.482934055 -0.445442286 -0.522043072 0.543899715
4373.533207888 -0.201944677 -0.019395698 -0.009754427 0.484343507 -0.443523086 -0.522900973 0.543390478
4373.799874060 -0.309061069 -0.033798869 0.052072335 0.488835624 -0.445908402 -0.517376805 0.542703116
4373.833207331 -0.321254761 -0.036409355 0.061977315 0.489658924 -0.446828312 -0.516831291 0.541723190
4373.866540603 -0.327307264 -0.028986242 0.078567081 0.485933125 -0.449874862 -0.518183732 0.541264470
4373.899873874 -0.330104944 -0.021479974 0.094665237 0.482574050 -0.451529051 -0.518625685 0.542467696
4373.933207146 -0.334450643 -0.023546417 0.105113821 0.482050455 -0.450774507 -0.519797576 0.542439105
4373.966540417 -0.336294613 -0.025560513 0.118199571 0.480933698 -0.449039951 -0.522150159 0.542609539
4373.999873688 -0.336964096 -0.027338491 0.129649619 0.479105919 -0.448059375 -0.523259684 0.543966559
4374.033206960 -0.329876436 -0.019721988 0.143037266 0.476013992 -0.447378151 -0.520004778 0.550325812
4374.066540231 -0.336501556 -0.018584117 0.154204821 0.473539815 -0.450262870 -0.521341816 0.548840690
4374.099873503 -0.338199576 -0.016277204 0.165580341 0.471469899 -0.452408130 -0.522969263 0.547308111
4374.133206774 -0.341934996 -0.016770295 0.176728578 0.470696966 -0.453926022 -0.524408204 0.545336197
4374.166540045 -0.344825516 -0.017560444 0.187852718 0.469220254 -0.456494583 -0.525894460 0.543028605
4374.199873317 -0.347494128 -0.017379036 0.198411499 0.468264998 -0.459071924 -0.527085122 0.540520244
4374.233206588 -0.350373661 -0.014585611 0.208924347 0.467218732 -0.461737688 -0.528403938 0.537860802
4374.266539860 -0.351789713 -0.015021529 0.220054010 0.467167028 -0.462954658 -0.529382313 0.535893944
4374.299873131 -0.352797376 -0.015278223 0.231364873 0.466305230 -0.464055989 -0.529515726 0.535560050
4374.333206403 -0.352809394 -0.015177297 0.243913894 0.465529454 -0.464694460 -0.528653942 0.536531822
4374.366539674 -0.351662398 -0.015219447 0.257159518 0.464652295 -0.466261101 -0.526584900 0.537965773
4374.399872945 -0.349271111 -0.015042114 0.271189541 0.464006739 -0.468825747 -0.522951289 0.539835266
4374.433206217 -0.345288328 -0.014831066 0.285089663 0.464786247 -0.471389496 -0.518830018 0.540907663
4374.566539303 -0.324591842 -0.013127842 0.340810264 0.475813851 -0.477796837 -0.505470533 0.538340879
4374.599872574 -0.315964905 -0.012257112 0.354982862 0.477197533 -0.478475925 -0.501736582 0.540003431
4374.633205845 -0.307085093 -0.011886495 0.367903158 0.477772389 -0.478527138 -0.497841937 0.543045789
4374.666539117 -0.298234692 -0.012407580 0.379641826 0.477512531 -0.478247048 -0.493247056 0.547694154
4374.699872388 -0.291454841 -0.013572804 0.387901907 0.478088653 -0.478095227 -0.487804531 0.552180164
4374.733205660 -0.280581678 -0.013908222 0.397796286 0.479240910 -0.476722253 -0.483458488 0.556176172
4374.766538931 -0.270139429 -0.014062494 0.405765720 0.481688455 -0.475091816 -0.479871765 0.558558044
4374.799872203 -0.258231406 -0.014625533 0.412485925 0.484341512 -0.473955487 -0.476121214 0.560435621
4374.833205474 -0.245873903 -0.015324747 0.417741243 0.487012482 -0.472984970 -0.473501101 0.561160199
4374.866538745 -0.233631997 -0.016101006 0.420978166 0.489308265 -0.471644668 -0.472124332 0.561451106
4374.899872017 -0.221950053 -0.017986062 0.421960090 0.490882646 -0.469667805 -0.471738120 0.562058295
4374.933205288 -0.210292912 -0.020269882 0.419830990 0.490689245 -0.467234438 -0.472060601 0.563981235
4374.966538560 -0.197265841 -0.022031117 0.416000688 0.489376905 -0.464236190 -0.472298010 0.567388398
4374.999871831 -0.184733040 -0.023700456 0.410673462 0.487684532 -0.461362124 -0.473308034 0.570340506
4375.033205103 -0.172255554 -0.024432393 0.402118842 0.486006527 -0.458905155 -0.475832699 0.571652829
4375.066538374 -0.159245139 -0.025170204 0.392283783 0.484847562 -0.455793101 -0.478438035 0.572950728
4375.099871645 -0.145498345 -0.025101619 0.379374072 0.484405106 -0.451910547 -0.481769555 0.573608443
4375.133204917 -0.133091123 -0.024846265 0.363944561 0.484656653 -0.448642045 -0.486053037 0.572346651
4375.166538188 -0.120848720 -0.024463391 0.348834856 0.484791332 -0.446011627 -0.491423941 0.569695974
4375.199871460 -0.108725362 -0.024159997 0.332465743 0.484369850 -0.443618361 -0.497325558 0.566794396
4375.233204731 -0.097526262 -0.024400993 0.315417785 0.482518954 -0.442234259 -0.502706205 0.564704163
4375.266538002 -0.087252762 -0.024647053 0.297252726 0.479314719 -0.441273891 -0.508568172 0.562932649
4375.299871274 -0.078564077 -0.025429353 0.278587528 0.474109412 -0.440864546 -0.514357503 0.562401171
4375.333204545 -0.070301172 -0.026161668 0.259983655 0.468935786 -0.440469482 -0.519164548 0.562631351
4375.366537817 -0.062429114 -0.026738874 0.241710454 0.464366581 -0.442531252 -0.523389860 0.560885749
4375.399871088 -0.054000136 -0.027915601 0.223235226 0.460570040 -0.446457624 -0.526639675 0.557854355
4375.433204360 -0.046145469 -0.028570207 0.204591222 0.457663460 -0.449122931 -0.529869338 0.555041651
4375.466537631 -0.038796796 -0.029133298 0.185952349 0.454686945 -0.450064709 -0.533394591 0.553345959
4375.499870902 -0.032085069 -0.029682925 0.167960458 0.450418185 -0.450131599 -0.536129683 0.554138940
4375.533204174 -0.026523018 -0.029957493 0.149998637 0.444566575 -0.449346629 -0.538532770 0.557163013
4375.566537445 -0.020838893 -0.030198495 0.133081414 0.438006198 -0.446911522 -0.539852312 0.563009896
4375.599870717 -0.015094983 -0.031097927 0.116330398 0.431330664 -0.443902987 -0.539978150 0.570374958
4375.633203988 -0.009568813 -0.031397565 0.099842823 0.425253502 -0.441854209 -0.540040880 0.576437478
4375.666537260 -0.003704126 -0.030909635 0.083680435 0.421028864 -0.441311243 -0.541377316 0.578696538
4375.699870531 0.001763551 -0.030320137 0.067150377 0.419521227 -0.440842703 -0.544577373 0.577143947
4375.733203802 0.006980873 -0.029124381 0.051099814 0.419154036 -0.439652337 -0.547950413 0.575122649
4375.766537074 0.011888740 -0.027900381 0.035397345 0.418582482 -0.438693926 -0.551445278 0.572926218
4375.799870345 0.016263376 -0.026379382 0.020535358 0.416444256 -0.438624154 -0.555014907 0.571087985
4375.833203617 0.020317820 -0.024800674 0.006029041 0.414132064 -0.437096967 -0.558558573 0.570485053
4375.866536888 0.024573479 -0.022667897 -0.007739683 0.412092325 -0.433686767 -0.561877799 0.571304685
4375.899870160 0.030016700 -0.021229903 -0.020599778 0.410040512 -0.431488865 -0.564387701 0.571970857
4375.933203431 0.035897549 -0.019552435 -0.032265397 0.409107560 -0.432118625 -0.566028742 0.570540062
4375.966536702 0.043340071 -0.017466896 -0.043009287 0.410081931 -0.432981589 -0.566728387 0.568488073
4375.999869974 0.052101224 -0.014870612 -0.053023651 0.412811937 -0.432777281 -0.566636937 0.566756307
4376.033203245 0.062244244 -0.012708560 -0.062042729 0.415171012 -0.434797857 -0.565384325 0.564733937
4376.066536517 0.073838020 -0.011180578 -0.070375635 0.417667340 -0.438672422 -0.562799574 0.562474123
4376.099869788 0.084796840 -0.009128275 -0.078314765 0.419772307 -0.442107526 -0.560806940 0.560203286
4376.133203059 0.095615108 -0.007271753 -0.085912207 0.420995818 -0.443893401 -0.559205531 0.559473273
4376.166536331 0.106350471 -0.005368550 -0.093007228 0.422162210 -0.444531686 -0.557071806 0.560215719
4376.199869602 0.117419760 -0.003541714 -0.099287030 0.423758444 -0.445594758 -0.553967894 0.561242964
4376.233202874 0.128557625 -0.001912237 -0.105023869 0.426266582 -0.446276455 -0.550975423 0.561747461
4376.266536145 0.140179753 -0.000511265 -0.110114369 0.430097626 -0.446928775 -0.548525059 0.560705771
4376.299869417 0.152355858 0.000362515 -0.114294804 0.434297125 -0.449476864 -0.544871339 0.558991753
4376.333202688 0.164181743 0.000934908 -0.117837125 0.438157618 -0.451493297 -0.542278596 0.556871286
4376.366535959 0.175429904 0.001378516 -0.120435024 0.441196693 -0.453494247 -0.539785100 0.555266146
4376.399869231 0.185678238 0.001421169 -0.122044686 0.444039427 -0.455783433 -0.536939005 0.553883520
4376.433202502 0.195952531 0.000952716 -0.122851901 0.446614158 -0.458256892 -0.534287071 0.552334808
4376.466535774 0.205683745 0.000998744 -0.122664214 0.448913842 -0.460949047 -0.531368599 0.551044237
4376.499869045 0.214856810 0.001302353 -0.121516419 0.451735567 -0.463161444 -0.529080902 0.549080917
4376.533202317 0.223834406 0.001680901 -0.119407924 0.455228692 -0.465345832 -0.526986142 0.546356752
4376.566535588 0.232132672 0.001586651 -0.116379166 0.458231284 -0.468646023 -0.524914984 0.543009443
4376.599868859 0.240042555 0.001195157 -0.112579166 0.460553836 -0.472276479 -0.523524244 0.539228576
4376.633202131 0.247170147 0.000651896 -0.108047526 0.463093467 -0.475349620 -0.522054092 0.535767399
4376.666535402 0.253895958 0.000298233 -0.102596283 0.465865569 -0.478097523 -0.520756263 0.532170033
4376.699868674 0.260656128 -0.000326806 -0.096025046 0.468426894 -0.481704624 -0.518301080 0.529056604
4376.733201945 0.267168708 -0.001029986 -0.088320543 0.470828646 -0.485990155 -0.514627862 0.526585339
4376.766535217 0.272968938 -0.001484641 -0.079945711 0.473496305 -0.489474156 -0.510980355 0.524514420
4376.799868488 0.278675924 -0.002050216 -0.070728797 0.475854750 -0.492491304 -0.507553899 0.522880112
4376.833201759 0.283930642 -0.002315575 -0.060855490 0.478147798 -0.495316772 -0.503838843 0.521711030
4376.866535031 0.288673602 -0.002587233 -0.050445448 0.480460224 -0.498068880 -0.500301876 0.520368521
4376.899868302 0.292413705 -0.002676583 -0.039516120 0.482720775 -0.500054015 -0.498031970 0.518546809
4376.933201574 0.295637571 -0.002590506 -0.027957779 0.485099578 -0.501146211 -0.496206142 0.517020638
4376.966534845 0.298482866 -0.002756334 -0.015463813 0.486964536 -0.502476152 -0.494493196 0.515615881
4376.999868116 0.300005665 -0.003426446 -0.002151903 0.488272076 -0.503431722 -0.492858672 0.515011855
4377.033201388 0.300358584 -0.004134186 0.011596711 0.488845190 -0.503829900 -0.492200864 0.514707802
4377.066534659 0.299847901 -0.005226465 0.025731317 0.489264545 -0.503930319 -0.492355227 0.514063001
4377.099867931 0.298669248 -0.006565899 0.040338010 0.489778705 -0.504254350 -0.492055387 0.513542469
4377.133201202 0.297090163 -0.008081544 0.055198054 0.490092127 -0.505208498 -0.491610745 0.512730881
4377.166534474 0.294587288 -0.009256022 0.069208885 0.490377771 -0.505571564 -0.491802330 0.511915524
4377.199867745 0.291273185 -0.010386806 0.083718715 0.490973887 -0.506689601 -0.491697151 0.510337342
4377.233201016 0.287400285 -0.011604159 0.098062934 0.491698534 -0.508945897 -0.491316871 0.507754230
4377.266534288 0.282813779 -0.012814203 0.112150250 0.492943059 -0.511453185 -0.491386295 0.503946713
4377.299867559 0.277808666 -0.013453129 0.126047536 0.494851190 -0.513700410 -0.491725751 0.499439661
4377.333200831 0.272100805 -0.014141020 0.139247457 0.497513509 -0.515364823 -0.491796415 0.494990600
4377.366534102 0.265851005 -0.014929203 0.152249295 0.500132206 -0.517985286 -0.491316873 0.490068108
4377.399867374 0.259444122 -0.015568529 0.165018292 0.503041522 -0.520775277 -0.490399618 0.485026343
4377.433200645 0.252266465 -0.016128412 0.177146863 0.506088479 -0.522321166 -0.489990924 0.480587084
4377.466533916 0.244377516 -0.016257028 0.188710942 0.509127916 -0.522192176 -0.489613999 0.477893532
4377.499867188 0.235812806 -0.016376808 0.199334996 0.511515063 -0.521209398 -0.489591009 0.476438609
4377.533200459 0.226202576 -0.016559273 0.209680537 0.512677896 -0.520822496 -0.490300758 0.474879426
4377.566533731 0.216033477 -0.016651668 0.219150205 0.513347008 -0.519547161 -0.491412366 0.474404345
4377.599867002 0.205436851 -0.016651111 0.227957763 0.513975286 -0.517676381 -0.492299462 0.474849250
4377.633200274 0.194610554 -0.016551885 0.236018271 0.514604790 -0.515419000 -0.493458825 0.475419344
4377.666533545 0.183515819 -0.016171195 0.243278682 0.514901741 -0.513051504 -0.494990507 0.476065909
4377.699866816 0.172600510 -0.015830968 0.249970813 0.515029551 -0.510739050 -0.495681273 0.477692642
4377.733200088 0.161708392 -0.015336425 0.256105923 0.515681016 -0.507855052 -0.495772448 0.479964598
4377.766533359 0.151084955 -0.014749988 0.261630162 0.516772652 -0.505054509 -0.495914362 0.481596215
4377.799866631 0.140258706 -0.014156515 0.266882244 0.518169773 -0.503035488 -0.495230409 0.482910164
4377.833199902 0.129101941 -0.013617648 0.271306756 0.519452115 -0.501171734 -0.494763597 0.483947700
4377.866533174 0.117645228 -0.012910907 0.274931417 0.519899824 -0.498995211 -0.495063301 0.485407336
4377.899866445 0.105966532 -0.012268409 0.277724461 0.519935084 -0.495998223 -0.494857311 0.488640474
4377.933199716 0.094032656 -0.011772159 0.279650122 0.519288896 -0.492807183 -0.494675300 0.492723522
4377.966532988 0.081918307 -0.011374086 0.280536433 0.517892513 -0.489558567 -0.495353184 0.496734314
4377.999866259 0.069591675 -0.010690953 0.280562359 0.515965258 -0.486404000 -0.496740231 0.500439951
4378.033199531 0.057293500 -0.010336720 0.279919033 0.514375093 -0.483488138 -0.497711786 0.503925057
4378.066532802 0.045178037 -0.009826173 0.278493478 0.513090328 -0.481147060 -0.498456476 0.506731649
4378.099866073 0.032876262 -0.009127226 0.276401004 0.512360816 -0.478457656 -0.499305419 0.509174592
4378.133199345 0.020392175 -0.008786989 0.273980216 0.511811288 -0.476215707 -0.500354249 0.510796858
4378.166532616 0.008543489 -0.008261214 0.270599429 0.510909126 -0.474540144 -0.500833348 0.512785992
4378.199865888 -0.002939591 -0.007811264 0.266377097 0.509304488 -0.472608477 -0.501951469 0.515067849
4378.233199159 -0.014464600 -0.007509260 0.261508059 0.507288165 -0.470365346 -0.503180123 0.517904356
4378.266532431 -0.025287747 -0.007456922 0.255938308 0.504897774 -0.468477281 -0.503586906 0.521543386
4378.299865702 -0.034963655 -0.007915052 0.249686397 0.501785311 -0.468347967 -0.503218798 0.525007167
4378.333198973 -0.044013349 -0.008469473 0.242798863 0.498661600 -0.469495979 -0.501951314 0.528161919
4378.366532245 -0.051740198 -0.009012211 0.234902856 0.496708086 -0.471151487 -0.500259215 0.530130240
4378.399865516 -0.057541752 -0.009110956 0.225856379 0.496792206 -0.472649555 -0.498055209 0.530792719
4378.433198788 -0.061987610 -0.009407981 0.215777737 0.498246214 -0.474526165 -0.496379210 0.529323444
4378.466532059 -0.065078641 -0.009937689 0.204857933 0.499407756 -0.476699572 -0.494572870 0.527965044
4378.499865331 -0.067043751 -0.010737753 0.193103609 0.500353065 -0.478260113 -0.491849037 0.528203181
4378.533198602 -0.067355771 -0.011374267 0.180569433 0.501447750 -0.478750039 -0.488706582 0.529636131
4378.566531873 -0.068276272 -0.012554172 0.167564152 0.502469653 -0.479101273 -0.485884458 0.530944924
4378.599865145 -0.069123197 -0.013988889 0.154171386 0.503207850 -0.480604371 -0.483416633 0.531139961
4378.633198416 -0.069182221 -0.015396419 0.140324424 0.503449791 -0.482690736 -0.480642639 0.531536090
4378.666531688 -0.069589554 -0.016421710 0.125818047 0.504183737 -0.482589430 -0.478632954 0.532744494
4378.699864959 -0.071442514 -0.016845721 0.110627168 0.505147026 -0.481227488 -0.477827151 0.533786287
4378.733198231 -0.073390797 -0.017284438 0.095185633 0.505375967 -0.480414695 -0.476919063 0.535112194
4378.766531502 -0.075478556 -0.017605448 0.079392091 0.504714854 -0.479197373 -0.476845549 0.536890228
4378.799864773 -0.078017668 -0.017630958 0.063236798 0.504040538 -0.476839323 -0.477112311 0.539380421
4378.833198045 -0.080399383 -0.017579905 0.046872426 0.504452690 -0.473415076 -0.477368064 0.541779827
4378.866531316 -0.082970629 -0.017535243 0.030518012 0.504648539 -0.470510999 -0.478730342 0.542924038
4378.899864588 -0.085469122 -0.017605307 0.014607749 0.505173859 -0.467930756 -0.480438058 0.543156932
4378.933197859 -0.087505958 -0.017394556 -0.000441639 0.506378647 -0.466217516 -0.481502420 0.542565491
4378.966531130 -0.088868965 -0.017511794 -0.014448164 0.508247883 -0.464152673 -0.481533401 0.542560567
4378.999864402 -0.089830130 -0.017758046 -0.027382469 0.509480364 -0.463203269 -0.480984404 0.542702951
4379.033197673 -0.090189617 -0.018438232 -0.039195835 0.510414434 -0.463462325 -0.479224246 0.543161027
4379.066530945 -0.090648170 -0.018978792 -0.050201085 0.511592798 -0.464581151 -0.476120299 0.543825913
4379.099864216 -0.091203691 -0.019517471 -0.060405350 0.512692164 -0.465466062 -0.473202953 0.544579706
4379.133197488 -0.091697763 -0.019485552 -0.070361499 0.514490132 -0.464743628 -0.469697769 0.546532039
4379.166530759 -0.092743451 -0.019203818 -0.080101360 0.516099995 -0.463393675 -0.467229361 0.548273491
4379.199864030 -0.094506740 -0.018817403 -0.089735175 0.516673153 -0.461712042 -0.466205722 0.550020970
4379.233197302 -0.095689204 -0.018536976 -0.098591311 0.516766102 -0.459245417 -0.466336582 0.551884622
4379.266530573 -0.098678509 -0.017928856 -0.107908893 0.517161353 -0.456609669 -0.466829878 0.553282577
4379.299863845 -0.102360713 -0.017280874 -0.116909654 0.517412087 -0.454651317 -0.468343621 0.553381572
4379.333197116 -0.106386937 -0.016894455 -0.125263351 0.516035159 -0.453947158 -0.470471353 0.553440510
4379.366530388 -0.111306425 -0.016526128 -0.133247235 0.513486634 -0.452533590 -0.472485459 0.555249779
4379.399863659 -0.116255031 -0.015590559 -0.140503886 0.511478929 -0.448259026 -0.473292958 0.559863311
4379.433196930 -0.121080984 -0.014243106 -0.146824714 0.509742105 -0.442847630 -0.471629785 0.567110491
4379.466530202 -0.125713668 -0.012901506 -0.152124956 0.508082778 -0.438024951 -0.469117253 0.574382308
4379.499863473 -0.130352650 -0.011477941 -0.156295698 0.506718919 -0.434399589 -0.466559457 0.580392287
4379.533196745 -0.135138726 -0.010209951 -0.159256464 0.505784531 -0.431731148 -0.464850515 0.584554721
4379.566530016 -0.140451469 -0.008985294 -0.161040521 0.505314859 -0.428881681 -0.464321619 0.587471558
4379.599863288 -0.146218949 -0.008217647 -0.161354947 0.504266005 -0.427915857 -0.464779082 0.588714039
4379.633196559 -0.153300865 -0.007947789 -0.160637142 0.502173437 -0.428811543 -0.466742280 0.588297667
4379.666529830 -0.161935800 -0.008023619 -0.159398259 0.499008149 -0.429721402 -0.471082054 0.586866325
4379.699863102 -0.171408865 -0.008105836 -0.157662937 0.495827744 -0.429772346 -0.476417456 0.585215333
4379.733196373 -0.181609154 -0.008039669 -0.155715475 0.492139258 -0.429580430 -0.482709642 0.583310386
4379.766529645 -0.191043034 -0.008183818 -0.153192492 0.488125887 -0.430147749 -0.488850249 0.581146682
4379.799862916 -0.200290465 -0.007870310 -0.150537736 0.485389172 -0.430886939 -0.494324365 0.578253594
4379.833196188 -0.208904948 -0.006826679 -0.147520765 0.483984429 -0.430877120 -0.499707331 0.574801325
4379.866529459 -0.216631299 -0.005865150 -0.144152869 0.483253256 -0.430660133 -0.503791237 0.572007456
4379.899862730 -0.223667392 -0.005018783 -0.140310235 0.482711337 -0.430199632 -0.506421133 0.570487228
4379.933196002 -0.230282635 -0.004296834 -0.136005952 0.481832984 -0.429222627 -0.508662534 0.569971348
4379.966529273 -0.236126675 -0.003958419 -0.130783778 0.479991471 -0.428530984 -0.509815736 0.571014272
4379.999862545 -0.242133375 -0.004182423 -0.125194319 0.476834537 -0.428226314 -0.510101792 0.573626368
4380.033195816 -0.247925793 -0.004731952 -0.118944683 0.473039875 -0.428152825 -0.510630918 0.576345816
4380.066529087 -0.252979989 -0.005359910 -0.112208150 0.469510462 -0.428500654 -0.511282908 0.578391653
4380.099862359 -0.258670469 -0.005588358 -0.105160752 0.467338241 -0.429021835 -0.512042310 0.579092312
4380.133195630 -0.264194677 -0.005570858 -0.097349552 0.465744216 -0.430224657 -0.512986655 0.578648220
4380.166528902 -0.269512709 -0.005727222 -0.089003876 0.464242745 -0.431664553 -0.513932967 0.577942292
4380.199862173 -0.275004497 -0.005661838 -0.080425037 0.462631310 -0.433350850 -0.514598836 0.577379728
4380.233195445 -0.280321695 -0.005230389 -0.071476995 0.461761728 -0.434525184 -0.515037914 0.576801455
4380.266528716 -0.285690194 -0.004331567 -0.062231518 0.462045559 -0.434690057 -0.516002736 0.575586338
4380.299861987 -0.290611947 -0.003691552 -0.052495328 0.461723040 -0.435333182 -0.517138775 0.574338177
4380.333195259 -0.295337473 -0.003025364 -0.042485903 0.460190290 -0.436679391 -0.517666056 0.574071303
4380.366528530 -0.300160582 -0.002289719 -0.032496527 0.458763834 -0.437385113 -0.518596425 0.573836001
4380.399861802 -0.304627804 -0.001483516 -0.022186009 0.457083794 -0.437076178 -0.520116456 0.574036316
4380.433195073 -0.308495022 -0.000485027 -0.011697922 0.455079648 -0.436721435 -0.522004020 0.574185253
4380.466528345 -0.311902772 0.000337255 -0.001147303 0.452858282 -0.437543814 -0.524279939 0.573241077
4380.499861616 -0.314955582 0.000986099 0.009783125 0.451128946 -0.438483676 -0.527005902 0.571383863
4380.533194887 -0.316121123 0.001278914 0.021312539 0.450296728 -0.439617469 -0.530075318 0.568321648
4380.566528159 -0.317163653 0.001897060 0.033485294 0.450061211 -0.441492579 -0.532218853 0.565041859
4380.599861430 -0.316917518 0.002560930 0.046401412 0.449584093 -0.443462326 -0.533475427 0.562689325
4380.633194702 -0.315048287 0.003249122 0.059868897 0.449163930 -0.445253807 -0.532610312 0.562429610
4380.666527973 -0.311444654 0.003946683 0.073619196 0.449109486 -0.447381186 -0.529693754 0.563538172
4380.699861245 -0.306230887 0.004943415 0.087159375 0.449883913 -0.449817084 -0.525758303 0.564665621
4380.733194516 -0.299708868 0.006421728 0.100115278 0.451377657 -0.452214173 -0.521834970 0.565198033
4380.766527787 -0.291814410 0.008321439 0.112453076 0.454486556 -0.454390242 -0.517909807 0.564571439
4380.799861059 -0.282755656 0.010791720 0.124000835 0.459865610 -0.456765430 -0.514299873 0.561591136
4380.833194330 -0.273038133 0.013163414 0.135003670 0.466705766 -0.459887493 -0.512384418 0.555113889
4380.866527602 -0.263058069 0.015513138 0.145486638 0.474198744 -0.462944914 -0.511631056 0.546855758
4380.899860873 -0.252981226 0.018294430 0.155624298 0.481460810 -0.465326388 -0.512027358 0.538047233
4380.933194144 -0.242383326 0.020821084 0.165614245 0.487053781 -0.467467903 -0.512836004 0.530331601
4380.966527416 -0.230822262 0.022549912 0.175809251 0.490827427 -0.468953118 -0.512243468 0.526096987
4380.999860687 -0.218771231 0.023928148 0.185967040 0.493083963 -0.469204931 -0.510675230 0.525286348
4381.033193959 -0.205657101 0.025095874 0.195949404 0.494552545 -0.468900835 -0.508434662 0.526349677
4381.066527230 -0.192151749 0.026047065 0.205904674 0.496118568 -0.469128891 -0.506015724 0.527003356
4381.099860502 -0.177297994 0.026573926 0.215935227 0.498277806 -0.470350980 -0.503448670 0.526335084
4381.133193773 -0.161788372 0.026597748 0.225689594 0.501095533 -0.472355304 -0.501200362 0.524005660
4381.166527044 -0.145681632 0.026331994 0.235151125 0.503878792 -0.475982389 -0.499124790 0.520020550
4381.199860316 -0.129171018 0.025720409 0.243948692 0.506485632 -0.480810808 -0.496397061 0.515638661
4381.233193587 -0.112496787 0.024853995 0.251047534 0.508324396 -0.484592251 -0.494852995 0.511758901
4381.266526859 -0.096060799 0.024170536 0.256334258 0.509521549 -0.487161000 -0.494261837 0.508691643
4381.299860130 -0.079881315 0.022884283 0.259843264 0.509157426 -0.490853997 -0.493378533 0.506358265
4381.333193402 -0.064244232 0.021598593 0.261268299 0.507653949 -0.494428039 -0.493639088 0.504131761
4381.366526673 -0.049612105 0.020366546 0.260822799 0.505308520 -0.497367184 -0.495706060 0.501562246
4381.399859944 -0.035800551 0.019114191 0.258478643 0.502471210 -0.499830268 -0.498282725 0.499406360
4381.433193216 -0.022833138 0.017635389 0.254643010 0.498485943 -0.503372287 -0.500554256 0.497567626
4381.466526487 -0.010869150 0.016195129 0.249061324 0.494092968 -0.506692036 -0.502786441 0.496327628
4381.499859759 -0.000108412 0.015236761 0.241673341 0.489752488 -0.509146645 -0.505472667 0.495388310
4381.533193030 0.009329378 0.014757030 0.232805381 0.485805064 -0.510716679 -0.509097440 0.493945047
4381.566526302 0.017376671 0.015025454 0.223224264 0.481471441 -0.511707359 -0.514290956 0.491778043
4381.599859573 0.023903159 0.015193632 0.213332998 0.477012444 -0.512780117 -0.519115104 0.489933862
4381.633192844 0.029193958 0.015432164 0.204008615 0.472901164 -0.513629220 -0.522887613 0.489017441
4381.666526116 0.032749197 0.016121268 0.195481306 0.468529754 -0.513386124 -0.528046970 0.487935401
4381.699859387 0.035157990 0.016630246 0.188450106 0.463642558 -0.512710616 -0.533315808 0.487583481
4381.733192659 0.036888861 0.016621762 0.183364951 0.458018042 -0.513364531 -0.537539357 0.487573350
4381.766525930 0.038576265 0.016175858 0.180094282 0.452599222 -0.514796241 -0.539868892 0.488549234
4381.799859201 0.040207339 0.015500857 0.178263654 0.448642362 -0.516597095 -0.540279155 0.489842737
4381.833192473 0.041720635 0.014821768 0.177607455 0.446087890 -0.518832308 -0.539747836 0.490398720
4381.866525744 0.042780822 0.014164220 0.177663370 0.444244713 -0.520761789 -0.539421695 0.490385593
4381.899859016 0.043700913 0.013716058 0.178198171 0.443312328 -0.521807233 -0.539373739 0.490170747
4381.933192287 0.044843008 0.013192451 0.179060857 0.443473264 -0.522144020 -0.538898649 0.490189078
4381.966525559 0.045702700 0.012945049 0.179854774 0.444911620 -0.521805580 -0.538033937 0.490195950
4381.999858830 0.046224615 0.012764964 0.180661527 0.447183218 -0.521224139 -0.536920200 0.489968637
4382.033192101 0.046322474 0.012570782 0.181435138 0.449659793 -0.520439399 -0.535740859 0.489827147
4382.066525373 0.045933452 0.012405042 0.182144228 0.451634881 -0.519746930 -0.535227497 0.489306232
4382.099858644 0.045463995 0.012097032 0.182760403 0.453838625 -0.519122669 -0.534509218 0.488714695
4382.133191916 0.044831164 0.011883104 0.183134692 0.455946700 -0.518011187 -0.533869920 0.488630663
4382.166525187 0.044007668 0.011871162 0.183066215 0.458116238 -0.515902551 -0.534412021 0.488239554
4382.199858459 0.043273056 0.011854413 0.182647547 0.460621413 -0.513384878 -0.535127503 0.487752434
4382.233191730 0.042720897 0.011761199 0.182013607 0.463325201 -0.511730978 -0.535352361 0.486681635
4382.266525001 0.042025958 0.011631422 0.181300399 0.465929073 -0.510646096 -0.535871163 0.484760518
4382.299858273 0.041132528 0.011367048 0.180486722 0.468026085 -0.509280240 -0.536520404 0.483457421
4382.333191544 0.040136337 0.011038237 0.179845124 0.469326389 -0.508055544 -0.536381794 0.483639199
4382.366524816 0.039099409 0.010461671 0.179303863 0.469474193 -0.507587419 -0.535441023 0.485027736
4382.399858087 0.038063554 0.009847968 0.178680156 0.469096307 -0.507102428 -0.534161049 0.487306634
4382.433191359 0.037082156 0.009185643 0.177889788 0.468524617 -0.506413594 -0.532724779 0.490136986
4382.466524630 0.036155223 0.008378685 0.176979814 0.467711784 -0.506062579 -0.531487423 0.492612904
4382.499857901 0.035427528 0.007411408 0.175966757 0.466798042 -0.505794138 -0.530581752 0.494727078
4382.533191173 0.034796744 0.006652040 0.174997385 0.466391174 -0.505211643 -0.529687251 0.496660733
4382.566524444 0.034327763 0.005984229 0.174198507 0.465999403 -0.505103658 -0.528771932 0.498111529
4382.599857716 0.033999413 0.005413598 0.173616385 0.465734891 -0.505148791 -0.527915299 0.499220540
4382.633190987 0.033753604 0.004950712 0.173300802 0.465686817 -0.505160931 -0.527351552 0.499848540
4382.666524259 0.033798718 0.004586350 0.173182861 0.465819359 -0.505032643 -0.526678852 0.500563424
4382.699857530 0.033744808 0.004359256 0.173297378 0.466135634 -0.504814736 -0.526084322 0.501113699
4382.733190801 0.033901858 0.004257222 0.173539273 0.466961772 -0.504555243 -0.525474388 0.501245825
4382.766524073 0.034272858 0.004172680 0.173859067 0.468002418 -0.504500423 -0.524934715 0.500895802
4382.799857344 0.034789220 0.004149602 0.174174637 0.469309264 -0.504069083 -0.524508774 0.500553415
4382.833190616 0.035495198 0.004057377 0.174656806 0.470671407 -0.503723596 -0.524154312 0.499993224
4382.866523887 0.036426773 0.003848941 0.175479286 0.472175695 -0.503706946 -0.523700860 0.499065962
4382.899857158 0.037459509 0.003688500 0.176778499 0.473994807 -0.503903428 -0.523610261 0.497234907
4382.933190430 0.038705964 0.003376881 0.178667431 0.476274497 -0.504427107 -0.522978592 0.495186116
4382.966523701 0.040044267 0.002706613 0.181186788 0.478040355 -0.505806928 -0.521662861 0.493461883
4382.999856973 0.041201907 0.001888946 0.183954412 0.478998325 -0.507071421 -0.520053220 0.492933897
4383.033190244 0.042054623 0.001086618 0.186432140 0.479562753 -0.507627525 -0.519058760 0.492860899
4383.066523516 0.042833526 -0.000002192 0.188546197 0.480173688 -0.508265179 -0.517894692 0.492833466
4383.099856787 0.043374041 -0.001018026 0.190141077 0.480621816 -0.509412440 -0.516716812 0.492448344
4383.133190058 0.043622459 -0.001734555 0.190927159 0.481117192 -0.509795822 -0.516609393 0.491679979
4383.166523330 0.043592462 -0.002309346 0.190986112 0.481609314 -0.509446438 -0.517147039 0.490994639
4383.199856601 0.043366103 -0.002893032 0.190507093 0.481972014 -0.509103571 -0.517727210 0.490382573
4383.233189873 0.043033401 -0.003465188 0.189652085 0.482160144 -0.508806808 -0.518676857 0.489501323
4383.266523144 0.042566226 -0.004069336 0.188524055 0.482278323 -0.508075944 -0.519670067 0.489090458
4383.299856416 0.042002858 -0.004690825 0.187245750 0.482281379 -0.507011501 -0.520652089 0.489147637
4383.333189687 0.041440747 -0.005402970 0.186025715 0.482264268 -0.506152126 -0.521257424 0.489409745
4383.366522958 0.040938197 -0.006174627 0.184935879 0.482173309 -0.505539407 -0.521911183 0.489435926
4383.399856230 0.040334617 -0.006861730 0.183913404 0.482195548 -0.504907429 -0.522729786 0.489192714
4383.433189501 0.039843427 -0.007621473 0.183031572 0.482435072 -0.504371287 -0.522805571 0.489428586
4383.466522773 0.039338831 -0.008315077 0.182236228 0.482616570 -0.503968214 -0.522918085 0.489544647
4383.499856044 0.038725116 -0.009182122 0.181540946 0.482533038 -0.503954768 -0.522973488 0.489581649
4383.533189316 0.038006967 -0.009981339 0.180880352 0.482379176 -0.503731746 -0.523145193 0.489779304
4383.566522587 0.037245317 -0.010750855 0.180305981 0.482314618 -0.503293987 -0.523521088 0.489891255
4383.599855858 0.036578144 -0.011519882 0.179911288 0.482425727 -0.503006377 -0.523565559 0.490029702
4383.633189130 0.035918436 -0.012231736 0.179623116 0.482671316 -0.502658424 -0.523784965 0.489910421
4383.666522401 0.035285302 -0.012916703 0.179450780 0.483052801 -0.502216907 -0.524295230 0.489441194
4383.699855673 0.034795852 -0.013628646 0.179514624 0.483458057 -0.502176255 -0.524120933 0.489269418
4383.733188944 0.034343344 -0.014280452 0.179702133 0.483703704 -0.502032508 -0.523898672 0.489412166
4383.766522215 0.034012616 -0.014835873 0.179946175 0.483960191 -0.501616663 -0.523735194 0.489759843
4383.799855487 0.033784015 -0.015339009 0.180277283 0.484384819 -0.501509391 -0.523255586 0.489962518
4383.833188758 0.033671770 -0.015842495 0.180655364 0.485106510 -0.501493099 -0.522613741 0.489950225
4383.866522030 0.033550352 -0.016104637 0.180988553 0.485836163 -0.501261440 -0.522280372 0.489819768
4383.899855301 0.033246503 -0.016588839 0.181211019 0.486455151 -0.500926421 -0.522148831 0.489688375
4383.933188573 0.032822507 -0.017148304 0.181328284 0.486735173 -0.500949117 -0.522062170 0.489479258
4383.966521844 0.032257818 -0.017733491 0.181335151 0.486851093 -0.500942249 -0.522132972 0.489295448
4383.999855115 0.031580070 -0.018331242 0.181238102 0.486702446 -0.500786552 -0.522271281 0.489455073
4384.033188387 0.030906330 -0.018911497 0.181047522 0.486519528 -0.500494280 -0.522288039 0.489917777
4384.066521658 0.030298970 -0.019514498 0.180787100 0.486362845 -0.500345155 -0.522439687 0.490063956
4384.099854930 0.029730306 -0.020057789 0.180454943 0.486384869 -0.500287885 -0.522681989 0.489842148
4384.133188201 0.029154153 -0.020477879 0.180077515 0.486440174 -0.499933078 -0.523215939 0.489579366
4384.166521473 0.028709163 -0.020864707 0.179744948 0.486514542 -0.499285134 -0.523879713 0.489456843
4384.199854744 0.028308439 -0.021281558 0.179526110 0.486466193 -0.499165014 -0.524171130 0.489315397
4384.233188015 0.027967647 -0.021665284 0.179364874 0.486468812 -0.499161673 -0.524523595 0.488938358
4384.266521287 0.027712277 -0.021906687 0.179228096 0.486674675 -0.498927924 -0.525064248 0.488391465
4384.299854558 0.027519948 -0.022223168 0.179140638 0.486929452 -0.498638062 -0.525224860 0.488260831
4384.333187830 0.027385744 -0.022634034 0.179116716 0.486790562 -0.498765288 -0.525116011 0.488386437
4384.366521101 0.027273225 -0.022977689 0.179103908 0.486680368 -0.498836410 -0.525079817 0.488462527
4384.399854373 0.027120936 -0.023182334 0.179039867 0.486795914 -0.498552139 -0.525339777 0.488358087
4384.433187644 0.027000686 -0.023378696 0.178960240 0.487013762 -0.498520502 -0.525500371 0.488000271
4384.466520915 0.026932982 -0.023647547 0.178871615 0.487211366 -0.498658279 -0.525553698 0.487604673
4384.499854187 0.026853346 -0.023788983 0.178746102 0.487420421 -0.498407344 -0.525847762 0.487335187
4384.533187458 0.026852584 -0.023963264 0.178678297 0.488032040 -0.497960350 -0.525952144 0.487067305
4384.566520730 0.026804941 -0.024377200 0.178733575 0.488133936 -0.498317562 -0.525807558 0.486755873
4384.599854001 0.026614584 -0.024817230 0.178848312 0.488030517 -0.498531536 -0.525899144 0.486541481
4384.633187273 0.026409163 -0.025266738 0.179188319 0.488087962 -0.498533507 -0.525936801 0.486441122
4384.666520544 0.026235708 -0.025690478 0.179887787 0.488181156 -0.498546337 -0.526207034 0.486042042
4384.699853815 0.026164453 -0.026255974 0.181130502 0.488451529 -0.498760703 -0.526400025 0.485340992
4384.733187087 0.026313596 -0.026962423 0.183023482 0.489153427 -0.499280049 -0.526454239 0.484039556
4384.766520358 0.026584022 -0.027811892 0.185504613 0.490199131 -0.499869798 -0.526782126 0.482012021
4384.799853630 0.026952780 -0.028943902 0.188623191 0.491205682 -0.500729511 -0.526953063 0.479903537
4384.833186901 0.027299538 -0.030350446 0.192282500 0.492058111 -0.501907893 -0.526802880 0.477960258
4384.866520172 0.027662761 -0.031984903 0.196295560 0.492793154 -0.503484997 -0.526169008 0.476239373
4384.899853444 0.027969277 -0.033693991 0.200499433 0.493396905 -0.505433441 -0.525087462 0.474741706
4384.933186715 0.028209260 -0.035430808 0.204719371 0.493738069 -0.507555050 -0.523972077 0.473353836
4384.966519987 0.028340990 -0.037121933 0.208927648 0.493873872 -0.509214106 -0.522942045 0.472568736
4384.999853258 0.028418719 -0.038606542 0.213161035 0.493638574 -0.510248202 -0.522375598 0.472325592
4385.033186530 0.028680967 -0.039740378 0.217643401 0.493897119 -0.510533063 -0.522369145 0.471754283
4385.066519801 0.029021167 -0.040386882 0.222657576 0.494874200 -0.511028375 -0.522269612 0.470302008
4385.099853072 0.029934567 -0.040691194 0.228394741 0.496951585 -0.511696741 -0.521890180 0.467799324
4385.133186344 0.031095780 -0.040418512 0.234804547 0.499680893 -0.512301313 -0.521538307 0.464611843
4385.233186158 0.037004544 -0.035973601 0.257492386 0.510073754 -0.511614905 -0.516978697 0.459138303
4385.266519430 0.039855429 -0.033468453 0.265992780 0.513764985 -0.510730997 -0.513861958 0.459505469
4385.299852701 0.043231182 -0.030827769 0.275024800 0.517237782 -0.510820621 -0.508679683 0.461272533
4385.333185972 0.046758061 -0.027900152 0.284238744 0.521049873 -0.511487858 -0.502501079 0.463011735
4385.366519244 0.050073798 -0.024307096 0.293425387 0.525155722 -0.512217176 -0.496684742 0.463841891
4385.399852515 0.053158712 -0.020169713 0.302226058 0.529691806 -0.512236691 -0.490905404 0.464813992
4385.433185787 0.055741040 -0.015946378 0.310736765 0.534042751 -0.512111302 -0.485550946 0.465597072
4385.466519058 0.058028718 -0.011716921 0.318768848 0.537760017 -0.512248008 -0.480597865 0.466306589
4385.499852330 0.059841921 -0.007330568 0.326177402 0.540992473 -0.512048711 -0.476101292 0.467397926
4385.533185601 0.061061242 -0.002809009 0.332825209 0.543764538 -0.510886938 -0.472270855 0.469334534
4385.566518872 0.061869756 0.001991184 0.338679299 0.545838011 -0.509286827 -0.468865238 0.472073280
4385.599852144 0.062274713 0.006641429 0.343274934 0.547519910 -0.507263398 -0.465503824 0.475617476
4385.633185415 0.062753593 0.012219568 0.347436180 0.549259859 -0.504683634 -0.462119093 0.479639429
4385.666518687 0.063156036 0.018399928 0.350744713 0.551263627 -0.501703057 -0.459270221 0.483190770
4385.699851958 0.063278639 0.025085604 0.353139309 0.553958322 -0.498440201 -0.456832569 0.485789612
4385.733185229 0.063725357 0.032141495 0.355028577 0.557036347 -0.495465910 -0.454261769 0.487719474
4385.766518501 0.064340108 0.039435006 0.356397334 0.560198841 -0.492572072 -0.451627297 0.489471956
4385.799851772 0.064863456 0.046901775 0.357277965 0.563500430 -0.489311275 -0.448960933 0.491401894
4385.833185044 0.065378025 0.054551970 0.357809714 0.566855265 -0.485805787 -0.445977443 0.493732686
4385.866518315 0.065926788 0.062278716 0.358005960 0.569909594 -0.482458276 -0.442541904 0.496582048
4385.899851587 0.066493433 0.070111509 0.357871084 0.572878020 -0.478572246 -0.439339701 0.499759950
4385.933184858 0.066876754 0.077993264 0.357355672 0.575581120 -0.474677760 -0.436766639 0.502615461
4385.966518129 0.067078701 0.086019552 0.356333537 0.578449091 -0.470610579 -0.434050194 0.505492592
4385.999851401 0.067357338 0.093704524 0.354145673 0.581127167 -0.466437070 -0.431675007 0.508315221
4386.033184672 0.067336133 0.101854162 0.351572111 0.583538466 -0.461727998 -0.430233383 0.511066875
4386.066517944 0.066809193 0.110093966 0.348397315 0.585955020 -0.456496653 -0.429106113 0.513941110
4386.099851215 0.065822178 0.118275714 0.344640512 0.588181094 -0.450865015 -0.428498573 0.516868177
4386.133184487 0.064939748 0.126445414 0.340641397 0.590075200 -0.445324715 -0.427824561 0.520060863
4386.166517758 0.063950340 0.134363721 0.336536438 0.591725255 -0.440413179 -0.426928136 0.523096379
4386.199851029 0.063106652 0.142214228 0.332567822 0.593739980 -0.435805894 -0.425771514 0.525608863
4386.233184301 0.062320346 0.150063777 0.328799428 0.595662845 -0.431680095 -0.424269789 0.528046606
4386.266517572 0.061592534 0.157848340 0.325164931 0.597491140 -0.427859163 -0.422410765 0.530575178
4386.299850844 0.060870039 0.165375187 0.321652536 0.598976006 -0.424322340 -0.419994656 0.533650434
4386.333184115 0.059936884 0.172784529 0.318173315 0.600184286 -0.420594302 -0.417575393 0.537131312
4386.366517387 0.058826078 0.180394199 0.314675385 0.601205579 -0.416334739 -0.415598837 0.540827924
4386.399850658 0.057617619 0.187995819 0.311427492 0.602449009 -0.411943692 -0.413650284 0.544289472
4386.433183929 0.056376887 0.195473069 0.308333946 0.603933925 -0.407938575 -0.411317346 0.547419377
4386.466517201 0.054863532 0.202935711 0.305517718 0.605633495 -0.404057513 -0.409355891 0.549884852
4386.499850472 0.053550046 0.210452643 0.302809671 0.607593679 -0.400351104 -0.407344591 0.551923272
4386.533183744 0.051947707 0.217960679 0.299919522 0.609825081 -0.396598103 -0.405206537 0.553742700
4386.566517015 0.050319956 0.225530369 0.296732505 0.612006025 -0.392774366 -0.402960930 0.555697230
4386.599850286 0.048654256 0.233075668 0.293173057 0.614099102 -0.388919549 -0.400465769 0.557898778
4386.633183558 0.046846687 0.240522769 0.289003028 0.616327994 -0.384744969 -0.398841586 0.559496651
4386.666516829 0.044893706 0.247796334 0.284479877 0.618969322 -0.380722908 -0.398016163 0.559919798
4386.699850101 0.042756879 0.254541766 0.279460673 0.621679778 -0.377302459 -0.397612692 0.559518772
4386.733183372 0.040768761 0.260700037 0.274148232 0.624035366 -0.374468973 -0.396607606 0.559513410
4386.766516644 0.038321085 0.266080210 0.268310559 0.626079990 -0.371902817 -0.395931938 0.559419379
4386.799849915 0.035631054 0.270907858 0.262111395 0.627723448 -0.370006023 -0.395941941 0.558828056
4386.833183186 0.032922327 0.275118403 0.255378539 0.628837300 -0.368721739 -0.395898836 0.558455048
4386.866516458 0.029861454 0.278736242 0.248098524 0.629255160 -0.368076805 -0.395518979 0.558678929
4386.899849729 0.026801619 0.281968534 0.240123767 0.629322105 -0.367343723 -0.395038947 0.559425159
4386.933183001 0.023712114 0.284702138 0.231462248 0.628617399 -0.366508126 -0.394384118 0.561224667
4386.966516272 0.020702732 0.287329700 0.221908807 0.627146777 -0.364253332 -0.393633897 0.564852888
4386.999849544 0.017478590 0.289795634 0.211659555 0.625147077 -0.360702999 -0.394130624 0.568986406
4387.033182815 0.013910678 0.292017717 0.200935004 0.623371296 -0.357103744 -0.395064778 0.572546037
4387.066516086 0.010912756 0.293984063 0.189956908 0.622183151 -0.354386742 -0.395749047 0.575048569
4387.099849358 0.007874560 0.295373117 0.178726189 0.621546189 -0.352319574 -0.396813633 0.576272673
4387.133182629 0.004935047 0.296425663 0.167098594 0.620706115 -0.350247314 -0.397464326 0.577990352
4387.166515901 0.002154610 0.296745947 0.155055320 0.619705855 -0.347730159 -0.397627017 0.580466316
4387.199849172 0.000056053 0.296065543 0.142549033 0.618010824 -0.346570099 -0.397134948 0.583297197
4387.233182444 -0.002335057 0.294349462 0.129359981 0.616122326 -0.345097299 -0.396848174 0.586355405
4387.266515715 -0.005089497 0.291524594 0.115688995 0.613595048 -0.343553337 -0.397867607 0.589214383
4387.299848986 -0.008210552 0.287711975 0.101810824 0.610664308 -0.341658765 -0.398511526 0.592913953
4387.333182258 -0.011265042 0.282197457 0.088094861 0.606970693 -0.341221546 -0.397703269 0.597483510
4387.366515529 -0.014664494 0.275339846 0.074634643 0.602723115 -0.341635088 -0.397404765 0.601730642
4387.399848801 -0.018480719 0.267257847 0.061497520 0.597196343 -0.342590940 -0.398712263 0.605818874
4387.433182072 -0.022607069 0.258289117 0.048761928 0.591365385 -0.343496677 -0.402137347 0.608754933
4387.466515344 -0.026705784 0.248808714 0.036453162 0.585289301 -0.344655767 -0.407598942 0.610337562
4387.499848615 -0.030364845 0.239342267 0.024510513 0.579735620 -0.345921294 -0.412926239 0.611340323
4387.533181886 -0.033286952 0.229352145 0.013336465 0.574691532 -0.347028633 -0.417900027 0.612095040
4387.566515158 -0.035275109 0.218848780 0.003125321 0.569894475 -0.348274000 -0.421342115 0.613511475
4387.599848429 -0.036300244 0.207795954 -0.006108820 0.565036665 -0.349770961 -0.423197769 0.615871326
4387.633181701 -0.036384657 0.195880495 -0.013901108 0.559813829 -0.352307423 -0.422866167 0.619412756
4387.666514972 -0.035508335 0.183310677 -0.020252638 0.554065156 -0.355423593 -0.419558722 0.625025080
4387.699848243 -0.034512158 0.170132809 -0.025335418 0.547607078 -0.358080026 -0.415788563 0.631684299
4387.733181515 -0.033167884 0.156336001 -0.029249988 0.541278180 -0.360532255 -0.412319013 0.637987035
4387.766514786 -0.031459396 0.142247923 -0.032383989 0.535543553 -0.363768036 -0.408534495 0.643401496
4387.799848058 -0.028574334 0.127608043 -0.034516732 0.530409448 -0.366473893 -0.404755419 0.648487282
4387.833181329 -0.025844998 0.112398078 -0.035718676 0.525583896 -0.369065442 -0.402183167 0.652534266
4387.866514601 -0.023175988 0.096857352 -0.035952679 0.520219705 -0.372924510 -0.399455830 0.656303138
4387.899847872 -0.020743137 0.081030284 -0.034799794 0.513254047 -0.377711516 -0.398763623 0.659463317
4387.933181143 -0.018517551 0.065471236 -0.032195234 0.505029981 -0.383246541 -0.399371845 0.662245375
4387.966514415 -0.015773719 0.051333627 -0.028041459 0.497712059 -0.388411417 -0.399895866 0.664456601
4387.999847686 -0.012542835 0.037943515 -0.022016186 0.492246634 -0.394350331 -0.401130483 0.664285634
4388.033180958 -0.008828138 0.025432105 -0.014370221 0.488934115 -0.401775164 -0.402710690 0.661320081
4388.066514229 -0.004349191 0.014013562 -0.005103302 0.487564550 -0.410636611 -0.404293425 0.655900305
4388.099847501 0.000574390 0.003633526 0.005374951 0.487469875 -0.420043647 -0.406212151 0.648789753
4388.133180772 0.006027138 -0.005676668 0.016819204 0.488088248 -0.428846308 -0.407167692 0.641930820
4388.166514043 0.011730155 -0.014034874 0.028798555 0.488984968 -0.437412069 -0.406759725 0.635697184
4388.199847315 0.017519384 -0.021958494 0.041161052 0.490345158 -0.445292509 -0.406066368 0.629592180
4388.233180586 0.023459062 -0.028919921 0.054227921 0.492208118 -0.452824679 -0.405265519 0.623250221
4388.266513858 0.029211234 -0.035823332 0.067479289 0.494263309 -0.460439000 -0.404515639 0.616495585
4388.299847129 0.035127718 -0.042167426 0.081273132 0.496671310 -0.468102347 -0.403021865 0.609730415
4388.333180401 0.041184680 -0.047720833 0.095803913 0.499417092 -0.476012801 -0.400883889 0.602732518
4388.366513672 0.046896831 -0.054181856 0.110770913 0.502033103 -0.483794034 -0.398104423 0.596170248
4388.399846943 0.052430273 -0.060392247 0.126411303 0.503913639 -0.491939497 -0.394280971 0.590431276
4388.433180215 0.057178256 -0.066825459 0.142507353 0.504485212 -0.499465227 -0.390445638 0.586158137
4388.466513486 0.061431768 -0.072900042 0.158432249 0.503594408 -0.504932828 -0.387704239 0.584055592
4388.499846758 0.064492376 -0.078578623 0.174200235 0.501993440 -0.508800277 -0.386238911 0.583047483
4388.533180029 0.067741930 -0.084086111 0.190130806 0.499852810 -0.513287995 -0.384755246 0.581932989
4388.566513300 0.070302176 -0.090007389 0.206168804 0.497941528 -0.518712804 -0.383737671 0.579427874
4388.599846572 0.072822800 -0.095897757 0.222340263 0.496011225 -0.524486366 -0.382489393 0.576705108
4388.633179843 0.075532545 -0.101474534 0.238702373 0.494788575 -0.529835029 -0.380034529 0.574484870
4388.666513115 0.078065251 -0.107065379 0.254720174 0.494047982 -0.535732305 -0.377691899 0.571188514
4388.699846386 0.080229295 -0.112919396 0.270207348 0.493899150 -0.541088932 -0.376410673 0.567099112
4388.733179658 0.082077534 -0.118212267 0.284969280 0.494473612 -0.545289739 -0.376154608 0.562727872
4388.766512929 0.083662188 -0.123327893 0.299168966 0.495497782 -0.548967693 -0.375703755 0.558536578
4388.799846200 0.084928362 -0.128479788 0.312764622 0.496595811 -0.552697942 -0.376099892 0.553594127
4388.833179472 0.085775312 -0.133772801 0.325765239 0.497060584 -0.556205650 -0.376853193 0.549133610
4388.866512743 0.086394231 -0.139145426 0.338203121 0.496973924 -0.558618976 -0.377449167 0.546345938
4388.899846015 0.086978876 -0.144705732 0.350102722 0.496420307 -0.560635075 -0.378057097 0.544360196
4388.933179286 0.087267461 -0.150438302 0.361809041 0.495620167 -0.562673777 -0.378795451 0.542469241
4388.966512558 0.087460306 -0.156461506 0.373016290 0.494854979 -0.565117264 -0.379191627 0.540346868
4388.999845829 0.087499542 -0.162825758 0.384014400 0.494592823 -0.567519457 -0.379013888 0.538189630
4389.033179100 0.086981017 -0.169370079 0.394172371 0.494977021 -0.569675289 -0.380095427 0.534785266
4389.066512372 0.086091804 -0.176152228 0.403691780 0.495419650 -0.571867894 -0.381963134 0.530688841
4389.099845643 0.084667577 -0.183647302 0.412874400 0.495261527 -0.574404688 -0.383754472 0.526790071
4389.133178915 0.082940785 -0.191789209 0.421756449 0.494425133 -0.577219054 -0.385152002 0.523469088
4389.166512186 0.080174871 -0.200363567 0.430233660 0.492748610 -0.580264376 -0.387436376 0.519985689
4389.199845458 0.077312317 -0.209725145 0.438031872 0.490309399 -0.583130643 -0.389930923 0.517212936
4389.233178729 0.074180165 -0.219879387 0.445352507 0.487089117 -0.586309487 -0.392160530 0.514971355
4389.266512000 0.070970968 -0.230691507 0.452026674 0.483387124 -0.589675678 -0.393874818 0.513305086
4389.299845272 0.067620529 -0.242023970 0.457762652 0.479937641 -0.592947870 -0.396171054 0.511000177
4389.333178543 0.063794924 -0.253766202 0.462738163 0.476614294 -0.596528925 -0.398645399 0.508009746
4389.366511815 0.059582785 -0.265973968 0.466770990 0.472878237 -0.600492281 -0.401448908 0.504612691
4389.399845086 0.054791566 -0.278275424 0.470047376 0.468629756 -0.604087040 -0.404550636 0.501800542
4389.433178357 0.049627215 -0.290590631 0.472198457 0.464011894 -0.607070504 -0.407993970 0.499699195
4389.466511629 0.044115299 -0.303103208 0.473722495 0.458834924 -0.610220591 -0.412074380 0.497288698
4389.499844900 0.038521307 -0.315649882 0.474350842 0.453268581 -0.613376501 -0.416137606 0.495122565
4389.533178172 0.032852078 -0.328053092 0.473811553 0.448221742 -0.615545778 -0.420659975 0.493199604
4389.566511443 0.027021456 -0.339509255 0.471576825 0.443496674 -0.617630791 -0.425561242 0.490653172
4389.599844715 0.021241898 -0.351620241 0.468896261 0.438871781 -0.619718734 -0.430526378 0.487839409
4389.633177986 0.015437030 -0.363479138 0.465189927 0.433887125 -0.621715596 -0.435241584 0.485568166
4389.666511257 0.009191386 -0.375147151 0.460595154 0.428152751 -0.623585794 -0.439808745 0.484142796
4389.699844529 0.003299121 -0.386007089 0.454327350 0.422200904 -0.624397942 -0.445109904 0.483477797
4389.733177800 -0.002516061 -0.396201491 0.446900010 0.416113029 -0.624285559 -0.451100382 0.483348665
4389.766511072 -0.007711027 -0.405240204 0.437935175 0.411050832 -0.623098463 -0.457455098 0.483239437
4389.799844343 -0.012318361 -0.413451202 0.428082774 0.407138624 -0.621941362 -0.464307465 0.481503542
4389.833177615 -0.016408659 -0.420247259 0.417359835 0.404182523 -0.620367793 -0.470948236 0.479570692
4389.866510886 -0.019767475 -0.425795511 0.406041997 0.401862321 -0.617711325 -0.477699439 0.478270468
4389.899844157 -0.022710914 -0.430417261 0.394367768 0.399313461 -0.614495270 -0.484197717 0.478013487
4389.933177429 -0.025401805 -0.433894065 0.382406412 0.396602496 -0.610983015 -0.490158794 0.478696743
4389.966510700 -0.027744509 -0.436312991 0.370160373 0.394593788 -0.607265289 -0.495979374 0.479091924
4389.999843972 -0.029788404 -0.437811304 0.357720984 0.393466733 -0.603540658 -0.501410139 0.479072517
4390.033177243 -0.031392821 -0.438292877 0.344953559 0.393028922 -0.599737337 -0.506886419 0.478444931
4390.066510515 -0.032663552 -0.438252556 0.332007704 0.393104669 -0.596354857 -0.512007094 0.477156515
4390.099843786 -0.033495676 -0.437480629 0.318907124 0.393481578 -0.593702140 -0.515359953 0.476543950
4390.133177057 -0.034168422 -0.436186158 0.305478447 0.394061661 -0.590967693 -0.518684877 0.475855641
4390.166510329 -0.034855517 -0.434224584 0.291757813 0.394486928 -0.587644928 -0.523312190 0.474550160
4390.199843600 -0.035641369 -0.432039380 0.278172823 0.394155848 -0.584045418 -0.527205085 0.474959909
4390.233176872 -0.036556383 -0.429755165 0.264791922 0.392395556 -0.580695010 -0.529418954 0.478052930
4390.266510143 -0.037280805 -0.426937245 0.251384319 0.389703692 -0.576725632 -0.531499237 0.482728846
4390.299843415 -0.037735616 -0.423742159 0.237732770 0.387515973 -0.571823166 -0.534192115 0.487327838
4390.333176686 -0.037818110 -0.420200551 0.224302885 0.386509078 -0.568032227 -0.536177187 0.490371437
4390.366509957 -0.037067036 -0.416654530 0.211270969 0.386873536 -0.566515307 -0.536022546 0.492005187
4390.399843229 -0.035722866 -0.413054076 0.198428561 0.388457203 -0.566427018 -0.533692892 0.493389634
4390.433176500 -0.034240578 -0.409181671 0.185505556 0.390671254 -0.566218739 -0.531629168 0.494108023
4390.466509772 -0.033182198 -0.404993457 0.172508318 0.392206195 -0.565673930 -0.529428878 0.495875355
4390.499843043 -0.032709010 -0.400225882 0.159332655 0.391977623 -0.564214764 -0.527468941 0.499791716
4390.533176314 -0.032723010 -0.394164908 0.145839692 0.391798815 -0.559927335 -0.527590141 0.504602529
4390.566509586 -0.032900392 -0.386773090 0.132485761 0.393223332 -0.554089449 -0.529851256 0.507560775
4390.599842857 -0.032740688 -0.378343210 0.119939143 0.395785148 -0.548361438 -0.532412181 0.509108160
4390.633176129 -0.032072219 -0.369115691 0.108564276 0.399068587 -0.544239928 -0.533239225 0.510101061
4390.666509400 -0.030894447 -0.359265714 0.098109359 0.402464206 -0.541746237 -0.532486602 0.510873366
4390.699842672 -0.029930524 -0.348540062 0.088069752 0.405392986 -0.539748082 -0.531440960 0.511760727
4390.733175943 -0.029366717 -0.336775135 0.078140555 0.407857874 -0.537360089 -0.530926606 0.512847958
4390.766509214 -0.028715772 -0.324181587 0.068280172 0.410848838 -0.533693682 -0.530396902 0.514833382
4390.799842486 -0.028137433 -0.311125357 0.058298133 0.414401391 -0.529177670 -0.530657273 0.516377129
4390.833175757 -0.027486866 -0.297640630 0.048409940 0.418788132 -0.523957142 -0.530903693 0.517906055
4390.866509029 -0.026776036 -0.284129784 0.039088633 0.423097148 -0.518969547 -0.530577263 0.519756847
4390.899842300 -0.026122750 -0.270534825 0.030665161 0.426600558 -0.514388961 -0.529600848 0.522435549
4390.933175572 -0.025609451 -0.256795078 0.023263931 0.430180045 -0.508545460 -0.529121837 0.525696420
4390.966508843 -0.025154850 -0.243466643 0.016786026 0.433948661 -0.502663872 -0.528174036 0.529197297
4390.999842114 -0.024588850 -0.230405163 0.011271884 0.437356442 -0.497787646 -0.526331362 0.532824643
4391.033175386 -0.023943686 -0.217620102 0.007474590 0.440307514 -0.494472850 -0.523718939 0.536045116
4391.066508657 -0.023106766 -0.204672280 0.004925433 0.443599043 -0.492341917 -0.520812280 0.538120707
4391.099841929 -0.022247015 -0.191251201 0.003299332 0.447343396 -0.490955503 -0.518306006 0.538707216
4391.133175200 -0.021975389 -0.177165931 0.002108931 0.451282798 -0.489791716 -0.517191791 0.537550520
4391.166508472 -0.021523563 -0.162475364 0.001356303 0.455814501 -0.488260197 -0.516721826 0.535568553
4391.199841743 -0.020833842 -0.147280291 0.001116715 0.461206425 -0.486268491 -0.515445045 0.533992503
4391.233175014 -0.019367283 -0.132104346 0.001387554 0.467108213 -0.483566516 -0.514373316 0.532347099
4391.266508286 -0.017048126 -0.116952262 0.002577440 0.473876038 -0.479618440 -0.513713221 0.530571748
4391.299841557 -0.014045500 -0.102244732 0.005352969 0.481845065 -0.475282594 -0.512915761 0.528061749
4391.333174829 -0.011025906 -0.088728132 0.010630692 0.489732041 -0.472453812 -0.511653268 0.524557773
4391.366508100 -0.008047336 -0.076891940 0.018650475 0.496055573 -0.471782104 -0.509421680 0.521382841
4391.399841371 -0.005179511 -0.066519837 0.029456123 0.500549405 -0.472262812 -0.505794779 0.520182440
4391.433174643 -0.002167389 -0.056732931 0.042443748 0.504033970 -0.473250721 -0.501292456 0.520278181
4391.466507914 0.000648061 -0.047696604 0.057675237 0.506600373 -0.474587485 -0.496598289 0.521069018
4391.499841186 0.003409767 -0.038787554 0.074231061 0.508255984 -0.475888638 -0.491559962 0.523043653
4391.533174457 0.006244821 -0.030006735 0.091586410 0.510185101 -0.476791964 -0.486474640 0.525093335
4391.566507729 0.009215746 -0.021258304 0.109358507 0.513052391 -0.478201178 -0.481505798 0.525597797
4391.599841000 0.012164365 -0.012464163 0.127427075 0.517492281 -0.480368151 -0.476895340 0.523468254
4391.633174271 0.015214001 -0.003732508 0.145689786 0.523812977 -0.482864072 -0.472232677 0.519093973
4391.666507543 0.018187737 0.004699973 0.164088732 0.531364217 -0.484807440 -0.467365289 0.513987842
4391.699840814 0.021012180 0.012439776 0.182799865 0.538425552 -0.487031526 -0.462035638 0.509334160
4391.733174086 0.023441007 0.019792940 0.201722270 0.544084091 -0.489442665 -0.456429405 0.506053927
4391.766507357 0.025683904 0.026059136 0.220848424 0.548513925 -0.491846235 -0.450916508 0.503879012
4391.799840629 0.027469034 0.032179089 0.240071301 0.551930331 -0.493568177 -0.445575812 0.503215223
4391.833173900 0.029228835 0.037142171 0.259355568 0.554919097 -0.494550987 -0.439700560 0.504130474
4391.866507171 0.030904389 0.042035228 0.278464634 0.557605487 -0.495106010 -0.434463068 0.505161363
4391.899840443 0.032423600 0.046695968 0.297325798 0.560634156 -0.495204364 -0.429828195 0.505677470
4391.933173714 0.034215746 0.050969627 0.315837871 0.564375107 -0.495358241 -0.424634062 0.505753760
4391.966506986 0.035634660 0.054877777 0.333701968 0.568148108 -0.495561250 -0.419901692 0.505281449
4391.999840257 0.036688270 0.058345440 0.350639751 0.571027394 -0.495963246 -0.415482912 0.505294096
4392.033173529 0.037394667 0.061423546 0.366466272 0.573380405 -0.496434861 -0.411362333 0.505537705
4392.066506800 0.037648989 0.064424634 0.381091140 0.575721302 -0.496414559 -0.407940648 0.505669849
4392.099840071 0.037784478 0.067570419 0.394234132 0.577383179 -0.495888741 -0.405016937 0.506640210
4392.133173343 0.037606309 0.070438166 0.405457410 0.578329897 -0.494832260 -0.402060939 0.508942595
4392.166506614 0.037407782 0.073256423 0.415699911 0.578583663 -0.493576145 -0.399100694 0.512193488
4392.199839886 0.037052744 0.076327338 0.424568669 0.578301276 -0.492284034 -0.396287034 0.515926982
4392.233173157 0.036377724 0.080006176 0.431780531 0.577512881 -0.489575395 -0.394405762 0.520806009
4392.266506429 0.035494986 0.084385756 0.437456404 0.576467318 -0.485297185 -0.393899472 0.526322410
4392.299839700 0.034890318 0.089467674 0.441961189 0.575984843 -0.480243317 -0.393211399 0.531970500
4392.333172971 0.034953736 0.094748907 0.445642196 0.576491676 -0.476345613 -0.391421944 0.536228558
4392.366506243 0.035406124 0.100942634 0.448928522 0.578839939 -0.472799787 -0.389189665 0.538457140
4392.399839514 0.036097953 0.107784552 0.451556198 0.582874172 -0.469289000 -0.386963689 0.538780695
4392.433172786 0.036763643 0.115369322 0.454008653 0.588413358 -0.465493232 -0.384833683 0.537576792
4392.466506057 0.037675547 0.123340993 0.456432908 0.593786477 -0.461788666 -0.383165377 0.536053302
4392.499839328 0.038181571 0.131461109 0.458446543 0.598241951 -0.457789357 -0.380647268 0.536323718
4392.533172600 0.038796493 0.139656053 0.459815029 0.602084743 -0.453421620 -0.376585915 0.538596181
4392.566505871 0.039118300 0.148285743 0.461200278 0.605588775 -0.449540214 -0.371844864 0.541209043
4392.599839143 0.039337329 0.157035061 0.461852575 0.608666035 -0.446468030 -0.367114222 0.543524704
4392.633172414 0.039339117 0.166185807 0.461896961 0.611662653 -0.442902816 -0.362217080 0.546355820
4392.666505686 0.039151166 0.175329599 0.460745998 0.613995514 -0.439154495 -0.356792583 0.550319808
4392.699838957 0.038695751 0.184383154 0.458200239 0.614754019 -0.435989533 -0.351340913 0.555472939
4392.733172228 0.037474159 0.193384461 0.454174899 0.614122062 -0.432789068 -0.346722181 0.561543804
4392.766505500 0.036016664 0.202621795 0.448416223 0.613257269 -0.427952281 -0.343287364 0.568265918
4392.799838771 0.034536808 0.212145875 0.441583361 0.612842754 -0.422767009 -0.339674562 0.574728638
4392.833172043 0.033214025 0.221709221 0.433544581 0.613341577 -0.418396143 -0.336439984 0.579279651
4392.866505314 0.031329195 0.231709442 0.424497329 0.614822364 -0.413212510 -0.334766065 0.582392105
4392.899838586 0.029391165 0.241946409 0.414131212 0.616737848 -0.406311692 -0.334667462 0.585271668
4392.933171857 0.027957299 0.251944940 0.402970871 0.618415327 -0.400234685 -0.333977018 0.588076552
4392.966505128 0.026772076 0.261512842 0.391033954 0.619815093 -0.396045272 -0.331138485 0.591036967
4392.999838400 0.025331334 0.271349968 0.377756596 0.621142999 -0.391368034 -0.328827006 0.594041443
4393.033171671 0.023121966 0.281570405 0.362849218 0.622609733 -0.383912110 -0.328897684 0.597323133
4393.066504943 0.020765011 0.291871500 0.347085186 0.625506069 -0.375083964 -0.329397762 0.599625960
4393.099838214 0.018222161 0.301748177 0.330565861 0.629611466 -0.366737150 -0.331430556 0.599372214
4393.133171486 0.014744086 0.311407316 0.313829114 0.634211349 -0.357867599 -0.335955622 0.597361337
4393.166504757 0.010921560 0.320023846 0.297085813 0.639045009 -0.348658949 -0.341524377 0.594490970
4393.199838028 0.007070774 0.328056471 0.280826051 0.643599047 -0.341998089 -0.345212244 0.591308786
4393.233171300 0.003474538 0.334998611 0.264229942 0.646948764 -0.338324483 -0.347673845 0.588316869
4393.266504571 -0.000235222 0.341388337 0.246907261 0.649486753 -0.335019840 -0.350523119 0.585715125
4393.299837843 -0.004419415 0.347277267 0.228921731 0.652270645 -0.330599486 -0.354495268 0.582735009
4393.333171114 -0.008536839 0.351634017 0.211067958 0.654112432 -0.327241401 -0.358077067 0.580371265
4393.366504385 -0.013183653 0.354882902 0.192746537 0.653740397 -0.324899386 -0.360496432 0.580608478
4393.399837657 -0.018359848 0.357843467 0.174087940 0.651935051 -0.321662212 -0.362625278 0.583109782
4393.433170928 -0.023506132 0.359471894 0.155478637 0.649762776 -0.317178759 -0.365194379 0.586377895
4393.466504200 -0.028291434 0.360620668 0.137397108 0.648024698 -0.313959903 -0.367378670 0.588664661
4393.499837471 -0.032718719 0.361038574 0.119801034 0.646629802 -0.311892812 -0.368435187 0.590633801
4393.533170743 -0.036944302 0.360798963 0.102183171 0.644792416 -0.308357076 -0.371369033 0.592658161
4393.566504014 -0.040886586 0.359653738 0.084949888 0.642898141 -0.304914390 -0.374865366 0.594293826
4393.599837285 -0.045151466 0.357968971 0.068187908 0.641430977 -0.302198137 -0.377789124 0.595414113
4393.633170557 -0.049277333 0.354810029 0.051935428 0.639210414 -0.300147669 -0.380987406 0.596799815
4393.666503828 -0.053562657 0.350424946 0.036092264 0.636376090 -0.297501437 -0.385207189 0.598442803
4393.699837100 -0.058042461 0.343969558 0.020981941 0.632789550 -0.296257966 -0.390181371 0.599639142
4393.733170371 -0.062212064 0.336642586 0.006373928 0.628111506 -0.295691876 -0.396430198 0.600737337
4393.766503643 -0.066085002 0.327881097 -0.007137083 0.622474885 -0.295544225 -0.403122745 0.602221455
4393.799836914 -0.069790974 0.317725597 -0.019019223 0.615986478 -0.296157530 -0.409995910 0.603949278
4393.833170185 -0.073004103 0.306242244 -0.029061353 0.608243144 -0.298087733 -0.416263242 0.606554940
4393.866503457 -0.075418646 0.293705352 -0.037043189 0.599454644 -0.301066073 -0.420834415 0.610665003
4393.899836728 -0.077217326 0.280238278 -0.043412972 0.590773037 -0.304352767 -0.425341842 0.614362214
4393.933170000 -0.077845895 0.266241502 -0.047979175 0.583232812 -0.308972990 -0.430073722 0.615964100
4393.966503271 -0.078254271 0.252009321 -0.050841621 0.576718725 -0.314962734 -0.435597540 0.615181901
4393.999836543 -0.078146759 0.237938008 -0.052011155 0.571169703 -0.321721558 -0.441554477 0.612609218
4394.033169814 -0.077477646 0.224357684 -0.051652336 0.566110656 -0.327992989 -0.447383816 0.609743425
4394.066503085 -0.076271902 0.211217415 -0.049907949 0.561248283 -0.333348491 -0.452369088 0.607652332
4394.099836357 -0.073486885 0.198830988 -0.046960286 0.557077605 -0.338325121 -0.456866749 0.605370488
4394.133169628 -0.069804104 0.186426343 -0.042412303 0.554202026 -0.344749935 -0.459501390 0.602383657
4394.166502900 -0.065637470 0.174532033 -0.036429397 0.552017794 -0.351803979 -0.460665476 0.599414410
4394.199836171 -0.061533388 0.163265745 -0.029796238 0.550089222 -0.358452329 -0.461581310 0.596537065
4394.233169442 -0.057255501 0.152516122 -0.022259982 0.547921891 -0.365426004 -0.462506693 0.593576445
4394.266502714 -0.052429908 0.141982543 -0.013766813 0.545767916 -0.373312803 -0.462746638 0.590457858
4394.299835985 -0.047590374 0.131729614 -0.004404350 0.544214035 -0.381576144 -0.463326466 0.586139331
4394.333169257 -0.042059465 0.122007930 0.005723385 0.544112600 -0.389080544 -0.463251116 0.581340015
4394.366502528 -0.036647563 0.112258932 0.016551185 0.544513974 -0.396414860 -0.462782872 0.576360828
4394.399835800 -0.031221667 0.102443081 0.028121129 0.544380912 -0.404539516 -0.461869404 0.571553896
4394.433169071 -0.026141581 0.092579816 0.040967583 0.543203203 -0.413153257 -0.459988539 0.568018671
