# timestamp tx ty tz qx qy qz qw
172139.680244419 0.042996195 0.082669836 -0.051849441 0.815369819 -0.173619681 -0.548941839 0.060754612
172139.713577949 0.065000586 0.082124035 -0.075430367 0.817988606 -0.198123878 -0.536548749 0.061294449
172139.746911480 0.066938398 0.083419186 -0.080063923 0.820347836 -0.205237298 -0.530099050 0.062466609
172139.780245010 0.074387870 0.086377574 -0.096241340 0.829581882 -0.227288740 -0.505724452 0.066155182
172139.813578540 0.082760183 0.086993945 -0.111469111 0.840450942 -0.244469604 -0.478682596 0.068846200
172139.846912070 0.091433785 0.085983634 -0.125416433 0.851517519 -0.256580837 -0.452062343 0.068730095
172139.880245601 0.100371982 0.083303357 -0.137717753 0.863320882 -0.263309298 -0.425435836 0.065951630
172139.913579131 0.108571326 0.078711845 -0.148174199 0.874924483 -0.264660012 -0.400815352 0.061719363
172139.946912661 0.116192913 0.072397166 -0.156836378 0.887004273 -0.260613650 -0.377206911 0.054944449
172139.980246191 0.123350875 0.064421635 -0.164174476 0.899770503 -0.250768688 -0.354214165 0.045391981
172140.013579722 0.129790053 0.054312394 -0.170446753 0.912982349 -0.235634087 -0.331114136 0.036100374
172140.046913252 0.141533455 0.043452075 -0.176489770 0.924369067 -0.217233341 -0.312540151 0.025887384
172140.080246782 0.145022565 0.030232852 -0.180968105 0.934902827 -0.196221039 -0.295423694 0.013373458
172140.113580312 0.145893744 0.015869096 -0.184084546 0.943299002 -0.173774559 -0.282819200 0.001641840
172140.146913843 0.144917487 -0.000740823 -0.186382522 -0.950022072 0.151464286 0.272829973 0.008968744
172140.180247373 0.142487483 -0.020305310 -0.187511901 -0.955293984 0.129841875 0.264995035 0.018224261
172140.213580903 0.138529138 -0.041374820 -0.188117664 -0.959273821 0.107380984 0.259938000 0.026368502
172140.246914433 0.132471732 -0.064354117 -0.187851583 -0.961896133 0.084260443 0.258029012 0.032818213
172140.280247964 0.140294365 -0.076849704 -0.195049681 -0.962337101 0.061524629 0.262357712 0.035922889
172140.313581494 0.130563892 -0.106064868 -0.193997513 -0.962358729 0.038675862 0.265900277 0.040827639
172140.346915024 0.120312848 -0.132954060 -0.192932743 -0.961574969 0.019554742 0.270245834 0.044253586
172140.380248554 0.106109450 -0.164931546 -0.187787559 -0.960789944 0.001887454 0.273287004 0.046833043
172140.413582085 0.114630139 -0.158082033 -0.187307858 -0.958102540 -0.010371629 0.283504141 0.039463332
172140.446915615 0.113801362 -0.186035618 -0.183736104 -0.956552011 -0.025637547 0.287288487 0.042617973
172140.480249145 0.118174446 -0.208396944 -0.195938702 -0.956672710 -0.042806044 0.284485862 0.044863816
172140.513582675 0.113408524 -0.235423000 -0.203577468 -0.958543772 -0.058379350 0.275031049 0.046299147
172140.546916206 0.110322056 -0.258070575 -0.213055530 -0.960986095 -0.071698168 0.263095217 0.046324992
172140.580249736 0.109410055 -0.281588498 -0.224160278 -0.964146759 -0.083617680 0.247479118 0.046724683
172140.613583266 0.110251341 -0.304829074 -0.236902821 -0.967424902 -0.095143239 0.229816829 0.047128005
172140.646916796 0.112932318 -0.327121820 -0.250193946 -0.970551836 -0.106344454 0.210823247 0.047681741
172140.680250327 0.130670089 -0.359021493 -0.260333130 -0.974567719 -0.105621014 0.188472494 0.059498592
172140.713583857 0.138388824 -0.387049378 -0.275203271 -0.977078842 -0.117240766 0.166493159 0.062060999
172140.746917387 0.133156590 -0.418056471 -0.300266253 -0.977684024 -0.130504597 0.151045397 0.065481197
172140.780250917 0.144255036 -0.431362829 -0.305498754 -0.978896216 -0.130242355 0.140182282 0.071749943
172140.813584447 0.155774711 -0.449681999 -0.311943547 -0.979388231 -0.133560928 0.130532860 0.076950269
172140.846917978 0.168297630 -0.470490726 -0.317965578 -0.979246996 -0.138859466 0.123851044 0.080338590
172140.880251508 0.182218117 -0.490472809 -0.322182141 -0.978905909 -0.143472646 0.119655517 0.082712627
172140.913585038 0.198031990 -0.510034399 -0.324526519 -0.978458042 -0.146946140 0.117699979 0.084695965
172140.946918568 0.233498651 -0.530591342 -0.327073434 -0.976425157 -0.162367048 0.117417444 0.080274516
172140.980252099 0.259670172 -0.548383411 -0.323742879 -0.975339862 -0.167510975 0.120007169 0.079060149
172141.013585629 0.282526341 -0.565669007 -0.317324833 -0.974543639 -0.168717969 0.125535069 0.077716720
172141.046919159 0.306751444 -0.582115846 -0.307616860 -0.973446238 -0.169150096 0.134341906 0.075782050
172141.080252689 0.332843206 -0.598241102 -0.294731464 -0.971983582 -0.168567874 0.146357881 0.073567375
172141.113586220 0.360828975 -0.614043342 -0.278939121 -0.969975802 -0.167265858 0.161734161 0.070789387
172141.146919750 0.359584793 -0.623718995 -0.260548636 -0.970235876 -0.147076020 0.176824514 0.075789717
172141.180253280 0.389446298 -0.640350591 -0.240298561 -0.966922183 -0.144454890 0.197193360 0.072863265
172141.213586810 0.422226525 -0.657302339 -0.217890154 -0.962697922 -0.141313064 0.219910978 0.069874823
172141.246920341 0.457155194 -0.674259149 -0.194289217 -0.957490363 -0.137835370 0.244383465 0.067009984
172141.280253871 0.494199487 -0.691362803 -0.169952712 -0.951310917 -0.134236930 0.269996436 0.063952404
172141.313587401 0.533146537 -0.708718030 -0.145153548 -0.944060218 -0.130382296 0.296749583 0.060749045
172141.346920931 0.573909788 -0.726249632 -0.120093899 -0.935747171 -0.125853833 0.324335960 0.057829323
172141.380254462 0.601367517 -0.676022827 -0.064624479 -0.930166773 -0.127445471 0.341207893 0.046093392
172141.413587992 0.647403906 -0.692197187 -0.033618949 -0.918854181 -0.119779192 0.373527729 0.042859941
172141.446921522 0.686396591 -0.696956330 -0.006160362 -0.908628657 -0.112283062 0.400264832 0.039680506
172141.480255052 0.727983149 -0.700396174 0.022345811 -0.897597982 -0.104060888 0.426788721 0.036613957
172141.513588583 0.769974947 -0.705773308 0.047601152 -0.886730948 -0.096581315 0.450828389 0.033675497
172141.546922113 0.811014293 -0.720342245 0.069331949 -0.875543874 -0.089013825 0.473807463 0.031716728
172141.580255643 0.851225745 -0.735545672 0.089216647 -0.864962633 -0.080896747 0.494341713 0.030358386
172141.613589173 0.890931350 -0.751435755 0.107710336 -0.854584611 -0.072685946 0.513349750 0.029562300
172141.646922704 0.930248387 -0.767921002 0.124840378 -0.844892128 -0.065086585 0.530145265 0.029445325
172141.680256234 0.969061927 -0.785386423 0.140444586 -0.836475342 -0.058356655 0.544106987 0.029173444
172141.713589764 1.006764249 -0.804115663 0.154748521 -0.828727120 -0.052746787 0.556429388 0.028556503
172141.746923294 1.043096443 -0.824049109 0.168070873 -0.821397060 -0.048286401 0.567618487 0.028009757
172141.780256825 1.078189209 -0.845087430 0.180288301 -0.815538767 -0.045087356 0.576281912 0.027618988
172141.813590355 1.128554064 -0.930239211 0.179362385 -0.808749568 -0.038401089 0.585899635 0.034221490
172141.846923885 1.158083010 -0.951955689 0.186961660 -0.807275913 -0.036853304 0.588021935 0.034316734
172141.880257415 1.192181844 -0.979004883 0.194598604 -0.807514508 -0.035443665 0.587753174 0.034788970
172141.913590946 1.224875868 -1.007304599 0.200795272 -0.809942111 -0.034882368 0.584391107 0.035553211
172141.946924476 1.255896970 -1.036902066 0.205786855 -0.813678446 -0.035649671 0.579071304 0.036509070
172141.980258006 1.285184770 -1.067879261 0.209706703 -0.818483952 -0.037146964 0.572065253 0.038019327
172142.013591536 1.312929393 -1.100324085 0.212609696 -0.824456638 -0.039583349 0.563093189 0.040379091
172142.046925066 1.339421323 -1.134454592 0.214481277 -0.831288116 -0.043153390 0.552449064 0.043564716
172142.080258597 1.365053730 -1.170394724 0.215377096 -0.838816790 -0.047450282 0.540226292 0.047858292
172142.113592127 1.389816468 -1.208231247 0.215532859 -0.846308135 -0.052864059 0.527391538 0.053161054
172142.146925657 1.413687362 -1.248101441 0.215204101 -0.853361486 -0.059059603 0.514538831 0.059463678
172142.180259187 1.436849649 -1.289982634 0.214499983 -0.860175982 -0.066034847 0.501328661 0.066379610
172142.213592718 1.459468460 -1.333754312 0.213613705 -0.866733778 -0.074199324 0.487722588 0.073441776
172142.246926248 1.481717193 -1.379435498 0.212562779 -0.873363008 -0.082956474 0.473229831 0.080055019
172142.280259778 1.503369040 -1.426822779 0.211521207 -0.880055549 -0.091377145 0.458086592 0.085493404
172142.313593308 1.523900042 -1.475472948 0.210653249 -0.886448083 -0.099467025 0.443021803 0.089709471
172142.346926839 1.542953832 -1.524825120 0.210027829 -0.892421687 -0.106265883 0.428472383 0.093287254
172142.380260369 1.561417342 -1.574183666 0.210525878 -0.898313283 -0.111367965 0.413857667 0.096707051
172142.413593899 1.580468547 -1.622834776 0.213091544 -0.904038918 -0.115287368 0.399425073 0.099408597
172142.446927429 1.600769201 -1.670251575 0.218679224 -0.909433975 -0.117498770 0.385954015 0.100813602
172142.480260960 1.622583712 -1.716405219 0.228387443 -0.913633455 -0.117165726 0.375898344 0.101225184
172142.513594490 1.642285900 -1.768693928 0.240923365 -0.916213508 -0.113663501 0.370710110 0.101031828
172142.546928020 1.728102758 -1.775335176 0.265329948 -0.916304154 -0.107500590 0.373023342 0.098406846
172142.580261550 1.763266062 -1.817049998 0.289120691 -0.916878376 -0.101079096 0.373680689 0.097364273
172142.613595081 1.804332577 -1.858606482 0.317653974 -0.917958056 -0.094070647 0.373053917 0.096615200
172142.646928611 1.849289472 -1.899774025 0.350439913 -0.918159713 -0.086518391 0.374498217 0.096168577
172142.680262141 2.065712709 -1.854376152 0.393317440 -0.914934268 -0.079895666 0.385084336 0.090675369
172142.713595671 2.119971771 -1.890064799 0.430070963 -0.913572068 -0.070378463 0.390410835 0.089511608
172142.746929202 2.245705673 -1.923712896 0.466700815 -0.909929296 -0.059525268 0.400875548 0.088228198
172142.780262732 2.294945253 -1.964915915 0.509082305 -0.906950212 -0.050482769 0.409009754 0.087199911
172142.813596262 2.365424405 -2.005170048 0.554140397 -0.902492206 -0.041311899 0.419877587 0.086625379
172142.846929792 2.437832313 -2.045682277 0.598262252 -0.897091593 -0.033723090 0.432064702 0.086078572
172142.880263323 2.512424197 -2.086884631 0.641194712 -0.890768309 -0.027721671 0.445509330 0.085350836
172142.913596853 2.588814204 -2.128654109 0.682134538 -0.883598326 -0.022348617 0.459923596 0.084998959
172142.946930383 2.666674033 -2.171020782 0.720471265 -0.875472642 -0.017379918 0.475376558 0.085221586
172142.980263913 2.748364977 -2.217959352 0.753913010 -0.866518227 -0.012556282 0.491485047 0.086202955
172143.013597444 2.829384836 -2.261885198 0.786177023 -0.857674498 -0.008573127 0.506589404 0.087682001
172143.046930974 2.911131214 -2.306421397 0.814564856 -0.848600416 -0.005452884 0.521370221 0.089558324
172143.080264504 2.993209705 -2.351624237 0.839269686 -0.839913944 -0.002708513 0.534906828 0.091716499
172143.113598034 3.080024703 -2.365700056 0.869714604 -0.832602744 -0.006768469 0.546382173 0.090517291
172143.146931565 3.164639442 -2.413066694 0.889574125 -0.824828869 -0.004767285 0.557632147 0.093171871
172143.180265095 3.246746612 -2.459890206 0.906206805 -0.818169355 -0.003654526 0.567006773 0.095335568
172143.213598625 3.358033772 -2.498696899 0.921960211 -0.812449641 -0.003033515 0.574935954 0.096773075
172143.246932155 3.291715088 -2.702680357 0.897791758 -0.810243786 0.014715467 0.575278183 0.111101191
172143.280265685 3.368067466 -2.755348324 0.905975076 -0.810158119 0.013516993 0.575401999 0.111236924
172143.313599216 3.447300669 -2.811849832 0.911756350 -0.813075810 0.010973555 0.571480961 0.110439211
172143.346932746 3.525873342 -2.870121445 0.915046729 -0.818720364 0.007147267 0.563713119 0.108965136
172143.380266276 3.604166971 -2.930194910 0.916280754 -0.826773561 0.001584043 0.552256161 0.107033180
172143.413599806 3.682770307 -2.992048462 0.915452592 -0.837227078 -0.007088763 0.536782492 0.104235914
172143.446933337 3.762242174 -3.055910029 0.912468223 -0.849861717 -0.019247095 0.517119293 0.099760954
172143.480266867 3.842187006 -3.121780203 0.907841990 -0.862614812 -0.032995501 0.495831704 0.094646208
172143.513600397 3.922082245 -3.189499752 0.901599271 -0.874360677 -0.047368433 0.474498869 0.090002561
172143.546933927 4.001833994 -3.259005681 0.893588359 -0.885420437 -0.062047153 0.452518902 0.086066508
172143.580267458 4.081747867 -3.330145373 0.882865267 -0.895724531 -0.077962121 0.429962837 0.082045295
172143.613600988 4.162324087 -3.402601193 0.868714328 -0.905253215 -0.093667397 0.406964184 0.078250808
172143.646934518 4.243996808 -3.475883798 0.851533032 -0.913608639 -0.108968013 0.384504612 0.074842701
172143.680268048 4.327099991 -3.549725934 0.831508450 -0.920738317 -0.124438939 0.362867413 0.071296163
172143.713601579 4.411714711 -3.624091851 0.809203604 -0.926337974 -0.139499295 0.343422229 0.067075165
172143.746935109 4.498721697 -3.698573195 0.785188803 -0.931616536 -0.152411428 0.323915297 0.062771544
172143.780268639 4.646430265 -3.779838877 0.768383037 -0.936160166 -0.163155391 0.305692092 0.059471054
172143.813602169 4.738378049 -3.853557363 0.743149024 -0.940242603 -0.170693734 0.289261966 0.055991174
172143.846935700 4.812952570 -3.925689479 0.716835708 -0.944049140 -0.176873173 0.273268369 0.053023587
172143.880269230 4.838990359 -3.997807074 0.693109036 -0.947350438 -0.185861460 0.255893470 0.050011963
172143.913602760 4.936681481 -4.073369063 0.666739634 -0.950003975 -0.191431022 0.241888226 0.048339405
172143.946936290 5.073021696 -4.160843164 0.645559411 -0.952244384 -0.194182612 0.230362096 0.049568654
172143.980269821 5.173884859 -4.235304547 0.620018377 -0.953834151 -0.197502932 0.220236692 0.051853684
172144.013603351 5.278002840 -4.310363466 0.594993759 -0.955558241 -0.199088035 0.210359749 0.054965254
172144.046936881 5.382674700 -4.380264381 0.571758149 -0.956809059 -0.201358898 0.201293784 0.058752293
172144.080270411 5.491278661 -4.456429172 0.550851180 -0.957651589 -0.203677225 0.193366490 0.063469852
172144.113603942 5.470218119 -4.615326073 0.552888445 -0.957651927 -0.212639129 0.181649562 0.068489597
172144.146937472 5.581882283 -4.700671644 0.536427270 -0.957969406 -0.215500506 0.175299849 0.071582905
172144.180271002 5.693833070 -4.782055069 0.525426302 -0.958071414 -0.217154787 0.171230028 0.074988270
172144.213604532 5.807199368 -4.863914073 0.518018860 -0.958183153 -0.217597080 0.168525946 0.078329828
172144.246938063 5.922258885 -4.946843262 0.513876621 -0.958325018 -0.217665018 0.167006700 0.079648360
172144.280271593 6.039016095 -5.030964226 0.513172722 -0.958613430 -0.216684399 0.166844362 0.079190413
172144.313605123 6.195945765 -5.120779546 0.512947949 -0.959850667 -0.210235619 0.168484579 0.078106518
172144.346938653 6.317135823 -5.205644631 0.521497770 -0.960249300 -0.207917983 0.169949500 0.076213914
172144.380272184 6.441191441 -5.291489894 0.536626127 -0.960703067 -0.203735629 0.172650265 0.075718542
172144.413605714 6.566863888 -5.377950364 0.558875008 -0.960695919 -0.198466571 0.178247185 0.076826508
172144.446939244 6.694178583 -5.465439141 0.587974145 -0.960068701 -0.191707956 0.187747544 0.079164438
172144.480272774 6.823225978 -5.554506011 0.623334337 -0.958621068 -0.184250283 0.201244273 0.081229459
172144.513606305 6.954310393 -5.645213326 0.664383840 -0.956297166 -0.177364474 0.217507927 0.082023628
172144.546939835 7.087973082 -5.737219133 0.710318582 -0.953139628 -0.170729287 0.235923284 0.081954643
172144.580273365 7.224681000 -5.830113226 0.759945823 -0.949378974 -0.163090297 0.255896654 0.081228211
172144.613606895 7.364473062 -5.923544210 0.812296558 -0.945019291 -0.154602339 0.276616341 0.080746867
172144.646940425 7.507281069 -6.017438259 0.866195998 -0.940161561 -0.145491103 0.297341394 0.080725918
172144.680273956 7.537611530 -6.124705391 0.927811392 -0.935495058 -0.137074450 0.315477288 0.080831136
172144.713607486 7.685542308 -6.221316373 0.981767208 -0.930114705 -0.126982163 0.334986697 0.080907842
172144.746941016 7.832945896 -6.316971167 1.032445418 -0.924078599 -0.117979259 0.354541715 0.080372948
172144.780274546 7.982035585 -6.413201498 1.079850060 -0.917845531 -0.108319349 0.373414963 0.079923501
172144.813608077 8.133002682 -6.509443240 1.123596083 -0.911772872 -0.097814981 0.390436937 0.081617756
172144.846941607 8.285519720 -6.605793941 1.163080372 -0.905532786 -0.087699246 0.406273850 0.085210179
172144.880275137 8.439578219 -6.702891175 1.197437646 -0.899601775 -0.078395748 0.420286448 0.089050856
172144.913608667 8.594515510 -6.801280421 1.226493932 -0.894225720 -0.070341032 0.432382222 0.091968010
172144.946942198 8.828746968 -6.884809104 1.245573742 -0.888431362 -0.062756378 0.444718452 0.094746236
172144.980275728 8.827146867 -7.023520210 1.275758574 -0.883962135 -0.056972374 0.453350127 0.099190493
172145.013609258 8.984158288 -7.128361844 1.294862997 -0.876690565 -0.050431878 0.467257063 0.102669940
172145.046942788 9.139842477 -7.233686937 1.313248990 -0.868276453 -0.043760930 0.482858907 0.105015509
172145.080276319 9.296856609 -7.340907263 1.332711326 -0.857014277 -0.038231896 0.502505841 0.107483631
172145.113609849 9.456251682 -7.450044739 1.353475966 -0.843247857 -0.033868971 0.525017065 0.110195400
172145.146943379 9.618139536 -7.561192488 1.375208482 -0.826841863 -0.030853818 0.550380610 0.111632250
172145.180276909 9.782188751 -7.674360946 1.397707213 -0.807580108 -0.028901883 0.578344282 0.111789719
172145.213610440 9.948603467 -7.789449005 1.420445972 -0.786538033 -0.025507955 0.606857335 0.111496381
172145.246943970 10.116947473 -7.906083304 1.443098605 -0.763155815 -0.020576263 0.636165074 0.111641472
172145.280277500 10.287085846 -8.024192052 1.465267821 -0.737926112 -0.016141440 0.665342186 0.111911939
172145.313611030 10.458428790 -8.143869581 1.486270205 -0.711993366 -0.011774434 0.693073366 0.112143297
172145.346944561 10.634961439 -8.255497545 1.509388050 -0.686373053 -0.008073611 0.718627476 0.111361572
172145.380278091 10.808926659 -8.377819443 1.526960094 -0.663000256 -0.002442330 0.740165773 0.112157583
172145.413611621 10.981479948 -8.501626836 1.542673770 -0.638853539 0.001909475 0.760949429 0.113218708
172145.446945151 11.079198999 -8.651033773 1.528589894 -0.616246038 0.009250073 0.778660211 0.117658544
172145.480278682 11.262636208 -8.769856765 1.553499490 -0.599678620 0.011120280 0.791623669 0.116592706
172145.513612212 11.410815306 -8.911234411 1.560321711 -0.589492819 0.016375805 0.798839378 0.118683181
172145.546945742 11.585629727 -9.039277792 1.567193169 -0.583847107 0.020652586 0.802699218 0.119874902
172145.580279272 11.761157692 -9.168312920 1.572313787 -0.582898599 0.025464883 0.803042835 0.121255802
172145.613612803 11.937459923 -9.298418913 1.576323712 -0.583998159 0.030684856 0.801852325 0.122627235
172145.646946333 12.115134501 -9.429344767 1.580206240 -0.584258259 0.036926530 0.800993553 0.125251928
172145.680279863 12.294653472 -9.560955798 1.583518307 -0.585705997 0.044840123 0.798919157 0.129096978
172145.713613393 12.476438480 -9.693023639 1.586773212 -0.586122417 0.055201303 0.796958089 0.135170752
172145.746946924 12.660796125 -9.825484719 1.589632827 -0.586017581 0.068363895 0.794582402 0.143347760
172145.780280454 12.847870049 -9.958512986 1.591868837 -0.585746102 0.084215878 0.791362951 0.153472700
172145.813613984 13.037549923 -10.092433136 1.593637749 -0.584291914 0.102073546 0.787915430 0.165448562
172145.846947514 13.229847559 -10.227503569 1.594815916 -0.581994056 0.121369647 0.783911749 0.178982395
172145.880281044 13.573722568 -10.381897968 1.591029590 -0.576666970 0.147573767 0.778782283 0.197927625
172145.913614575 13.772425186 -10.518488138 1.590502460 -0.573870735 0.169354733 0.772214741 0.213718851
172146.013615165 14.389814742 -10.942302880 1.583762630 -0.563495934 0.244787629 0.742402842 0.267187891
172146.046948696 14.600588018 -11.087547875 1.579126529 -0.560462441 0.272735614 0.728093022 0.285267748
172146.080282226 14.813695861 -11.234885934 1.572876623 -0.558983626 0.302021748 0.710520906 0.302456959
172146.113615756 15.028964372 -11.384228500 1.564642464 -0.559760376 0.332700323 0.688833591 0.318570400
172146.146949286 15.245725977 -11.535815313 1.553972118 -0.563856660 0.364034576 0.662756967 0.332110970
172146.180282817 15.463452962 -11.689775131 1.541495808 -0.569849413 0.394096044 0.634340301 0.342888230
172146.213616347 15.839126028 -11.926397831 1.516602679 -0.571509988 0.429621410 0.602472211 0.354723853
172146.246949877 16.060619934 -12.085728947 1.502557127 -0.581806478 0.453694214 0.571842487 0.358690608
172146.280283407 16.282696556 -12.247088150 1.489051357 -0.591717216 0.473135816 0.544018540 0.360634251
172146.313616938 16.504826766 -12.409624007 1.477148403 -0.600265760 0.487270905 0.520605066 0.362240871
172146.346950468 16.664851079 -12.619290036 1.457833379 -0.607390688 0.500819819 0.497360413 0.364538998
172146.380283998 16.886044611 -12.784601462 1.447549021 -0.622241448 0.504617146 0.477711137 0.360512394
172146.413617528 17.107985311 -12.951434341 1.437594539 -0.638504151 0.503436373 0.461690674 0.354550405
172146.446951059 17.329945938 -13.118885709 1.428714835 -0.654365386 0.498190687 0.449013806 0.349282956
172146.480284589 17.551970163 -13.287158623 1.420815559 -0.670930259 0.489140654 0.438804171 0.343576641
172146.513618119 17.773964988 -13.456678990 1.413734653 -0.688639044 0.474980756 0.432333011 0.336537837
172146.546951649 17.996004787 -13.627872497 1.407593667 -0.704999626 0.457690016 0.430208115 0.329266390
172146.580285180 18.218590443 -13.801156991 1.402471870 -0.720320166 0.437472996 0.431529595 0.321773903
172146.613618710 17.786519261 -14.098842800 1.375859085 -0.730803833 0.425946743 0.428202661 0.318021400
172146.646952240 18.006733378 -14.281793879 1.371877707 -0.746373011 0.399652545 0.433967310 0.308021988
172146.680285770 18.072357075 -14.470043003 1.365668939 -0.760418826 0.374633307 0.438977554 0.297845265
172146.713619301 18.290198086 -14.655416097 1.361929036 -0.773890464 0.347028265 0.445826882 0.286187569
172146.746952831 18.509479548 -14.842910092 1.358241050 -0.786078314 0.318803015 0.453089382 0.274145097
172146.780286361 18.730979296 -15.032990791 1.354515966 -0.797224619 0.289479515 0.460540314 0.261795983
172146.813619891 18.954992870 -15.225717022 1.350489746 -0.807437830 0.259742363 0.467481428 0.249076634
172146.846953422 19.205176718 -15.410785191 1.349728685 -0.817058412 0.229230122 0.473523598 0.235890877
172146.880286952 19.336899811 -15.648316773 1.333108245 -0.824866259 0.202193840 0.477976621 0.224168809
172146.913620482 19.130745069 -15.867178776 1.279878918 -0.833371917 0.173185114 0.480146797 0.212031171
172146.946954012 19.303302472 -16.062716411 1.271965768 -0.840432309 0.141244968 0.484237656 0.198084039
172146.980287543 19.612378316 -16.288751643 1.264704531 -0.845978792 0.107671818 0.488832732 0.183764043
172147.013621073 19.844131765 -16.498464844 1.258318524 -0.850641070 0.073395433 0.492386882 0.169050402
172147.046954603 20.078020313 -16.710130124 1.251648903 -0.854439240 0.038027360 0.494682260 0.154197816
172147.080288133 20.306681528 -16.924409359 1.242924889 -0.857240573 0.001855132 0.495744473 0.139185400
172147.113621663 20.484956402 -17.139819503 1.223171867 -0.858841369 -0.034602153 0.495830956 0.123878396
172147.146955194 20.725232377 -17.357975744 1.215606758 -0.858699629 -0.071944334 0.495757737 0.108088972
172147.180288724 21.031638496 -17.599897927 1.210934394 -0.857122042 -0.109023090 0.494917136 0.092264835
172147.213622254 21.278109889 -17.822009791 1.202639770 -0.854611445 -0.145163197 0.492683720 0.076352319
172147.246955784 21.527385562 -18.045758395 1.194022866 -0.850931223 -0.180037301 0.489723792 0.060607198
172147.280289315 21.424364709 -18.456103229 1.113998295 -0.848118998 -0.204761154 0.486243948 0.048310016
172147.313622845 21.700658733 -18.682575329 1.109822860 -0.842483812 -0.237197535 0.482618981 0.032206750
172147.346956375 21.953235204 -18.912627689 1.099444844 -0.836277959 -0.267910081 0.478130458 0.015957076
172147.380289905 22.208360334 -19.144129281 1.088718445 0.829362110 0.297290821 -0.473050375 0.000025019
172147.413623436 22.465796376 -19.376735822 1.077533733 0.821789952 0.325126867 -0.467667067 0.015534150
172147.446956966 22.725538474 -19.610272871 1.065846324 0.814206922 0.351060100 -0.461435973 0.030012285
172147.480290496 22.987480708 -19.844768511 1.053576912 0.806804716 0.375140242 -0.454353486 0.043575900
172147.513624026 23.251641918 -20.080289881 1.040694605 0.799488391 0.397875658 -0.446423974 0.056735431
172147.546957557 23.756299844 -20.250357224 1.066070765 0.790463360 0.422766899 -0.437670035 0.069862474
172147.580291087 24.086461549 -20.453994890 1.060374387 0.783154955 0.443159126 -0.428635481 0.080931636
172147.613624617 24.360051835 -20.690993734 1.047052144 0.776809198 0.460480791 -0.419997422 0.090150303
172147.646958147 24.635239254 -20.929160191 1.033958739 0.770638296 0.475324793 -0.412906888 0.098442164
172147.680291678 22.683612632 -22.862114296 0.900289639 0.795634954 0.427836731 -0.421194087 0.080723561
172147.713625208 22.780780345 -23.108137854 0.893912761 0.792632060 0.435229289 -0.418279047 0.085746857
172147.746958738 23.033110269 -23.366782208 0.882346864 0.789188471 0.440891382 -0.418174340 0.089031274
172147.780292268 22.308037112 -23.844107748 0.759740078 0.792473560 0.432666799 -0.420764496 0.087990543
172147.813625799 22.560037256 -24.116382372 0.749119614 0.790043560 0.431761310 -0.426234917 0.087961017
172147.846959329 22.804394690 -24.379498910 0.739954394 0.787723954 0.428505169 -0.434031530 0.086550119
172147.880292859 23.050292205 -24.643370294 0.731834583 0.785333514 0.422763744 -0.444401725 0.083840294
172147.913626389 23.297847331 -24.908090896 0.724688571 0.782905771 0.414379664 -0.457111631 0.079981275
172147.946959920 23.547310412 -25.173601308 0.718221079 0.780690518 0.403546558 -0.471228280 0.074942632
172147.980293450 23.798723110 -25.439929990 0.712225792 0.778632418 0.390230705 -0.486525927 0.068877263
172148.013626980 24.051943758 -25.707233919 0.706566233 0.776174951 0.374426088 -0.503508917 0.061938035
172148.046960510 24.306941299 -25.975592690 0.700973817 0.773049011 0.356214864 -0.522074564 0.054261844
172148.080294041 24.518973703 -26.296943093 0.685906976 0.769380619 0.334842327 -0.542102584 0.045374760
172148.113627571 24.781043663 -26.571596541 0.678960988 0.766121695 0.313339727 -0.560033942 0.035181631
172148.146961101 25.028642272 -26.884312351 0.660350437 0.763418714 0.291973422 -0.575633213 0.024285656
172148.180294631 25.291778382 -27.158854426 0.650222634 0.762115673 0.271790931 -0.587472110 0.013634921
172148.213628162 25.555756596 -27.433840332 0.638119983 0.763305416 0.251718011 -0.594976326 0.002461069
172148.246961692 25.820953074 -27.710555561 0.624210805 -0.767231568 -0.230659141 0.598396890 0.008558248
172148.280295222 26.087209236 -27.988818417 0.609074586 -0.772038365 -0.207790124 0.600351148 0.018934784
172148.313628752 26.354970949 -28.268211260 0.593611210 -0.775584447 -0.182279956 0.603663910 0.028855977
172148.346962282 26.624868757 -28.548523048 0.578596432 -0.777254247 -0.154842176 0.608602413 0.038766452
172148.380295813 26.896375362 -28.829882610 0.563997429 -0.777633016 -0.124629230 0.614224640 0.049825087
172148.413629343 27.169334577 -29.112369870 0.549613677 -0.777230306 -0.091273753 0.619388990 0.062764901
172148.446962873 27.444737858 -29.395994109 0.534906124 -0.776012419 -0.056138836 0.623434332 0.077348502
172148.480296403 27.723068858 -29.680824720 0.519474860 -0.773921356 -0.020380846 0.626061114 0.093154909
172148.513629934 28.004568099 -29.966900248 0.503214454 -0.770500423 0.015223764 0.627622089 0.110398594
172148.546963464 28.288982618 -30.254554685 0.486271317 -0.766788864 0.051484954 0.626785016 0.128548362
172148.580296994 28.576086420 -30.544039853 0.468526355 -0.762772680 0.088723812 0.623508600 0.146775170
172148.613630524 28.865771538 -30.835515468 0.449914870 -0.757477753 0.125597292 0.619257909 0.164232812
172148.646964055 29.158008738 -31.129162404 0.430486829 -0.749799289 0.161749264 0.615521448 0.181029140
172148.680297585 29.452679164 -31.425242174 0.410188148 -0.741381379 0.196631235 0.610833382 0.196398543
172148.713631115 29.749317227 -31.723735464 0.389109677 -0.732440304 0.230506482 0.605198096 0.210079097
172148.746964645 30.047412960 -32.024347416 0.367805574 -0.723227245 0.262678254 0.598841091 0.222107709
172148.780298176 30.346806902 -32.327062594 0.346399322 -0.713794560 0.292125590 0.592546732 0.232482982
172148.813631706 30.647649569 -32.632204311 0.324665723 -0.705341109 0.318399329 0.585717328 0.240937748
172148.846965236 30.949935689 -32.939867574 0.302551153 -0.696857116 0.341823219 0.579635996 0.248131336
172148.880298766 31.253693563 -33.250114415 0.279990935 -0.689712564 0.362128133 0.573456799 0.253588435
172148.913632297 31.558404622 -33.562609812 0.257367039 -0.683255338 0.379776980 0.567870381 0.257788323
172148.946965827 31.863730619 -33.876930085 0.234938076 -0.676068396 0.395372342 0.564120770 0.261495680
172148.980299357 32.169930713 -34.193130242 0.212488335 -0.669423886 0.408862615 0.560987639 0.264567368
172149.013632887 32.476827020 -34.510740123 0.190201534 -0.663347551 0.419000797 0.559336679 0.267489883
172149.046966418 32.794269817 -34.812410993 0.170248452 -0.655540096 0.425412868 0.561540581 0.271961853
172149.080299948 33.102479221 -35.132559818 0.148312325 -0.651047417 0.428792926 0.562853546 0.274717624
172149.113633478 33.411499163 -35.454706327 0.126220939 -0.650115797 0.429407406 0.563114231 0.275428925
172149.146967008 33.721349568 -35.778702120 0.104165127 -0.650716202 0.427933013 0.563475930 0.275566031
172149.180300539 34.031841760 -36.104250612 0.082264778 -0.653306951 0.424070869 0.563949092 0.274436419
172149.213634069 34.342664541 -36.430689939 0.060881198 -0.657236892 0.416896921 0.565621422 0.272596832
172149.246967599 34.653872116 -36.758037098 0.039810948 -0.662681623 0.407255679 0.567712719 0.269625940
172149.280301129 34.965283316 -37.086353005 0.018946719 -0.669535239 0.394940551 0.570436129 0.265230368
172149.313634660 35.277080537 -37.416256150 -0.002294154 -0.677552358 0.381542865 0.572794881 0.259333508
172149.346968190 35.589694067 -37.748401040 -0.024482486 -0.687467479 0.367507594 0.573568392 0.251686180
172149.380301720 35.755802990 -38.125125440 -0.065711607 -0.697136975 0.353920317 0.573833316 0.243835545
172149.413635250 36.065865641 -38.459761480 -0.089796624 -0.707053908 0.338273638 0.574972095 0.234633346
172149.446968781 36.130046999 -39.084429223 -0.147159172 -0.716747520 0.324084167 0.574516698 0.226214520
172149.480302311 36.444623771 -39.431870874 -0.173331694 -0.726489314 0.303069527 0.578148834 0.214723229
172149.513635841 36.760557632 -39.782201831 -0.199609631 -0.735886379 0.279359379 0.582850461 0.201779370
172149.546969371 37.099917034 -40.113958905 -0.223698161 -0.744493612 0.252838860 0.588763373 0.187508567
172149.580302901 37.419930542 -40.471009645 -0.250084854 -0.752074075 0.225116145 0.594859852 0.172768816
172149.613636432 37.661020838 -40.900766644 -0.282748797 -0.758572513 0.197040899 0.600537391 0.158421804
172149.646969962 37.984883747 -41.264480257 -0.309644822 -0.763364260 0.167064756 0.607249683 0.143569482
172149.680303492 38.281315650 -41.756190400 -0.349290561 -0.767188727 0.139083250 0.612623962 0.129495898
172149.713637022 38.615969946 -42.118053365 -0.376786738 -0.771489707 0.110087853 0.616119579 0.114372035
172149.746970553 37.877719893 -43.594750501 -0.529626640 -0.773579679 0.096418620 0.616688950 0.109419693
172149.780304083 38.216675418 -43.995116153 -0.561160144 -0.777605536 0.067088837 0.618088748 0.093781759
172149.813637613 38.544702495 -44.382801788 -0.592128100 -0.779766990 0.039411251 0.619754313 0.079465627
172149.846971143 38.873971196 -44.772763641 -0.623790370 -0.779968715 0.012321850 0.622208385 0.065982579
172149.880304674 39.204214166 -45.165347886 -0.656085463 -0.777293862 -0.014403131 0.626705976 0.053351873
172149.913638204 39.535207104 -45.561031379 -0.689010127 -0.770038465 -0.041851257 0.635361389 0.040064191
172149.946971734 39.868235726 -45.959667017 -0.722806693 -0.762044879 -0.069494930 0.643222551 0.026885056
172149.980305264 40.204441368 -46.360663580 -0.758002548 -0.756813352 -0.095841067 0.646378479 0.015585296
172150.013638795 40.543821734 -46.763627546 -0.794756910 -0.753855713 -0.119875157 0.645987714 0.005602157
172150.046972325 40.885851633 -47.168290578 -0.832783606 0.750705787 0.141879458 -0.645205095 0.004628852
172150.080305855 41.051150307 -47.691196323 -0.876957485 0.746543047 0.160483412 -0.645537500 0.014138234
172150.113639385 41.397283189 -48.099237322 -0.916253641 0.741074346 0.178118656 -0.646901400 0.024518085
172150.146972916 42.767239476 -47.711039533 -0.899310809 0.733144841 0.202594707 -0.647859478 0.041618777
172150.180306446 43.127390274 -48.111601599 -0.938662363 0.730539730 0.212025418 -0.647279118 0.048853534
172150.213639976 43.490685719 -48.513016012 -0.978305130 0.729999097 0.218318713 -0.645340162 0.054537453
172150.246973506 43.855512604 -48.914804955 -1.017800027 0.729151806 0.221828278 -0.644779113 0.058221605
172150.280307037 44.221499762 -49.317149120 -1.057169592 0.727470969 0.222727285 -0.646195101 0.060086906
172150.313640567 44.588655698 -49.720162346 -1.096709365 0.725729711 0.221182694 -0.648681764 0.060054741
172150.346974097 44.957083523 -50.123977370 -1.136476196 0.724917703 0.216701630 -0.651298280 0.057838382
172150.380307627 45.326801800 -50.528585200 -1.176443712 0.725316665 0.208021992 -0.654093547 0.052954868
172150.413641158 45.697849764 -50.934091350 -1.216521163 0.726039354 0.194524242 -0.658042101 0.044808144
172150.446974688 46.070280237 -51.340625933 -1.256780166 0.726181802 0.177011951 -0.663456421 0.033946108
172150.480308218 46.444358805 -51.748055087 -1.297346050 0.725742373 0.156640729 -0.669570165 0.020916131
172150.513641748 46.820007667 -52.156320360 -1.338303701 0.724170601 0.134242753 -0.676398078 0.006439228
172150.546975279 47.197263777 -52.565395118 -1.379743428 -0.721170592 -0.108737722 0.684095353 0.010130752
172150.580308809 47.576239529 -52.975431178 -1.421812616 -0.716385150 -0.079621571 0.692542433 0.028943064
172150.613642339 47.749129721 -53.565739593 -1.467869891 -0.710318328 -0.044841598 0.700480937 0.052569573
172150.646975869 48.133258542 -53.982510685 -1.512860176 -0.703228244 -0.009887332 0.706681854 0.077285414
172150.680309400 48.516086604 -54.397171128 -1.558914199 -0.695337252 0.026917004 0.710763099 0.102943659
172150.713642930 48.900744078 -54.813071997 -1.606549130 -0.685304228 0.065087517 0.713773581 0.129031023
172150.746976460 49.287307243 -55.230176644 -1.656189964 -0.674054058 0.101274846 0.715111422 0.154952205
172150.780309990 49.675768232 -55.648610980 -1.708169484 -0.664870332 0.133199219 0.713081182 0.178102883
172150.813643520 50.065991740 -56.068358491 -1.762733579 -0.660038543 0.160469214 0.706845853 0.197402363
172150.846977051 50.457572206 -56.489524934 -1.819399730 -0.658141946 0.182210870 0.698768269 0.213005364
172150.880310581 50.850479463 -56.912503752 -1.878197643 -0.659745830 0.198385375 0.689317084 0.224099621
172150.913644111 51.245280514 -57.337888127 -1.939361738 -0.666410786 0.210212859 0.677162321 0.230561077
172150.946977641 51.642124038 -57.766091415 -2.002376944 -0.676840695 0.217765167 0.663364736 0.233264295
172150.980311172 52.041143398 -58.197584405 -2.066953901 -0.689837469 0.221527778 0.648750593 0.232749603
172151.013644702 52.442778801 -58.632728046 -2.132437534 -0.703185360 0.222827819 0.634726366 0.230218490
172151.046978232 52.847303115 -59.071419386 -2.198471792 -0.716145497 0.221916658 0.621874314 0.226187888
172151.080311762 53.255027693 -59.513518273 -2.264992374 -0.729296601 0.219896098 0.609069163 0.220922902
172151.113645293 53.665923502 -59.958952288 -2.331919673 -0.743991772 0.215820117 0.595257965 0.213461648
172151.146978823 54.079531526 -60.407465756 -2.399107295 -0.760215916 0.209784418 0.579839891 0.204567741
172151.180312353 54.495603170 -60.858863228 -2.466285130 -0.776881856 0.202326197 0.563387079 0.195227280
172151.213645883 54.913950522 -61.312667868 -2.532746583 -0.791423027 0.193669491 0.548801532 0.186972190
172151.246979414 55.334626369 -61.769028823 -2.598675280 -0.804566617 0.183585266 0.535849741 0.178421027
172151.280312944 55.757218859 -62.227870016 -2.663291031 -0.814127048 0.172477245 0.527474450 0.170936987
172151.313646474 56.181572268 -62.689127723 -2.726402483 -0.818714400 0.160702391 0.525718080 0.165837189
172151.346980004 56.608189187 -63.152886216 -2.788619966 -0.821004709 0.148758119 0.526767361 0.162291211
172151.380313535 57.000232428 -63.666299765 -2.852885292 -0.823771132 0.137691452 0.526236215 0.159742392
172151.413647065 57.432927026 -64.136608682 -2.913333647 -0.825566511 0.127511721 0.526259143 0.158845872
172151.446980595 57.918144503 -64.606962938 -2.979030261 -0.824253258 0.117442485 0.530221444 0.160246842
172151.480314125 58.356082456 -65.081510241 -3.036854963 -0.821686311 0.107312814 0.535810512 0.161934129
172151.513647656 58.960041351 -65.407537739 -3.091111917 -0.820045202 0.095301608 0.540731050 0.161410663
172151.546981186 59.232885573 -66.010773564 -3.143359248 -0.818495858 0.087205611 0.544073915 0.162613916
172151.580314716 59.783444689 -66.456103304 -3.204601395 -0.815639064 0.077521505 0.549319037 0.164231327
172151.613648246 60.234461426 -66.939374560 -3.259154089 -0.812049216 0.069684465 0.554574285 0.167831786
172151.646981777 60.688673086 -67.424868401 -3.314158311 -0.808931131 0.063596282 0.558312359 0.172838792
172151.680315307 61.144948233 -67.912059120 -3.370064931 -0.805721881 0.057778658 0.561565049 0.179216554
172151.713648837 61.602348356 -68.400526388 -3.427628531 -0.800800748 0.050719406 0.567125094 0.185781680
172151.746982367 62.061084669 -68.890613172 -3.487332537 -0.795047526 0.043100001 0.574014955 0.191177019
172151.780315898 62.521580607 -69.382624149 -3.549267206 -0.789390836 0.036894290 0.580986265 0.194822687
172151.813649428 62.983263191 -69.875786412 -3.613137387 -0.780753791 0.032320612 0.591578113 0.198530181
172151.846982958 63.445555723 -70.369510631 -3.678536430 -0.768724894 0.027466059 0.605903447 0.202949909
172151.880316488 63.909007801 -70.864355738 -3.746051389 -0.757187452 0.024369475 0.619324897 0.206179443
172151.913650019 64.373811082 -71.361095108 -3.815186821 -0.748551023 0.023325749 0.629470576 0.207108836
172151.946983549 64.766950856 -71.913057821 -3.883569811 -0.743792806 0.025854226 0.635271595 0.206237295
172151.980317079 65.234655691 -72.414993045 -3.954250950 -0.741520097 0.027821274 0.639085770 0.202344511
172152.013650609 65.702862354 -72.917884025 -4.025093964 -0.739967146 0.029942995 0.642470606 0.196935423
172152.046984139 66.172470155 -73.422385778 -4.095629001 -0.738699922 0.030771233 0.645609276 0.191217728
172152.080317670 66.643286422 -73.928320061 -4.166020752 -0.739218467 0.029038544 0.646829243 0.185269402
172152.113651200 67.115913842 -74.435737539 -4.235857347 -0.744657612 0.024018110 0.642240846 0.180096825
172152.146984730 67.591201415 -74.944520039 -4.304893310 -0.753128260 0.018784167 0.633960202 0.174755374
172152.180318260 68.068219401 -75.455029775 -4.373423086 -0.761064046 0.011498551 0.626936215 0.166133332
172152.213651791 68.545885978 -75.967747301 -4.440302582 -0.764375846 -0.000814215 0.625874536 0.154951504
172152.246985321 69.026081555 -76.482827930 -4.504307323 -0.762253214 -0.014093308 0.630456521 0.145931459
172152.280318851 69.511615212 -76.999112568 -4.566566557 -0.757310415 -0.020194247 0.636562119 0.144436130
172152.313652381 70.001739262 -77.516414023 -4.627792230 -0.751161505 -0.018334326 0.642464387 0.150531582
172152.346985912 70.494088895 -78.035397455 -4.688109002 -0.744108435 -0.015179336 0.648742096 0.158763716
172152.380319442 70.988373652 -78.556512274 -4.748139795 -0.736795056 -0.011956120 0.655535563 0.165115784
172152.413652972 71.483419975 -79.079747894 -4.808010849 -0.725915448 -0.006369204 0.666880987 0.168154524
172152.446986502 71.980003808 -79.604742794 -4.868627865 -0.713769763 -0.001675302 0.679431398 0.170008511
172152.480320033 72.478360979 -80.131847913 -4.931143283 -0.706263068 0.001692387 0.687707712 0.168070572
172152.513653563 72.978702161 -80.661115778 -4.995794655 -0.704312954 0.004104544 0.690908390 0.163009242
172152.546987093 73.481101453 -81.192312747 -5.062726245 -0.706555554 0.006080391 0.689983472 0.157051221
172152.580320623 73.985988087 -81.725527150 -5.132004382 -0.712239657 0.007664755 0.685344379 0.151522291
172152.613654154 74.493496289 -82.261020559 -5.203605386 -0.722057440 0.007312709 0.676461437 0.144843029
172152.646987684 75.003969819 -82.798468014 -5.277594762 -0.736175877 0.006464471 0.662342388 0.138945491
172152.680321214 75.517518342 -83.337710140 -5.352991591 -0.750995370 0.005210065 0.646516162 0.134147911
172152.713654744 76.033992027 -83.878593495 -5.429427017 -0.764976689 0.005552748 0.630877947 0.129510029
172152.746988275 76.553031604 -84.421290341 -5.506538527 -0.778546609 0.007317784 0.615347624 0.123121601
172152.780321805 77.074310384 -84.965708303 -5.583617351 -0.791071256 0.009483400 0.600608229 0.115698264
172152.813655335 77.597979242 -85.511699413 -5.660229659 -0.803446651 0.012118257 0.585085096 0.109553899
172152.846988865 78.123661001 -86.059495817 -5.736343620 -0.815214129 0.014430346 0.569643084 0.103558900
172152.880322396 78.651289167 -86.608951018 -5.812158443 -0.825300388 0.016197171 0.555722956 0.098938961
172152.913655926 79.180250978 -87.159299923 -5.887276774 -0.831827499 0.015171142 0.545923989 0.098994173
172152.946989456 79.711944729 -87.711596050 -5.962823995 -0.840458245 0.012641645 0.532321192 0.100520025
172152.980322986 80.247399827 -88.267205691 -6.039215311 -0.854737465 0.010655945 0.509638531 0.097871777
172153.013656517 80.786752423 -88.825439131 -6.115980933 -0.872068462 0.013152014 0.479496391 0.096988832
172153.046990047 81.328598538 -89.386090803 -6.191851237 -0.888421719 0.015160006 0.448681747 0.095716843
172153.080323577 81.872515265 -89.949082479 -6.267041421 -0.903273437 0.018536658 0.418087135 0.094639513
172153.113657107 82.418297896 -90.514517224 -6.341490721 -0.916936759 0.020984768 0.387940203 0.091044042
172153.146990638 82.964817844 -91.082039039 -6.414265039 -0.924966662 0.021406236 0.369224627 0.087473554
172153.180324168 83.511797689 -91.651698430 -6.484840637 -0.927942945 0.020609365 0.362527956 0.084087010
172153.213657698 84.059708848 -92.223405488 -6.553115299 -0.927647457 0.019100695 0.363421409 0.083846519
172153.246991228 84.608586912 -92.797745665 -6.618968557 -0.924503145 0.017663606 0.371329772 0.084238542
172153.280324759 84.844937922 -93.680801622 -6.683758752 -0.917568157 0.018741193 0.387140052 0.088543919
172153.313658289 85.386052799 -94.253879932 -6.743685231 -0.907769159 0.015696835 0.408126997 0.095609190
172153.346991819 85.935762634 -94.836881676 -6.802963221 -0.896892262 0.011525956 0.429947343 0.102940296
172153.380325349 86.487478504 -95.422634797 -6.860726317 -0.885634843 0.007496097 0.451347668 0.108995484
172153.413658879 87.041019740 -96.011190428 -6.916895008 -0.873550886 0.002669086 0.473408870 0.113074171
172153.446992410 87.445891527 -96.690908383 -6.963118318 -0.860185936 -0.000852683 0.496415828 0.116836443
172153.480325940 88.002725577 -97.285444507 -7.016071152 -0.845728167 -0.004304289 0.520055370 0.119447700
172153.513659470 88.618838301 -97.848684790 -7.069487174 -0.829260491 -0.008321081 0.545349797 0.121866302
172153.546993000 89.182932678 -98.449997107 -7.118513979 -0.810317227 -0.012458080 0.572384035 0.124929194
172153.580326531 89.819344789 -98.985829205 -7.165955441 -0.791784966 -0.016413086 0.597183276 0.127197930
172153.613660061 90.390714661 -99.590712049 -7.211961010 -0.774258866 -0.019631051 0.619293400 0.128893426
172153.646993591 90.799041308 -100.336869182 -7.251981707 -0.755274255 -0.022568193 0.641997615 0.129963608
172153.680327121 93.873668747 -99.320203265 -7.412186731 -0.733430979 -0.041919778 0.667975148 0.118873598
172153.713660652 94.473908563 -99.925099527 -7.457906005 -0.712607810 -0.045018028 0.690453787 0.115918309
172153.746994182 95.906145360 -100.236938951 -7.622115137 -0.690551197 -0.051545168 0.712973380 0.110232024
172153.780327712 96.530859518 -100.854063170 -7.672008350 -0.668512903 -0.053300799 0.733925758 0.107714924
172153.813661242 97.150594546 -101.463603717 -7.723791472 -0.647940060 -0.053720428 0.752430146 0.105530422
172153.846994773 97.774022392 -102.074695533 -7.778670464 -0.628891931 -0.054901229 0.768738050 0.102579747
172153.880328303 97.762610769 -103.263423210 -7.829150324 -0.611774917 -0.051300420 0.782544748 0.103554020
172153.913661833 94.320430808 -107.412224516 -7.816932108 -0.597246122 -0.028689482 0.792084895 0.122782335
172153.946995363 95.015526828 -108.137051958 -7.900480180 -0.582978118 -0.032270835 0.803097034 0.118870774
172153.980328894 95.995879683 -108.824540288 -8.084686176 -0.572995131 -0.037678998 0.810868278 0.112913724
172154.013662424 96.405828755 -109.416283733 -8.091299075 -0.566482665 -0.042773884 0.815840608 0.108036510
172154.046995954 97.012730081 -110.059332034 -8.164373967 -0.564832321 -0.047865652 0.816949296 0.106146956
172154.080329484 97.621150994 -110.702858887 -8.238922518 -0.568700720 -0.053586374 0.813932350 0.105934518
172154.113663015 98.232212868 -111.347217307 -8.314987858 -0.575900897 -0.058218820 0.808462026 0.106479477
172154.146996545 98.847082451 -111.992482760 -8.392486892 -0.585140260 -0.060229652 0.801456277 0.107940272
172154.180330075 99.465496088 -112.639663728 -8.470899619 -0.593369711 -0.062788037 0.795285765 0.107194214
172154.213663605 100.087256130 -113.289286692 -8.549901432 -0.598817544 -0.067450300 0.791445901 0.102378669
172154.246997136 100.712231835 -113.940912693 -8.630030274 -0.605137604 -0.072864314 0.786931103 0.096118213
172154.280330666 101.339928950 -114.594280390 -8.710667314 -0.612024639 -0.078352736 0.781822389 0.089668507
172154.313664196 101.970379956 -115.248899740 -8.791405146 -0.617548566 -0.081041696 0.777549875 0.086499734
172154.346997726 102.603429433 -115.904913236 -8.872200990 -0.622012522 -0.080079108 0.774007786 0.087176296
172154.380331257 103.238677369 -116.562729260 -8.953111914 -0.623422808 -0.075241467 0.773066206 0.089729404
172154.413664787 103.875540838 -117.222445652 -9.033635718 -0.617849773 -0.068220725 0.777659894 0.094088683
172154.446998317 104.513756221 -117.884051805 -9.114006327 -0.604420089 -0.060882286 0.787758136 0.102013840
172154.480331847 105.153208411 -118.547895219 -9.195147572 -0.587484252 -0.054396547 0.799572992 0.112188678
172154.513665378 105.794143010 -119.214410336 -9.278078534 -0.571612293 -0.048450371 0.809881282 0.122491870
172154.546998908 106.436927665 -119.883773750 -9.363430668 -0.558323386 -0.042363193 0.817920963 0.132233338
172154.580332438 107.081495690 -120.555764421 -9.451045613 -0.547592100 -0.036713514 0.823996876 0.140798290
172154.613665968 107.728040688 -121.229638922 -9.540573232 -0.539837215 -0.030022551 0.827795011 0.149765974
172154.646999498 108.376797902 -121.904922839 -9.631708020 -0.535350574 -0.020463841 0.828952115 0.160684115
172154.680333029 109.027851998 -122.581335933 -9.724110210 -0.532741513 -0.007133505 0.828144274 0.174105300
172154.713666559 109.680944190 -123.259100990 -9.817355354 -0.530016617 0.007574777 0.826760086 0.188395248
172154.747000089 110.336183241 -123.938384310 -9.911653090 -0.527026827 0.023330814 0.825203068 0.201837293
172154.780333619 110.993611206 -124.619195002 -10.007151075 -0.524553614 0.040600595 0.822680687 0.215387058
172154.813667150 111.652980459 -125.301522746 -10.103764170 -0.523966711 0.057564408 0.818682604 0.227824535
172154.847000680 112.314548658 -125.985440965 -10.201224423 -0.526650791 0.073322868 0.812747038 0.238128017
172154.880334210 112.978500809 -126.671136785 -10.299022623 -0.532043001 0.087499006 0.805117144 0.247104335
172154.913667740 113.644645831 -127.358584935 -10.396771001 -0.538451441 0.098929831 0.797041354 0.254966691
172154.947001271 114.313422649 -128.047726309 -10.494447772 -0.544077567 0.108814209 0.789412123 0.262616771
172154.980334801 114.985229839 -128.738562489 -10.591987178 -0.548105284 0.117790853 0.782657641 0.270467982
172155.013668331 115.660171472 -129.431078579 -10.689396413 -0.549567970 0.127072953 0.777466944 0.278159419
172155.047001861 116.338548901 -130.125293663 -10.786616448 -0.548515762 0.138193118 0.773240146 0.286588201
172155.080335392 117.020312068 -130.821442015 -10.883866576 -0.545853925 0.151227168 0.769279094 0.295607021
172155.113668922 117.705367878 -131.519743408 -10.981545053 -0.542061450 0.166432918 0.765160659 0.304956775
172155.147002452 118.393510236 -132.220343673 -11.079636344 -0.537425728 0.181144515 0.761341120 0.314197312
172155.180335982 119.084307936 -132.923567671 -11.177905131 -0.531974680 0.192281467 0.758709587 0.323095248
172155.213669513 119.777335146 -133.629803638 -11.276691457 -0.526881680 0.199565578 0.757466173 0.329870082
172155.247003043 120.472182646 -134.339264484 -11.376193876 -0.522823343 0.203479954 0.757346848 0.334181705
172155.280336573 121.169157732 -135.051737413 -11.476459235 -0.519231489 0.206637221 0.757497580 0.337486497
172155.313670103 121.868249976 -135.766996919 -11.577225628 -0.514939658 0.208938848 0.758163062 0.341131173
172155.347003634 122.569403680 -136.484735031 -11.678649401 -0.509395644 0.210639498 0.759721308 0.344921171
172155.380337164 123.272519938 -137.204688875 -11.781178859 -0.504005668 0.212737053 0.761141271 0.348403787
172155.413670694 123.977139822 -137.926745544 -11.884992926 -0.500290292 0.213973980 0.762268542 0.350530211
172155.447004224 124.682914679 -138.650933699 -11.990280135 -0.498926103 0.213793858 0.763328289 0.350278252
172155.480337755 125.389692776 -139.377339678 -12.097115847 -0.499480142 0.211877144 0.764871883 0.347273187
172155.513671285 126.097793504 -140.105860419 -12.205688782 -0.502249943 0.209826329 0.765898759 0.342223607
172155.547004815 126.807756575 -140.836382034 -12.315833686 -0.506781000 0.208352283 0.765808982 0.336599091
172155.580338345 127.519876746 -141.568732666 -12.427116510 -0.511608683 0.207249719 0.765349199 0.330975396
172155.613671876 128.234397288 -142.302879789 -12.539319573 -0.516581680 0.206700957 0.764474444 0.325571662
172155.647005406 128.951643917 -143.038735024 -12.651964434 -0.520741936 0.206352388 0.763883533 0.320512832
172155.680338936 129.671839806 -143.776217874 -12.764836708 -0.523435917 0.206847380 0.763538874 0.316602890
172155.713672466 130.395029932 -144.515052892 -12.877846322 -0.524668603 0.208327924 0.763292234 0.314177179
172155.747005997 131.121134561 -145.255248509 -12.990863960 -0.524844821 0.210602933 0.763121164 0.312778528
172155.780339527 131.850062629 -145.996892913 -13.103982262 -0.524844948 0.213486190 0.762718108 0.311805252
172155.813673057 132.581649495 -146.739995317 -13.217350296 -0.524812299 0.216565385 0.762166342 0.311085120
172155.847006587 133.315750532 -147.484654910 -13.331210063 -0.525369075 0.218893843 0.761575842 0.309959768
172155.880340117 134.052398146 -148.231014483 -13.445859726 -0.526648161 0.220332367 0.761084159 0.307971208
172155.913673648 134.791818257 -148.979385889 -13.561392277 -0.528480499 0.221215068 0.760802958 0.304878853
172155.947007178 135.534304209 -149.729862862 -13.677756393 -0.529801977 0.222227662 0.760716595 0.302051309
172155.980340708 136.279922202 -150.482359098 -13.794865695 -0.529989222 0.223253504 0.760971880 0.300318323
172156.013674238 137.028578239 -151.237015452 -13.912803884 -0.530072340 0.224251452 0.761056197 0.299212411
172156.047007769 137.780059795 -151.993882557 -14.031457138 -0.530443807 0.224590344 0.761082379 0.298231717
172156.080341299 138.534174829 -152.752956715 -14.150816580 -0.531379702 0.223948342 0.761115231 0.296961881
172156.113674829 139.290863771 -153.514259378 -14.270626677 -0.532256326 0.222157881 0.761643679 0.295377700
172156.147008359 140.050091915 -154.277742731 -14.390874905 -0.532824391 0.219673801 0.762608106 0.293718345
172156.180341890 140.811929334 -155.043482841 -14.511703285 -0.533583255 0.217040401 0.763517226 0.291931191
172156.213675420 141.576263532 -155.811583596 -14.632982077 -0.534509196 0.213808269 0.764651931 0.289643519
172156.247008950 142.342910490 -156.582203632 -14.754729399 -0.535896638 0.209250641 0.766206941 0.286279385
172156.280342480 143.111736585 -157.355412596 -14.876820961 -0.537373309 0.202495415 0.768595654 0.281933067
172156.313676011 143.882614047 -158.131412900 -14.999473017 -0.539641244 0.193281225 0.771717218 0.275467297
172156.347009541 144.655689419 -158.910450080 -15.122900617 -0.543046095 0.182212511 0.775043566 0.266846417
172156.380343071 145.431040307 -159.692595542 -15.247106079 -0.546706652 0.169295026 0.778938626 0.256331130
172156.413676601 146.208715062 -160.477598773 -15.372130701 -0.549989282 0.154867964 0.783395361 0.244580073
172156.447010132 147.074416393 -161.244336267 -15.512165045 -0.552755118 0.139113067 0.788380011 0.231443932
172156.480343662 147.857162220 -162.034062616 -15.639018024 -0.555507432 0.122978307 0.793023788 0.217717940
172156.513677192 148.850487875 -162.756541809 -15.802432966 -0.558959493 0.106066530 0.796830589 0.203408922
172156.547010722 149.643764497 -163.554186617 -15.932509514 -0.563720737 0.088702984 0.799017186 0.189531655
172156.580344253 150.436841706 -164.351065891 -16.063238882 -0.569562062 0.070299332 0.800053410 0.174847368
172156.613677783 151.232760190 -165.150286275 -16.194952916 -0.575769196 0.050767065 0.800275136 0.159600264
172156.647011313 152.031696912 -165.951789826 -16.327554049 -0.581726453 0.029984606 0.799931499 0.144238879
172156.680344843 152.833885997 -166.755637869 -16.461079988 -0.587184901 0.007644072 0.799152573 0.128493674
172156.713678374 153.639586397 -167.561872454 -16.595702409 -0.592440446 -0.015996583 0.797703952 0.111475703
172156.747011904 154.448951594 -168.370593040 -16.731180810 -0.596669479 -0.042108669 0.795987350 0.092825272
172156.780345434 155.308014902 -169.169622935 -16.875542225 -0.598673551 -0.070521088 0.794575133 0.072574880
172156.813678964 156.076219883 -170.001465876 -17.004124293 -0.599797872 -0.098321329 0.792402951 0.051700990
172156.847012495 156.710000075 -170.872988912 -17.106022944 -0.600838657 -0.123184438 0.789198497 0.031372521
172156.880346025 157.528542681 -171.683087948 -17.243606355 -0.601887473 -0.146115352 0.785019958 0.011199991
172156.913679555 158.355972529 -172.499451153 -17.382640378 0.601736395 0.169191920 -0.780521301 0.008596771
172156.947013085 159.186750004 -173.316997851 -17.522368199 0.600062177 0.192618954 -0.775899473 0.028343098
172156.980346616 160.020814627 -174.135487498 -17.662813960 0.596791473 0.216548535 -0.771208915 0.046727712
172157.013680146 160.858201044 -174.954727536 -17.804212122 0.592407887 0.241294150 -0.766036838 0.063384468
172157.047013676 161.699112448 -175.774670516 -17.946871879 0.588333756 0.266275472 -0.759419043 0.079015706
172157.080347206 162.439723030 -176.620868404 -18.070520797 0.585748470 0.290321155 -0.750809388 0.094327193
172157.113680736 163.285295342 -177.440346649 -18.214574554 0.583755061 0.315477351 -0.739835576 0.111118812
172157.147014267 164.373239286 -178.155669001 -18.395851370 0.580369508 0.342302379 -0.727413971 0.129881604
172157.180347797 165.233489896 -178.982847079 -18.541591111 0.575537269 0.367236898 -0.715256126 0.149340507
172157.213681327 166.092459390 -179.806730543 -18.686018620 0.568868211 0.387921772 -0.705382469 0.168348536
172157.247014857 166.954226270 -180.630909495 -18.829982594 0.562545817 0.402817559 -0.697890966 0.185009235
172157.280348388 167.818629412 -181.455359570 -18.973689593 0.558502801 0.412271542 -0.692045787 0.197937937
172157.313681918 168.685307255 -182.280137904 -19.117112689 0.555726177 0.417053030 -0.688781889 0.206917122
172157.347015448 169.554244139 -183.105373318 -19.260893711 0.553356867 0.419927157 -0.687310871 0.212276063
172157.380348978 170.425848859 -183.931666059 -19.405321045 0.551927522 0.422392015 -0.685820657 0.215895862
172157.413682509 171.300156469 -184.759560608 -19.550480389 0.551075260 0.424934917 -0.683840512 0.219336563
172157.447016039 172.176938009 -185.588920318 -19.696411915 0.551007829 0.426967088 -0.681893991 0.221607904
172157.480349569 173.056333569 -186.419702528 -19.843054643 0.552372850 0.427521429 -0.680224846 0.222269704
172157.513683099 173.938418524 -187.252088146 -19.990206643 0.553859196 0.427013095 -0.679327378 0.222292873
172157.547016630 174.823095346 -188.085951366 -20.137780167 0.555123253 0.425362329 -0.679657631 0.221292945
172157.580350160 175.710489715 -188.921260506 -20.285927651 0.557052975 0.422419214 -0.680725558 0.218784611
172157.613683690 176.600945551 -189.758107861 -20.434843871 0.559648420 0.419066184 -0.681446198 0.216352162
172157.647017220 177.494544497 -190.596266389 -20.584580619 0.562753452 0.415791179 -0.681617201 0.214065969
172157.680350751 178.391310744 -191.435946680 -20.735028075 0.565640079 0.413808837 -0.680937005 0.212457860
172157.713684281 179.291103730 -192.277209524 -20.885767570 0.566741362 0.412785066 -0.680713731 0.212229908
172157.747017811 180.193709498 -193.119681210 -21.036645079 0.566765686 0.410798560 -0.682091478 0.211594935
172157.780351341 181.099036511 -193.963186269 -21.187931741 0.567464542 0.407332640 -0.684303241 0.209268221
172157.813684872 182.007137967 -194.807736608 -21.339899910 0.569280734 0.402977834 -0.686534083 0.205424596
172157.847018402 182.630081825 -195.362279545 -21.366384974 0.571771166 0.398150496 -0.688272633 0.202075972
172157.880351932 183.533612909 -196.199524238 -21.517933366 0.573776758 0.393818033 -0.690152779 0.198435711
