# timestamp tx ty tz qx qy qz qw
172139.680244419 -0.059369599 -0.106521444 -0.052896797 0.446449986 -0.341999153 -0.698998878 0.441723395
172139.713577949 -0.061426791 -0.096686050 -0.050394767 0.435114878 -0.332872816 -0.716870793 0.431238910
172139.746911480 -0.063474238 -0.104033268 -0.067835103 0.422804567 -0.310221853 -0.740757148 0.419854198
172139.780245010 -0.069717912 -0.109397619 -0.082301636 0.407524057 -0.288993367 -0.761952375 0.412111096
172139.813578540 -0.076630959 -0.112368923 -0.096056272 0.386293569 -0.265989382 -0.783480132 0.407658938
172139.846912070 -0.082620336 -0.115155152 -0.107846254 0.368442260 -0.247598211 -0.798004835 0.407595033
172139.880245601 -0.088687860 -0.115390789 -0.117370625 0.345484622 -0.230233726 -0.811359134 0.411496249
172139.913579131 -0.093584777 -0.115746563 -0.126266247 0.325741295 -0.215295643 -0.819695629 0.419093630
172139.946912661 -0.096556937 -0.116221192 -0.132478172 0.304145653 -0.201768796 -0.824724037 0.431989628
172139.980246191 -0.099708302 -0.115195049 -0.139226375 0.281436366 -0.190809697 -0.826013501 0.449540797
172140.013579722 -0.101580643 -0.112327320 -0.146487950 0.258639541 -0.180918352 -0.823718415 0.471022410
172140.046913252 -0.103328878 -0.108060672 -0.152992512 0.239674305 -0.175221990 -0.818582769 0.491706958
172140.080246782 -0.101285054 -0.103851061 -0.156429487 0.220642508 -0.171638198 -0.810703224 0.514409852
172140.113580312 -0.097149853 -0.101843981 -0.161602399 0.206182851 -0.169762308 -0.800118524 0.537103098
172140.146913843 -0.090372726 -0.097194667 -0.164944977 0.193542086 -0.168954464 -0.788381757 0.558972320
172140.180247373 -0.081995259 -0.088385798 -0.167130410 0.182566113 -0.169811424 -0.776844442 0.578226951
172140.213580903 -0.072320924 -0.077322909 -0.168260606 0.174285087 -0.172538271 -0.763974523 0.596823409
172140.246914433 -0.060394797 -0.064179792 -0.169164584 0.169493339 -0.176530971 -0.749733937 0.614823429
172140.280247964 -0.047149351 -0.050006433 -0.170463931 0.168472310 -0.181471807 -0.734659423 0.631633277
172140.313581494 -0.035009946 -0.037786660 -0.173608769 0.168903456 -0.188376987 -0.721543207 0.644485170
172140.346915024 -0.018570408 -0.021594303 -0.174319859 0.170172853 -0.194581944 -0.708080588 0.657115628
172140.380248554 0.000242712 -0.006119663 -0.175528066 0.171433506 -0.198375026 -0.695247200 0.669245272
172140.413582085 0.019041660 0.011177542 -0.178041270 0.171753932 -0.201658938 -0.683567894 0.680124396
172140.446915615 0.034502784 0.026363909 -0.182912048 0.172106907 -0.204824953 -0.673682927 0.688895685
172140.480249145 0.051213828 0.042479952 -0.188874749 0.168515696 -0.203482266 -0.664363765 0.699155359
172140.513582675 0.068115266 0.057807822 -0.198317130 0.161391771 -0.197618323 -0.655231445 0.711035476
172140.546916206 0.082872807 0.074466231 -0.209611731 0.150949719 -0.189228539 -0.648195262 0.721976207
172140.580249736 0.097084572 0.087874703 -0.223017981 0.139264615 -0.177256437 -0.641915033 0.732891952
172140.613583266 0.109251788 0.101042861 -0.238333442 0.126760067 -0.164547763 -0.635901699 0.743293313
172140.646916796 0.121983292 0.113136546 -0.253503872 0.112398350 -0.150824050 -0.630625016 0.752948077
172140.680250327 0.132235186 0.125090743 -0.268641197 0.097837183 -0.137639754 -0.625000347 0.762140243
172140.713583857 0.142576075 0.134688364 -0.284015653 0.082816625 -0.125309034 -0.619754503 0.770287874
172140.746917387 0.149309064 0.144922296 -0.297218811 0.070521924 -0.116692857 -0.614419944 0.777108466
172140.780250917 0.156793799 0.153560436 -0.309915454 0.059260980 -0.110552459 -0.609341530 0.782923489
172140.813584447 0.160872181 0.163406141 -0.319883178 0.050198368 -0.107048149 -0.604553811 0.787740761
172140.846917978 0.165900216 0.169434953 -0.329210703 0.042748762 -0.104191572 -0.600665078 0.791528979
172140.880251508 0.170696851 0.175257193 -0.336843774 0.037157736 -0.102373862 -0.597461655 0.794467410
172140.913585038 0.173752683 0.179780268 -0.342452738 0.033605828 -0.101752520 -0.595024294 0.796531960
172140.946918568 0.171281908 0.182926862 -0.342859036 0.031807188 -0.102528307 -0.593592974 0.797573589
172140.980252099 0.174609637 0.183442446 -0.344686293 0.032098385 -0.103627573 -0.592004241 0.798600024
172141.013585629 0.174717057 0.183560632 -0.343061467 0.035214186 -0.105878608 -0.591094784 0.798847068
172141.046919159 0.174264278 0.184274401 -0.337533890 0.040830898 -0.110060097 -0.590955885 0.798117006
172141.080252689 0.176906588 0.183515081 -0.330593149 0.048752729 -0.116151680 -0.591711157 0.796247364
172141.113586220 0.173581642 0.179538652 -0.319787156 0.060087632 -0.123819617 -0.591446338 0.794512057
172141.146919750 0.170382367 0.176419592 -0.306530199 0.073577538 -0.133944754 -0.592161045 0.791195580
172141.180253280 0.164776700 0.172310490 -0.290973518 0.089554888 -0.145605225 -0.592574101 0.787168963
172141.213586810 0.157402866 0.167585700 -0.274021924 0.106783403 -0.158816800 -0.593292567 0.781906938
172141.246920341 0.149680770 0.162541214 -0.254856518 0.125110062 -0.173077654 -0.593301677 0.776134471
172141.280253871 0.140525965 0.157171434 -0.235056146 0.144398058 -0.188412772 -0.593066057 0.769364985
172141.313587401 0.129518264 0.151307236 -0.214966758 0.164774969 -0.204253651 -0.591776639 0.762187683
172141.346920931 0.118703340 0.145331744 -0.194058993 0.185551844 -0.221049061 -0.590670246 0.753535989
172141.380254462 0.105871915 0.138634932 -0.173564526 0.206651585 -0.238079961 -0.589180646 0.743961841
172141.413587992 0.091812713 0.131592608 -0.153407158 0.227873449 -0.255312474 -0.587598483 0.733223877
172141.446921522 0.076993523 0.124676710 -0.134082671 0.248238498 -0.273026871 -0.586645375 0.720889159
172141.480255052 0.062400146 0.118936251 -0.115223140 0.268003817 -0.291284536 -0.585923193 0.707121832
172141.513588583 0.046504192 0.111946226 -0.098618637 0.286629676 -0.308046022 -0.584779165 0.693530392
172141.546922113 0.030458336 0.105063574 -0.083812769 0.304283552 -0.323361436 -0.582984596 0.680424766
172141.580255643 0.015786804 0.097809251 -0.070815231 0.320857148 -0.337401961 -0.581139124 0.667448819
172141.613589173 0.001795849 0.091751765 -0.059195555 0.335308831 -0.350596097 -0.580162455 0.654264389
172141.646922704 -0.010002370 0.084986720 -0.049128152 0.348289818 -0.363048761 -0.579246228 0.641376339
172141.680256234 -0.022232624 0.079288673 -0.040468265 0.358946155 -0.374139220 -0.578631280 0.629573939
172141.713589764 -0.032703682 0.073602058 -0.033658333 0.368427381 -0.382692522 -0.577780827 0.619658788
172141.746923294 -0.042801832 0.069294374 -0.028148961 0.377428731 -0.390744112 -0.576294166 0.610533886
172141.780256825 -0.054309224 0.065459506 -0.024116091 0.385080812 -0.398183781 -0.574764681 0.602335459
172141.813590355 -0.065124841 0.060949869 -0.020630720 0.391154153 -0.403747332 -0.572945086 0.596423045
172141.846923885 -0.071415308 0.057865379 -0.018675720 0.394525937 -0.406654722 -0.572254725 0.592879205
172141.880257415 -0.077919821 0.054491160 -0.017899565 0.395673841 -0.407698319 -0.572630595 0.591031720
172141.913590946 -0.081657241 0.053488745 -0.018474436 0.394189036 -0.406537900 -0.573929135 0.591563426
172141.946924476 -0.082362317 0.052657891 -0.020535836 0.390814881 -0.403671213 -0.575693590 0.594045597
172141.980258006 -0.083396588 0.051938881 -0.022945606 0.386086155 -0.399968552 -0.577613836 0.597766589
172142.013591536 -0.078854246 0.053855166 -0.026895988 0.379368195 -0.395171029 -0.579511148 0.603395774
172142.046925066 -0.073161427 0.057857370 -0.031380886 0.370639121 -0.389780031 -0.581232381 0.610628437
172142.080258597 -0.065026464 0.062259968 -0.037253589 0.360145235 -0.383707665 -0.582922446 0.619084210
172142.113592127 -0.054507331 0.068033329 -0.044112323 0.348070539 -0.377579263 -0.584301834 0.628388547
172142.146925657 -0.042677884 0.075213796 -0.051500200 0.335209028 -0.372136795 -0.584663592 0.638214382
172142.180259187 -0.030401942 0.086319686 -0.058725647 0.321338030 -0.367745252 -0.584352344 0.648103108
172142.213592718 -0.015163895 0.096621057 -0.066901814 0.307180570 -0.362790358 -0.583370558 0.658560587
172142.246926248 0.001993535 0.107224615 -0.075525136 0.292792270 -0.357076916 -0.581627206 0.669685415
172142.280259778 0.020408365 0.118987372 -0.084287197 0.278366389 -0.350068061 -0.580034742 0.680826118
172142.313593308 0.040528301 0.131714862 -0.092877157 0.264823103 -0.342057932 -0.578345166 0.691651620
172142.346926839 0.062901551 0.144364353 -0.101648687 0.252052823 -0.333620798 -0.577153435 0.701470206
172142.380260369 0.087075332 0.157798333 -0.109591101 0.239501889 -0.325334072 -0.576888552 0.709926887
172142.413593899 0.112228477 0.168941857 -0.116328072 0.227306768 -0.316651964 -0.577574694 0.717266087
172142.446927429 0.137016332 0.178161676 -0.120646299 0.216112898 -0.307270985 -0.579136370 0.723519745
172142.480260960 0.161746378 0.184904676 -0.121530748 0.207310926 -0.298672304 -0.581729882 0.727603861
172142.513594490 0.185864144 0.188975448 -0.118293553 0.202479778 -0.292576445 -0.585337139 0.728547457
172142.546928020 0.207706836 0.191610629 -0.110327777 0.201440788 -0.289586720 -0.589928689 0.726323125
172142.580261550 0.226049574 0.192564752 -0.097537880 0.202601393 -0.288622387 -0.594905439 0.722313860
172142.613595081 0.239926142 0.191911760 -0.079889005 0.202757836 -0.287130822 -0.600378393 0.718325091
172142.646928611 0.250789148 0.189780099 -0.057868787 0.202925254 -0.286178138 -0.606227777 0.713730549
172142.680262141 0.258667379 0.186715276 -0.031832171 0.204999724 -0.287155216 -0.611937884 0.707848163
172142.713595671 0.265113440 0.183369285 -0.002214431 0.208692198 -0.289316824 -0.618409700 0.700223382
172142.746929202 0.269491099 0.179714205 0.030189132 0.213850183 -0.293291826 -0.624946322 0.691151285
172142.780262732 0.271916886 0.175772513 0.064766331 0.219914052 -0.298439158 -0.630887706 0.681580942
172142.813596262 0.271990816 0.172184803 0.100945726 0.226854496 -0.304841188 -0.635550000 0.672075207
172142.846929792 0.270148919 0.168283809 0.137159153 0.235037067 -0.312744903 -0.638400893 0.662866882
172142.880263323 0.266361034 0.164313588 0.172305815 0.244247480 -0.321281885 -0.639625386 0.654217460
172142.913596853 0.262255283 0.160561815 0.205914492 0.254325403 -0.330959173 -0.639525640 0.645593967
172142.946930383 0.258303256 0.156407418 0.237021160 0.264474540 -0.341561631 -0.638826420 0.636623653
172142.980263913 0.254780828 0.151360168 0.265432900 0.275043936 -0.353120828 -0.637249839 0.627350904
172143.013597444 0.249705154 0.147385964 0.290853062 0.284746289 -0.364882233 -0.635078786 0.618429820
172143.046930974 0.244418645 0.143573583 0.312636911 0.293818519 -0.376707065 -0.632168572 0.610020788
172143.080264504 0.239200413 0.140167098 0.330692834 0.302117388 -0.388246983 -0.628827660 0.602133821
172143.113598034 0.234961577 0.137224422 0.345492504 0.308909172 -0.398565436 -0.625890200 0.594964011
172143.146931565 0.231926652 0.133904837 0.357346784 0.314742478 -0.408284169 -0.622955236 0.588360420
172143.180265095 0.229337383 0.131138641 0.366567110 0.320034643 -0.416988621 -0.619656002 0.582859122
172143.213598625 0.228099829 0.128788746 0.373435363 0.324348580 -0.424129249 -0.616742199 0.578395573
172143.246932155 0.227039864 0.127302270 0.378043238 0.326677433 -0.428679093 -0.614925500 0.575658510
172143.280265685 0.226894985 0.127055663 0.380133274 0.327320201 -0.429792009 -0.613900025 0.575558056
172143.313599216 0.227992843 0.127731875 0.379550596 0.326064581 -0.427124660 -0.613645445 0.578520252
172143.346932746 0.230330324 0.130039012 0.376736537 0.322362795 -0.420972223 -0.614411118 0.584263292
172143.380266276 0.234480412 0.133185613 0.371519445 0.316638680 -0.411769335 -0.615533252 0.592709690
172143.413599806 0.239159334 0.137518549 0.364319942 0.308669712 -0.399167303 -0.616250608 0.604668224
172143.446933337 0.244339194 0.142886823 0.354886187 0.298815815 -0.382191323 -0.615889813 0.620740396
172143.480266867 0.249673161 0.149933809 0.343861138 0.288171950 -0.362590073 -0.614238404 0.638902613
172143.513600397 0.255790323 0.158043388 0.331137754 0.276969476 -0.342934879 -0.611570481 0.657012271
172143.546933927 0.263549675 0.167231172 0.316536225 0.265267693 -0.323647290 -0.607921692 0.674771591
172143.580267458 0.272542796 0.177357443 0.299687127 0.252829739 -0.303804592 -0.603108002 0.692849646
172143.613600988 0.282187967 0.187847677 0.279193052 0.240303404 -0.283784254 -0.597299582 0.710601140
172143.646934518 0.291493551 0.198965596 0.255848754 0.227285097 -0.264151284 -0.591321958 0.727257813
172143.680268048 0.300703657 0.210221519 0.229545282 0.215021031 -0.245319540 -0.584220525 0.743149149
172143.713601579 0.309957493 0.220925394 0.200424738 0.204105122 -0.227091454 -0.576549318 0.757866383
172143.746935109 0.318130101 0.231546245 0.169646108 0.194406426 -0.209701915 -0.569224113 0.770853525
172143.780268639 0.324832977 0.241278834 0.137709511 0.183292054 -0.192188608 -0.564593363 0.781474182
172143.813602169 0.330671293 0.250437630 0.105179873 0.173745903 -0.176711385 -0.560976941 0.789867280
172143.846935700 0.335903091 0.259073142 0.072273384 0.164836114 -0.162785527 -0.558129728 0.796756634
172143.880269230 0.339820387 0.266811079 0.039241171 0.155759652 -0.149376696 -0.555710141 0.802877184
172143.913602760 0.343237902 0.273379369 0.005699203 0.147326135 -0.137289013 -0.552850025 0.808581218
172143.946936290 0.346620031 0.278701178 -0.028232842 0.138278978 -0.127241790 -0.550489230 0.813418747
172143.980269821 0.349776829 0.283181318 -0.061796322 0.129411509 -0.120501334 -0.548598521 0.817173025
172144.013603351 0.351540065 0.287215236 -0.094877495 0.120047138 -0.115030994 -0.547634573 0.820032274
172144.046936881 0.352025928 0.290479103 -0.126489204 0.110781104 -0.110428115 -0.547367170 0.822144975
172144.080270411 0.352176656 0.292652660 -0.156142679 0.101818935 -0.107635293 -0.546091108 0.824519284
172144.113603942 0.350550924 0.295468418 -0.183152062 0.093168932 -0.104115084 -0.544491148 0.827048359
172144.146937472 0.349589603 0.296740380 -0.207602123 0.086489630 -0.100870329 -0.542277462 0.829626346
172144.180271002 0.348066751 0.298357357 -0.228198634 0.080785293 -0.099440395 -0.540544307 0.831502974
172144.213604532 0.347105541 0.298641525 -0.245466954 0.075745179 -0.099233989 -0.539993312 0.832359601
172144.246938063 0.346184796 0.298183571 -0.259516048 0.072470999 -0.098869506 -0.539960875 0.832715455
172144.280271593 0.344985820 0.297583540 -0.270352204 0.071778012 -0.098097933 -0.540548698 0.832485326
172144.313605123 0.343965233 0.296485614 -0.277370298 0.072298324 -0.096898790 -0.542218128 0.831494485
172144.346938653 0.344888716 0.293816017 -0.279871032 0.073779192 -0.095659706 -0.544408797 0.830075245
172144.380272184 0.345139254 0.291108423 -0.276180010 0.075604205 -0.095887531 -0.547480977 0.827861200
172144.413605714 0.345439850 0.288139404 -0.265449726 0.077394343 -0.098794341 -0.551543070 0.824651463
172144.446939244 0.346390526 0.283199962 -0.247979855 0.080925720 -0.105336019 -0.556403774 0.820225695
172144.480272774 0.348204997 0.278208856 -0.223862179 0.086919500 -0.115171701 -0.561907460 0.814518561
172144.513606305 0.350111518 0.273035708 -0.194170975 0.096043709 -0.126595880 -0.566965593 0.808269204
172144.546939835 0.351274130 0.267733655 -0.159375552 0.107776191 -0.138970175 -0.571065181 0.801845460
172144.580273365 0.352489653 0.262455741 -0.119955938 0.121054866 -0.152087115 -0.574996238 0.794729233
172144.613606895 0.352033775 0.256050546 -0.077447460 0.135385126 -0.165940920 -0.579556581 0.786287891
172144.646940425 0.349842410 0.248359924 -0.032972664 0.149460303 -0.180352793 -0.584193487 0.777079441
172144.680273956 0.346332411 0.240304224 0.012633413 0.162909124 -0.194709136 -0.589173622 0.767087617
172144.713607486 0.341197989 0.231879686 0.057585678 0.175713537 -0.208582594 -0.594326729 0.756567111
172144.746941016 0.335786612 0.222880167 0.100800495 0.188682634 -0.222059149 -0.598579717 0.746184240
172144.780274546 0.329850025 0.213847148 0.141010435 0.202192510 -0.235367662 -0.602315818 0.735483452
172144.813608077 0.323281811 0.203762641 0.177783324 0.213412374 -0.248424073 -0.606795286 0.724251420
172144.846941607 0.315856881 0.193450635 0.210541410 0.221938151 -0.262094311 -0.611205834 0.713076053
172144.880275137 0.308228665 0.182717485 0.238654024 0.228941175 -0.275541143 -0.614919308 0.702522072
172144.913608667 0.300020587 0.172937820 0.261402318 0.234804928 -0.286877898 -0.618281064 0.693034085
172144.946942198 0.293207951 0.164055860 0.278571923 0.240531880 -0.297210501 -0.620791905 0.684417814
172144.980275728 0.286464862 0.156104417 0.292252255 0.244714234 -0.307305615 -0.623189273 0.676249460
172145.013609258 0.280926201 0.148743880 0.303056252 0.250137358 -0.318964642 -0.624437707 0.667660400
172145.046942788 0.275737263 0.142428303 0.312767751 0.258068843 -0.331407544 -0.624800566 0.658174570
172145.080276319 0.270551349 0.136153293 0.322815021 0.268674089 -0.346118243 -0.623751429 0.647263896
172145.113609849 0.265883154 0.131168528 0.334719964 0.281454699 -0.363809813 -0.620034366 0.635596615
172145.146943379 0.260740318 0.126312918 0.347662719 0.296898723 -0.383235475 -0.613978705 0.622905987
172145.180276909 0.254905425 0.122353596 0.361819541 0.315516070 -0.403835242 -0.605137551 0.609241538
172145.213610440 0.248294654 0.119413021 0.377227719 0.335742948 -0.425225600 -0.595091932 0.593570093
172145.246943970 0.240788990 0.116987219 0.392147110 0.355768981 -0.447152170 -0.585374986 0.575169101
172145.280277500 0.233741614 0.114204491 0.407580586 0.376554921 -0.470080360 -0.573678523 0.555089000
172145.313611030 0.226647601 0.111626588 0.422095329 0.396054069 -0.491919446 -0.561381493 0.534796458
172145.346944561 0.219328626 0.109272034 0.435547862 0.414963951 -0.513176628 -0.548338637 0.513594594
172145.380278091 0.212577184 0.107431263 0.447437820 0.430454993 -0.531637687 -0.537373849 0.493253703
172145.413611621 0.206509369 0.105688106 0.457506143 0.444458946 -0.548684044 -0.525987624 0.474066541
172145.446945151 0.201565122 0.104049496 0.466372022 0.457881853 -0.565320160 -0.513479952 0.455077647
172145.480278682 0.197149133 0.102368306 0.473178140 0.468216141 -0.578222746 -0.503647208 0.439057617
172145.513612212 0.193345017 0.100981022 0.477210198 0.474328276 -0.586196147 -0.498381912 0.427787602
172145.546945742 0.190663564 0.099610711 0.478149620 0.477129984 -0.590885813 -0.496649360 0.420167046
172145.580279272 0.188631204 0.098180351 0.478638955 0.477275776 -0.593204718 -0.497912739 0.415209465
172145.613612803 0.187373420 0.096655923 0.477508579 0.475353500 -0.592935184 -0.502085462 0.412767617
172145.646946333 0.186599812 0.095083200 0.476506973 0.473048054 -0.593614343 -0.506208324 0.409390624
172145.680279863 0.186065609 0.092858345 0.475161146 0.469117030 -0.594410329 -0.511863069 0.405711438
172145.713613393 0.185309928 0.089792523 0.473808252 0.463551468 -0.596233820 -0.518742140 0.400664273
172145.746946924 0.183328136 0.086080099 0.472941150 0.455937050 -0.599833191 -0.527049732 0.393115924
172145.780280454 0.181039616 0.081416259 0.471148877 0.446283211 -0.604393894 -0.536922482 0.383736323
172145.813613984 0.177509745 0.076222679 0.469739929 0.434576967 -0.610019982 -0.548097478 0.372300465
172145.846947514 0.173032102 0.070743600 0.468262160 0.421473912 -0.616875317 -0.559399447 0.359022066
172145.880281044 0.167683627 0.065062934 0.466567850 0.406472074 -0.624106596 -0.571380329 0.344667855
172145.913614575 0.161497206 0.059371180 0.464446357 0.389653551 -0.631349614 -0.583983515 0.329440479
172146.013615165 0.139086965 0.044301095 0.455880309 0.327185912 -0.651358261 -0.626506452 0.275991775
172146.046948696 0.129453537 0.040622640 0.452408951 0.302631504 -0.655847013 -0.642364700 0.256215653
172146.080282226 0.119655626 0.037227359 0.447643710 0.276345406 -0.657724356 -0.659757523 0.236118399
172146.113615756 0.108823625 0.034669466 0.441680131 0.247951465 -0.656072860 -0.679169052 0.216374378
172146.146949286 0.097474238 0.033179187 0.433854538 0.217279818 -0.649897585 -0.701012020 0.197496223
172146.180282817 0.086646434 0.032678305 0.423873468 0.186497745 -0.638733141 -0.724257202 0.180803955
172146.213616347 0.076039964 0.033341292 0.413238731 0.156208159 -0.625222459 -0.746481002 0.165716630
172146.246949877 0.067063382 0.034995165 0.402039427 0.127769807 -0.607889670 -0.768295832 0.154487996
172146.280283407 0.059538876 0.037272700 0.390748744 0.102723244 -0.588337149 -0.788454137 0.147130584
172146.313616938 0.054231764 0.039284346 0.380522016 0.081934090 -0.571666744 -0.803909902 0.142171757
172146.346950468 0.050664299 0.040632218 0.371907683 0.064427787 -0.556805524 -0.816092965 0.140744241
172146.380283998 0.048662587 0.041898482 0.363953858 0.050483278 -0.539970469 -0.827453805 0.145614326
172146.413617528 0.049612638 0.042884499 0.355515651 0.041459933 -0.521556293 -0.837796650 0.156066910
172146.446951059 0.051899104 0.042811972 0.348117602 0.035516715 -0.506026077 -0.844957169 0.169480246
172146.480284589 0.056470784 0.041283829 0.341230312 0.031746432 -0.492162232 -0.849946879 0.185361279
172146.513618119 0.063751717 0.038480609 0.334651639 0.031460270 -0.479132223 -0.852760505 0.205528794
172146.546951649 0.072461605 0.036158639 0.329323814 0.035298710 -0.468632480 -0.852688691 0.228165723
172146.580285180 0.083425539 0.032786965 0.324531865 0.042409802 -0.460569267 -0.850204045 0.251456637
172146.613618710 0.094814722 0.030119873 0.321097663 0.052056132 -0.454251023 -0.845284489 0.276478391
172146.646952240 0.106875690 0.028726352 0.318585570 0.064479554 -0.448321185 -0.838270483 0.303567290
172146.680285770 0.119256234 0.028524717 0.316431365 0.078855312 -0.442152772 -0.829751806 0.331352842
172146.713619301 0.131400529 0.029338419 0.314757327 0.094188525 -0.435830688 -0.820033076 0.358783900
172146.746952831 0.143567238 0.030825818 0.313435466 0.110299886 -0.429444646 -0.809114920 0.385673796
172146.780286361 0.155019208 0.033478658 0.312752184 0.126983716 -0.423202158 -0.796696346 0.412371195
172146.813619891 0.165756346 0.037051554 0.312368648 0.143902151 -0.416853369 -0.782867548 0.438912113
172146.846953422 0.175515241 0.041243468 0.311767408 0.160197323 -0.409526364 -0.768547295 0.464714998
172146.880286952 0.184466043 0.046279774 0.311337584 0.175864758 -0.401868519 -0.753351683 0.489933182
172146.913620482 0.192688337 0.052023691 0.311041056 0.191384690 -0.394010708 -0.736916093 0.514861277
172146.946954012 0.200106718 0.058949380 0.310878978 0.206992300 -0.385479476 -0.719147735 0.539802090
172146.980287543 0.206953203 0.066870310 0.310885041 0.222815732 -0.376356915 -0.699856611 0.564720592
172147.013621073 0.213115021 0.076070169 0.310987270 0.238762677 -0.366800447 -0.678857839 0.589577688
172147.046954603 0.217831679 0.086365854 0.311897216 0.254256803 -0.356513405 -0.656183032 0.614553089
172147.080288133 0.221711196 0.097148501 0.312760982 0.268993593 -0.345367970 -0.632051454 0.639432851
172147.113621663 0.225099235 0.108175031 0.313669476 0.283249499 -0.333442831 -0.606508552 0.663877230
172147.146955194 0.227496752 0.119878185 0.314662660 0.297487653 -0.321173296 -0.579444337 0.687454049
172147.180288724 0.229052069 0.131919352 0.315771640 0.311410677 -0.308140672 -0.551136198 0.710156045
172147.213622254 0.229820943 0.143997554 0.316617828 0.324323517 -0.294451821 -0.522530227 0.731487897
172147.246955784 0.230257347 0.155632079 0.317725706 0.336397739 -0.280390984 -0.494040824 0.751093284
172147.280289315 0.229237186 0.167711479 0.319001504 0.347926585 -0.266326690 -0.465364969 0.769059576
172147.313622845 0.227373846 0.179578228 0.320425935 0.359034059 -0.251857269 -0.436951566 0.785325276
172147.346956375 0.224821641 0.191342563 0.321378447 0.369713461 -0.236814247 -0.409101709 0.799916721
172147.380289905 0.221329947 0.202435020 0.321921776 0.379571765 -0.221325216 -0.381814276 0.813116402
172147.413623436 0.218101896 0.211929733 0.322003745 0.388857855 -0.206127248 -0.355268570 0.824672886
172147.446956966 0.213966499 0.221616359 0.322133976 0.396881550 -0.191099156 -0.329648250 0.835043818
172147.480290496 0.208658071 0.230641346 0.321742976 0.403471421 -0.176401465 -0.305469546 0.844263994
172147.513624026 0.203223517 0.239105333 0.320956449 0.408800300 -0.161514708 -0.282434333 0.852658291
172147.546957557 0.197661640 0.246639282 0.319646373 0.412970321 -0.146754900 -0.260630108 0.860226982
172147.580291087 0.192053338 0.253415338 0.318137030 0.415805547 -0.132804076 -0.240543885 0.866952977
172147.613624617 0.186474581 0.259726744 0.316606250 0.417364444 -0.119693380 -0.221866658 0.873072507
172147.646958147 0.181333492 0.265481899 0.315178063 0.418785105 -0.108106748 -0.204960943 0.878022197
172147.680291678 0.176236984 0.269719105 0.314016821 0.420317665 -0.098523754 -0.190899590 0.881580103
172147.713625208 0.172399927 0.274192488 0.313495823 0.421466789 -0.091321723 -0.179846245 0.884127489
172147.746958738 0.169232903 0.276910845 0.313537479 0.423520384 -0.087053851 -0.171780206 0.885180023
172147.780292268 0.166253048 0.279674461 0.314497658 0.426305585 -0.085703223 -0.166511110 0.884981670
172147.813625799 0.165284676 0.282075826 0.316464839 0.429955264 -0.087124780 -0.164347908 0.883480339
172147.846959329 0.163208144 0.282940585 0.319056143 0.434526520 -0.091262859 -0.165016497 0.880697082
172147.880292859 0.163225743 0.282609188 0.323026906 0.440099198 -0.098000444 -0.167759006 0.876678690
172147.913626389 0.162701334 0.282324052 0.327949207 0.446709075 -0.107213631 -0.172739803 0.871273321
172147.946959920 0.162535085 0.280997029 0.333382090 0.454063670 -0.118505589 -0.179840918 0.864546039
172147.980293450 0.162272022 0.278690623 0.339599969 0.461279309 -0.131374282 -0.189293551 0.856813952
172148.013626980 0.161987154 0.275969531 0.346271328 0.469075972 -0.145926477 -0.200728630 0.847573721
172148.046960510 0.161963830 0.272881108 0.353316122 0.477145294 -0.162157949 -0.214062741 0.836788092
172148.080294041 0.162232798 0.269554280 0.360416787 0.486384582 -0.179986414 -0.228864679 0.823805735
172148.113627571 0.162674186 0.265585360 0.366989701 0.494364862 -0.198633829 -0.245016811 0.810009103
172148.146961101 0.162949707 0.260401856 0.372553841 0.499544047 -0.216790958 -0.261401424 0.796948380
172148.180294631 0.162609711 0.255190892 0.376951918 0.502718189 -0.233719736 -0.277428686 0.784654594
172148.213628162 0.161843924 0.250198243 0.379820796 0.502327135 -0.247934449 -0.293737514 0.774541304
172148.246961692 0.160889461 0.245184822 0.380992155 0.498149926 -0.259709842 -0.311719986 0.766308097
172148.280295222 0.160433781 0.240452731 0.380579079 0.491512255 -0.269265654 -0.331687544 0.758877516
172148.313628752 0.159909940 0.235480792 0.379725336 0.484993543 -0.278146434 -0.353407541 0.750012622
172148.346962282 0.159935715 0.230544563 0.378852231 0.480079794 -0.288253526 -0.376041586 0.738258777
172148.380295813 0.160091324 0.224386528 0.378756676 0.475387217 -0.299561551 -0.399883145 0.724129368
172148.413629343 0.160940434 0.217957750 0.379077290 0.470005470 -0.312648690 -0.425438756 0.707352472
172148.446962873 0.161833277 0.211077959 0.379561777 0.462282123 -0.326674512 -0.452764291 0.688900210
172148.480296403 0.161990829 0.203288206 0.380155967 0.452724042 -0.341386071 -0.480452834 0.669075158
172148.513629934 0.161133822 0.194510339 0.380071697 0.441457985 -0.356552464 -0.507412865 0.648473109
172148.546963464 0.158735725 0.185101461 0.379512254 0.428140125 -0.372039316 -0.533855826 0.627120991
172148.580296994 0.155084575 0.175059782 0.378930598 0.412352962 -0.386182349 -0.560642456 0.605399260
172148.613630524 0.150718223 0.165239813 0.378093241 0.395099526 -0.399443801 -0.587304029 0.582593334
172148.646964055 0.145576816 0.155721853 0.376657199 0.378705318 -0.412283180 -0.612186608 0.558419571
172148.680297585 0.139375379 0.146494309 0.374754994 0.362519994 -0.424149476 -0.635516067 0.533662631
172148.713631115 0.132232816 0.138270673 0.372083884 0.347002412 -0.434620681 -0.657158893 0.508759647
172148.746964645 0.125492626 0.130235151 0.369543313 0.331279378 -0.442672863 -0.678100788 0.484225186
172148.780298176 0.119400831 0.122869820 0.366793468 0.316995025 -0.449735910 -0.696621109 0.460402863
172148.813631706 0.113066420 0.115887335 0.364637234 0.303520044 -0.454750497 -0.713274300 0.438540012
172148.846965236 0.107307694 0.109820950 0.362288931 0.291592763 -0.458679973 -0.727559514 0.418620947
172148.880298766 0.102133787 0.104751743 0.360092268 0.280974383 -0.461224492 -0.740031817 0.400846946
172148.913632297 0.096391702 0.100217579 0.357748062 0.271768011 -0.462672608 -0.750667096 0.385454430
172148.946965827 0.091908992 0.096015937 0.355814757 0.264191957 -0.463595069 -0.759816500 0.371431162
172148.980299357 0.088395171 0.092364702 0.354296040 0.258488102 -0.465464149 -0.767029567 0.358040040
172149.013632887 0.085616844 0.087925908 0.353109011 0.253760352 -0.466624398 -0.772950580 0.347008294
172149.046966418 0.084436280 0.084090487 0.352363943 0.251360614 -0.470218503 -0.775749284 0.337528442
172149.080299948 0.084622071 0.079978428 0.351585902 0.250932440 -0.475793194 -0.775751115 0.329945382
172149.113633478 0.085933707 0.076125759 0.350802729 0.250531255 -0.477016950 -0.776142541 0.327554080
172149.146967008 0.088561820 0.072478911 0.350089814 0.251104670 -0.477478315 -0.775392275 0.328219017
172149.180300539 0.092143785 0.069117981 0.349656470 0.251997878 -0.476422968 -0.774389383 0.331420138
172149.213634069 0.096959535 0.065575635 0.349679723 0.254712629 -0.475127148 -0.771677373 0.337475483
172149.246967599 0.103738023 0.061476895 0.350026136 0.258759565 -0.473204663 -0.767573246 0.346341084
172149.280301129 0.112698086 0.057081663 0.350490828 0.264094493 -0.470190019 -0.762368845 0.357727814
172149.313634660 0.123239666 0.052343558 0.350986695 0.271000853 -0.466203302 -0.755976734 0.371095939
172149.346968190 0.134753006 0.048132781 0.350917034 0.277718238 -0.459791027 -0.750022290 0.385916255
172149.380301720 0.146856810 0.044760673 0.350099817 0.284598968 -0.451579762 -0.744005954 0.401913283
172149.413635250 0.158834427 0.042862870 0.348694120 0.292182436 -0.443101276 -0.737274878 0.417990955
172149.446968781 0.170940519 0.042046019 0.346824796 0.300655669 -0.433333814 -0.729533688 0.435440665
172149.480302311 0.182710667 0.042428907 0.344636907 0.310422265 -0.422796070 -0.719973375 0.454444541
172149.513635841 0.194125243 0.044030660 0.342746053 0.323549129 -0.413401051 -0.707138317 0.473678090
172149.546969371 0.204895146 0.047179881 0.341335010 0.338038618 -0.402901848 -0.692192536 0.494236265
172149.580302901 0.215246066 0.051427352 0.340390588 0.354188491 -0.392393123 -0.674996798 0.514740199
172149.613636432 0.224437765 0.057322174 0.340079448 0.370645018 -0.381449176 -0.656170230 0.535312456
172149.646969962 0.232711894 0.064017599 0.340216205 0.387581040 -0.370877391 -0.635484393 0.555329168
172149.680303492 0.240065555 0.070916294 0.340424580 0.404343248 -0.360354010 -0.613915771 0.574246421
172149.713637022 0.245468369 0.078329503 0.340697094 0.419645668 -0.348732437 -0.592716326 0.592427682
172149.746970553 0.249078089 0.085965767 0.341267861 0.433583705 -0.336053865 -0.571250611 0.610529041
172149.780304083 0.251601475 0.093504833 0.341850494 0.446578668 -0.322684966 -0.549552013 0.628040198
172149.813637613 0.253960465 0.100875971 0.342201713 0.458679059 -0.309441567 -0.527741989 0.644474848
172149.846971143 0.255929572 0.108689948 0.342270666 0.471006016 -0.297523780 -0.505354578 0.658976239
172149.880304674 0.258361075 0.117441796 0.341907890 0.483552881 -0.287166075 -0.482421671 0.671551627
172149.913638204 0.261500753 0.127643562 0.341406930 0.498777148 -0.279129599 -0.457776487 0.680990977
172149.946971734 0.264517185 0.139260314 0.340828341 0.516926515 -0.272474467 -0.430771039 0.687736109
172149.980305264 0.266006690 0.151373188 0.339918255 0.531785035 -0.264740469 -0.404399603 0.695397815
172150.013638795 0.266481751 0.163041204 0.338067706 0.541273997 -0.255962859 -0.380751009 0.704651789
172150.046972325 0.265979989 0.174471448 0.335272945 0.548358427 -0.246467081 -0.359507632 0.713660476
172150.080305855 0.263701261 0.185392066 0.331893669 0.556046136 -0.236865267 -0.339151299 0.720891071
172150.113639385 0.261598499 0.195282994 0.328253016 0.564542110 -0.227978225 -0.319777186 0.725989453
172150.146972916 0.259075434 0.203625550 0.324521727 0.573040951 -0.220135130 -0.303240832 0.728841266
172150.180306446 0.256162773 0.210030183 0.320915500 0.579430823 -0.213394599 -0.290940392 0.730805279
172150.213639976 0.252435540 0.214710944 0.317139634 0.582533020 -0.206541985 -0.282794873 0.733500340
172150.246973506 0.249581053 0.217682237 0.313258612 0.584387614 -0.201140754 -0.277607398 0.735505028
172150.280307037 0.247896801 0.219806915 0.309654118 0.586409297 -0.198527048 -0.274519491 0.735765042
172150.313640567 0.247642047 0.221244543 0.306038606 0.588672025 -0.198383171 -0.273345517 0.734432838
172150.346974097 0.247966636 0.222051648 0.302277073 0.590157406 -0.200380690 -0.274406613 0.732299683
172150.380307627 0.249195003 0.222239314 0.298293179 0.589874660 -0.204193318 -0.279163006 0.729671838
172150.413641158 0.251582021 0.221901907 0.294263122 0.588104261 -0.210883010 -0.288110045 0.725709540
172150.446974688 0.254835857 0.220998410 0.290022337 0.585306340 -0.221141369 -0.301082184 0.719626640
172150.480308218 0.258763669 0.219720346 0.285826948 0.581943464 -0.234235882 -0.316731933 0.711446582
172150.513641748 0.263300375 0.217754880 0.281423044 0.577799997 -0.249267510 -0.334007358 0.701749213
172150.546975279 0.268451180 0.215117060 0.276531996 0.573487922 -0.266398460 -0.352497315 0.689847162
172150.580308809 0.274257908 0.211893506 0.271346865 0.568291009 -0.286052800 -0.373237889 0.675213006
172150.613642339 0.280246821 0.207783746 0.265473078 0.561849067 -0.308357762 -0.396091627 0.657535200
172150.646975869 0.286571702 0.203183939 0.258720642 0.552518664 -0.333154966 -0.420891528 0.637637213
172150.680309400 0.293173632 0.198214800 0.250953188 0.540316142 -0.358476451 -0.446450954 0.616631694
172150.713642930 0.299834599 0.192668366 0.242125351 0.526079197 -0.384034703 -0.473233113 0.593134425
172150.746976460 0.306331785 0.186610423 0.231738188 0.510820251 -0.409359324 -0.498853292 0.568007930
172150.780309990 0.312637587 0.180455249 0.219718298 0.494664503 -0.432721872 -0.521386405 0.544256398
172150.813643520 0.318719358 0.174229905 0.205533297 0.477236963 -0.450348102 -0.541623245 0.525429089
172150.846977051 0.325052503 0.167875241 0.189090894 0.459301533 -0.462414025 -0.559485488 0.512046248
172150.880310581 0.331710263 0.161462434 0.171077045 0.443184977 -0.470082844 -0.573695151 0.503471021
172150.913644111 0.338111524 0.155450847 0.151220402 0.427990036 -0.471989887 -0.586018240 0.500632299
172150.946977641 0.343406062 0.150214944 0.129710409 0.413455720 -0.468267099 -0.596873866 0.503509563
172150.980311172 0.348084800 0.146031663 0.106924709 0.399868720 -0.460599170 -0.605822940 0.510815012
172151.013644702 0.351404239 0.143147518 0.083502531 0.388010196 -0.449837289 -0.613015918 0.520870412
172151.046978232 0.353448588 0.141262936 0.060196465 0.377869364 -0.438391067 -0.618311037 0.531713718
172151.080311762 0.353690204 0.140508998 0.037233197 0.369600240 -0.426112701 -0.621913725 0.543182241
172151.113645293 0.352298833 0.140507953 0.014765888 0.361549405 -0.411907015 -0.625073127 0.555786132
172151.146978823 0.349148133 0.141133724 -0.007246526 0.353801152 -0.395299522 -0.626831397 0.570653513
172151.180312353 0.344922693 0.142531423 -0.028906700 0.345399097 -0.376457200 -0.627650141 0.587396579
172151.213645883 0.340369768 0.144228914 -0.049813169 0.336940119 -0.358247299 -0.627208165 0.603937204
172151.246979414 0.335579170 0.146120321 -0.069703954 0.330086127 -0.341722947 -0.624669345 0.619723152
172151.280312944 0.330825061 0.148350340 -0.088648931 0.325708617 -0.326496216 -0.620251146 0.634509758
172151.313646474 0.326324735 0.151003611 -0.105486684 0.325372258 -0.316287371 -0.613587544 0.646224046
172151.346980004 0.322206541 0.154169035 -0.120580519 0.329370549 -0.311484776 -0.604700950 0.654850393
172151.380313535 0.317521260 0.157588114 -0.134480314 0.332884924 -0.307741524 -0.595589310 0.663141128
172151.413647065 0.311981383 0.161306495 -0.146974196 0.334681108 -0.304269916 -0.587314090 0.671171017
172151.446980595 0.306774350 0.164977404 -0.157693005 0.337109540 -0.304262027 -0.579045556 0.677117436
172151.480314125 0.301198001 0.168608224 -0.166691386 0.341839786 -0.307751528 -0.569657400 0.681120404
172151.513647656 0.294292431 0.172175974 -0.173897201 0.347370086 -0.310783636 -0.559887711 0.685035259
172151.546981186 0.285727224 0.175650448 -0.179495865 0.351992273 -0.312124861 -0.550682422 0.689513147
172151.580314716 0.276403331 0.179023272 -0.183494049 0.356420583 -0.314407975 -0.541677687 0.693323357
172151.613648246 0.266578845 0.182090526 -0.186159170 0.360957488 -0.318957396 -0.532883914 0.695708708
172151.646981777 0.255924848 0.185032737 -0.188254765 0.363959969 -0.324543617 -0.525003439 0.697549978
172151.680315307 0.244696467 0.187666956 -0.190658379 0.364868136 -0.330609337 -0.518408269 0.699157762
172151.713648837 0.233868832 0.190017089 -0.193939497 0.365813042 -0.338022787 -0.511024170 0.700553861
172151.746982367 0.224001066 0.192460970 -0.198832157 0.369639392 -0.346529442 -0.502001978 0.700912319
172151.780315898 0.214059644 0.194972847 -0.205969691 0.374267651 -0.353640420 -0.493250514 0.701117757
172151.813649428 0.204179739 0.197631661 -0.214939188 0.380381969 -0.360585834 -0.486042294 0.699321316
172151.846982958 0.195655167 0.200077819 -0.225540658 0.390347416 -0.370964690 -0.477672372 0.694149263
172151.880316488 0.188672622 0.202157892 -0.238154861 0.401352741 -0.382400406 -0.469276982 0.687360910
172151.913650019 0.182368644 0.204211052 -0.252415448 0.411829430 -0.391204546 -0.462716740 0.680623790
172151.946983549 0.176054039 0.206834763 -0.267706330 0.419079584 -0.395563873 -0.460406494 0.675223952
172151.980317079 0.170420919 0.209762900 -0.283365248 0.424267350 -0.395850202 -0.460800641 0.671537491
172152.013650609 0.165549138 0.213482172 -0.299372118 0.429653361 -0.393104236 -0.461669921 0.669124751
172152.046984139 0.161249523 0.217316183 -0.315055971 0.434925728 -0.389637285 -0.462660233 0.667059148
172152.080317670 0.158011684 0.221031376 -0.330459653 0.440640457 -0.385485668 -0.461812120 0.666308002
172152.113651200 0.156036702 0.224718882 -0.345356625 0.442980553 -0.378904748 -0.459819846 0.669899343
172152.146984730 0.154530743 0.227780617 -0.359181477 0.439929360 -0.370006070 -0.457633937 0.678327978
172152.180318260 0.152975871 0.230253690 -0.372072117 0.436297592 -0.358849914 -0.455983587 0.687713689
172152.213651791 0.152876409 0.233302824 -0.384271346 0.438314335 -0.345634309 -0.450155036 0.696977698
172152.246985321 0.154002371 0.236975257 -0.393769916 0.446550605 -0.335546274 -0.438803100 0.703884290
172152.280318851 0.154659220 0.239677662 -0.400123736 0.456118840 -0.332260765 -0.427680508 0.706149964
172152.313652381 0.153265832 0.239502286 -0.404526057 0.460611323 -0.337183919 -0.423630332 0.703336019
172152.346985912 0.151895356 0.238139401 -0.407471386 0.462611508 -0.347157168 -0.422643441 0.697742800
172152.380319442 0.150959168 0.236571191 -0.409168644 0.464030699 -0.357652568 -0.422290844 0.691686774
172152.413652972 0.151231355 0.235308720 -0.410144524 0.468566446 -0.366167995 -0.421673879 0.684512692
172152.446986502 0.151991452 0.235486922 -0.411513425 0.478513772 -0.375750973 -0.421709546 0.672307099
172152.480320033 0.152933863 0.235779569 -0.413911969 0.487915475 -0.382653950 -0.421066341 0.661980046
172152.513653563 0.153382661 0.236085188 -0.418212672 0.494683681 -0.382817220 -0.421532955 0.656543220
172152.546987093 0.153708645 0.236843095 -0.423808172 0.498523274 -0.377827085 -0.423242874 0.655428645
172152.580320623 0.153626848 0.237634165 -0.431197341 0.498801514 -0.370906696 -0.426055637 0.657344557
172152.613654154 0.152718719 0.238704054 -0.440236415 0.495893532 -0.361379259 -0.429145095 0.662819072
172152.646987684 0.150746965 0.239685409 -0.451205494 0.489006666 -0.348184391 -0.432641520 0.672652530
172152.680321214 0.147684870 0.240333998 -0.463670821 0.477903531 -0.333746305 -0.436426437 0.685385719
172152.713654744 0.144017784 0.240327352 -0.476880678 0.465896237 -0.319948860 -0.440486637 0.697527739
172152.746988275 0.139834436 0.239729717 -0.490235726 0.454169903 -0.305716083 -0.445650046 0.708282015
172152.780321805 0.135603574 0.239025175 -0.503617339 0.443730836 -0.290124988 -0.451530784 0.717670111
172152.813655335 0.131729648 0.238093666 -0.516360405 0.433271313 -0.275052365 -0.457376148 0.726243227
172152.846988865 0.128436815 0.236870878 -0.528125494 0.421783513 -0.260309968 -0.463269514 0.734655529
172152.880322396 0.125500198 0.235535056 -0.539385798 0.410469376 -0.246400916 -0.468368223 0.742585139
172152.913655926 0.123673604 0.233920050 -0.550081674 0.401286180 -0.236583555 -0.471104046 0.749038451
172152.946989456 0.122871713 0.231848772 -0.560402115 0.391526354 -0.231581765 -0.470946201 0.755835085
172152.980322986 0.121546873 0.230236737 -0.570252712 0.376853522 -0.221429845 -0.470824999 0.766338089
172153.013656517 0.117663439 0.228304146 -0.580230952 0.354063187 -0.204185879 -0.475022595 0.779295144
172153.046990047 0.113111705 0.226129747 -0.589223102 0.326326538 -0.186276203 -0.481081005 0.792068958
172153.080323577 0.108317327 0.224133386 -0.596524462 0.299580578 -0.168648995 -0.486185223 0.803388401
172153.113657107 0.104078820 0.222630841 -0.603159918 0.272278246 -0.150068049 -0.491973350 0.813207452
172153.146990638 0.100765491 0.221765590 -0.608736841 0.249969758 -0.132272342 -0.495048831 0.821550853
172153.180324168 0.099598757 0.222389899 -0.611690965 0.240545329 -0.121604733 -0.495752561 0.825578362
172153.213657698 0.100481229 0.223446364 -0.612728062 0.238798887 -0.117453843 -0.494723822 0.827301654
172153.246991228 0.103410074 0.225504826 -0.611503032 0.242371688 -0.118572761 -0.492890989 0.827197037
172153.280324759 0.107754178 0.228538021 -0.607397072 0.252181500 -0.124792394 -0.490498401 0.824768251
172153.313658289 0.114378048 0.232430413 -0.600745479 0.266980540 -0.138631875 -0.486551200 0.820225898
172153.346991819 0.122502803 0.237015757 -0.592221605 0.283843539 -0.155740440 -0.480537370 0.815022452
172153.380325349 0.131320664 0.242225804 -0.581922862 0.300691580 -0.172380641 -0.474017254 0.809430128
172153.413658879 0.140641798 0.248128319 -0.569438079 0.318389050 -0.187386160 -0.467188726 0.803274258
172153.446992410 0.150383151 0.254756617 -0.555454119 0.337760360 -0.201756541 -0.459493702 0.796290007
172153.480325940 0.160309096 0.261862592 -0.539641162 0.358314470 -0.216249503 -0.451900918 0.787802294
172153.513659470 0.169967390 0.269278710 -0.521606230 0.379532675 -0.230432102 -0.444787326 0.777830463
172153.546993000 0.179295980 0.277156726 -0.500802430 0.402683152 -0.246492296 -0.436136204 0.766076392
172153.580326531 0.188042682 0.285052667 -0.477703196 0.426019060 -0.263018883 -0.426884089 0.753059628
172153.613660061 0.195258985 0.292292667 -0.452375570 0.446891906 -0.277163192 -0.418482307 0.740500336
172153.646993591 0.201352635 0.298619747 -0.424597740 0.467056606 -0.290055013 -0.409613649 0.727971754
172153.680327121 0.206315009 0.304373718 -0.395011105 0.489257190 -0.302212374 -0.399474402 0.713943475
172153.713660652 0.209980898 0.309141898 -0.364395994 0.511865700 -0.313230074 -0.389607170 0.698632006
172153.746994182 0.212055117 0.312765751 -0.333238848 0.534086085 -0.322847170 -0.379826016 0.682827911
172153.780327712 0.212495595 0.315382175 -0.302348625 0.555532968 -0.332654840 -0.370012928 0.666193899
172153.813661242 0.211736383 0.316377892 -0.272591784 0.574928808 -0.342545378 -0.361384812 0.649246137
172153.846994773 0.209457966 0.316341318 -0.244754500 0.592553685 -0.350769229 -0.353356894 0.633229803
172153.880328303 0.206059380 0.315239421 -0.219460176 0.608410333 -0.357422100 -0.345554028 0.618610315
172153.913661833 0.201689002 0.313326468 -0.197216626 0.622381643 -0.362955662 -0.338893764 0.605025036
172153.946995363 0.196811281 0.311105328 -0.178047861 0.636324579 -0.365679869 -0.330537191 0.593392307
172153.980328894 0.191471209 0.308554720 -0.162053835 0.647572994 -0.367028368 -0.322815471 0.584576400
172154.013662424 0.186252017 0.306447467 -0.148999154 0.657125082 -0.364881135 -0.314971121 0.579518401
172154.046995954 0.181895741 0.304106586 -0.138018994 0.663068402 -0.363400936 -0.308163690 0.577334560
172154.080329484 0.178256315 0.301048425 -0.128667617 0.663749513 -0.361218566 -0.302932206 0.580680472
172154.113663015 0.175219540 0.297490679 -0.120465626 0.660416778 -0.358307889 -0.299076724 0.588233160
172154.146996545 0.171839607 0.291973953 -0.112997001 0.654702500 -0.354741116 -0.297780509 0.597369354
172154.180330075 0.167286157 0.285155999 -0.106687596 0.647714157 -0.351143131 -0.298514770 0.606674381
172154.213663605 0.161935716 0.278113679 -0.100043306 0.644245904 -0.345162519 -0.297139144 0.614425244
172154.246997136 0.155854232 0.270507719 -0.093258527 0.643733223 -0.337284216 -0.294202801 0.620718621
172154.280330666 0.149203512 0.262496211 -0.086890282 0.642503131 -0.327438124 -0.290810071 0.628811183
172154.313664196 0.142614638 0.254074871 -0.080428252 0.640700582 -0.319136903 -0.288641046 0.635877935
172154.346997726 0.136346254 0.244810908 -0.073689991 0.637746934 -0.314828357 -0.288306720 0.641124940
172154.380331257 0.130171217 0.235295857 -0.067180762 0.633950438 -0.314445363 -0.291000134 0.643855478
172154.413664787 0.125010459 0.225783413 -0.059246582 0.632722430 -0.317576301 -0.295392668 0.641522245
172154.446998317 0.120910040 0.216783634 -0.050536724 0.636180589 -0.326913735 -0.298078472 0.632100381
172154.480331847 0.117808142 0.208425292 -0.041770618 0.642415126 -0.341758079 -0.298274461 0.617686464
172154.513665378 0.114982218 0.201035983 -0.033636379 0.648503933 -0.358360872 -0.296966400 0.602354623
172154.546998908 0.111628457 0.194682231 -0.026930390 0.652798076 -0.373256055 -0.296080844 0.588957318
172154.580332438 0.107599053 0.189237844 -0.021916929 0.655417159 -0.386480807 -0.296001453 0.577446164
172154.613665968 0.103147631 0.184538513 -0.018321111 0.656450272 -0.397568406 -0.296780455 0.568272614
172154.646999498 0.098885247 0.179743328 -0.016018918 0.654327106 -0.408489068 -0.300117273 0.561179420
172154.680333029 0.094781350 0.174526165 -0.014732445 0.648460532 -0.420132520 -0.307397750 0.555422567
172154.713666559 0.091183426 0.168837843 -0.014097652 0.639906287 -0.433313571 -0.317572843 0.549460446
172154.747000089 0.087809035 0.162976552 -0.013715342 0.631088054 -0.446374588 -0.328310949 0.542853126
172154.780333619 0.084898831 0.157140763 -0.014397100 0.622020331 -0.458852377 -0.340365271 0.535440647
172154.813667150 0.082466381 0.151337910 -0.015647248 0.611583767 -0.470950087 -0.353465317 0.528425569
172154.847000680 0.080167086 0.145400116 -0.017313968 0.600505623 -0.480072863 -0.366821938 0.523798348
172154.880334210 0.078327780 0.139572006 -0.019485637 0.588287983 -0.486400388 -0.380287603 0.522219542
172154.913667740 0.076825699 0.133673557 -0.021207272 0.575581246 -0.490548649 -0.392620635 0.523371081
172154.947001271 0.075855355 0.127782795 -0.022446809 0.563603651 -0.493862288 -0.402869759 0.525496833
172154.980334801 0.074904710 0.121478537 -0.023002876 0.552241365 -0.497519349 -0.411723841 0.527245152
172155.013668331 0.073805873 0.114667280 -0.022751045 0.542228521 -0.501873113 -0.419282523 0.527554523
172155.047001861 0.072670385 0.107112910 -0.021688697 0.533547600 -0.507412912 -0.426849858 0.525031708
172155.080335392 0.071185521 0.098724491 -0.019578080 0.524981452 -0.514383570 -0.435197399 0.520006963
172155.113668922 0.069217601 0.089854191 -0.016915660 0.516063138 -0.522094139 -0.445017861 0.512889511
172155.147002452 0.066482446 0.080487634 -0.013527933 0.506941397 -0.530198935 -0.455744755 0.504178766
172155.180335982 0.063691237 0.071407826 -0.009907316 0.498667993 -0.538402633 -0.464511242 0.495663337
172155.213669513 0.060135482 0.063113834 -0.006185578 0.492664806 -0.546132712 -0.469707160 0.488257752
172155.247003043 0.056596444 0.055921517 -0.002142797 0.489178963 -0.551800345 -0.472180733 0.482975856
172155.280336573 0.052625038 0.050469379 0.001752987 0.487661747 -0.555624366 -0.473055740 0.479255517
172155.313670103 0.048527191 0.045778935 0.005662698 0.486377949 -0.559187239 -0.473681709 0.475785415
172155.347003634 0.044426484 0.042037887 0.009699603 0.485960450 -0.563444481 -0.472938089 0.471913469
172155.380337164 0.040419888 0.038974507 0.013453795 0.486104265 -0.568144380 -0.471853929 0.467192120
172155.413670694 0.036613817 0.036599826 0.016529285 0.486140614 -0.571916552 -0.471128896 0.463267012
172155.447004224 0.033583866 0.035276715 0.018638875 0.486752827 -0.573623110 -0.470329265 0.461322658
172155.480337755 0.031273818 0.035229263 0.019551165 0.488629087 -0.572659256 -0.469068401 0.461820124
172155.513671285 0.029707668 0.036333922 0.019270725 0.491849971 -0.569046179 -0.467719794 0.464228658
172155.547004815 0.028649609 0.038163328 0.017752829 0.494579854 -0.563404708 -0.467634855 0.468277210
172155.580338345 0.027642290 0.040451745 0.015236959 0.496445944 -0.557176106 -0.468385954 0.472980770
172155.613671876 0.026544819 0.042839384 0.012206369 0.497912040 -0.551009273 -0.469499727 0.477537839
172155.647005406 0.025986342 0.045073578 0.009127059 0.499098239 -0.544791767 -0.470951492 0.481982957
172155.680338936 0.025262077 0.047203458 0.006345518 0.500337488 -0.539670083 -0.472190608 0.485236673
172155.713672466 0.024994350 0.048702690 0.003973994 0.501218021 -0.535989461 -0.473697279 0.486936013
172155.747005997 0.025147891 0.049603352 0.002113074 0.501597395 -0.533908461 -0.475344704 0.487226048
172155.780339527 0.025677235 0.050040177 0.000800822 0.501602880 -0.532624223 -0.477299860 0.486714322
172155.813673057 0.026625591 0.050058747 -0.000152904 0.501213032 -0.531606598 -0.479648186 0.485919273
172155.847006587 0.028046969 0.049879914 -0.000908044 0.500720032 -0.530579740 -0.481866340 0.485354941
172155.880340117 0.029949120 0.049609350 -0.001732434 0.500503760 -0.528808186 -0.483643587 0.485743521
172155.913673648 0.031427921 0.049211852 -0.002725605 0.500970862 -0.526059162 -0.485018292 0.486874943
172155.947007178 0.033191427 0.048954362 -0.003959972 0.501831150 -0.522604660 -0.486389905 0.488338741
172155.980340708 0.034621422 0.048587238 -0.005188716 0.502789531 -0.520072550 -0.487418065 0.489030531
172156.013674238 0.035669849 0.048090192 -0.006484657 0.503453552 -0.518705364 -0.488132415 0.489086915
172156.047007769 0.036459778 0.047664592 -0.007751314 0.503908863 -0.517472417 -0.488610765 0.489446294
172156.080341299 0.037116375 0.047453061 -0.009071598 0.504379437 -0.516160919 -0.488468170 0.490487651
172156.113674829 0.037751876 0.047630300 -0.010347626 0.505241237 -0.514352125 -0.487638014 0.492323422
172156.147008359 0.038455240 0.048202978 -0.011359055 0.506903375 -0.512576913 -0.485766533 0.494312403
172156.180341890 0.039186948 0.049140879 -0.012251575 0.508785230 -0.510836203 -0.483564293 0.496336114
172156.213675420 0.039931408 0.050509453 -0.013020604 0.510806801 -0.508761225 -0.481201456 0.498681849
172156.247008950 0.040682772 0.052573165 -0.013611727 0.513459198 -0.506069099 -0.478308996 0.501472056
172156.280342480 0.041478389 0.055499692 -0.014018901 0.517227102 -0.502398010 -0.474166804 0.505211051
172156.313676011 0.042340249 0.059402848 -0.014185324 0.522643665 -0.497702193 -0.468090990 0.509928379
172156.347009541 0.043146366 0.064589004 -0.014411007 0.529557539 -0.490657102 -0.460693776 0.516319344
172156.380343071 0.043524729 0.071100634 -0.014689995 0.537688269 -0.481592396 -0.452141160 0.523954637
172156.413676601 0.043642359 0.078798399 -0.015024101 0.547223533 -0.471150920 -0.442226067 0.531976806
172156.447010132 0.043662274 0.087573745 -0.015448239 0.557922489 -0.459625260 -0.430951669 0.540136812
172156.480343662 0.043289572 0.097324583 -0.016006962 0.569388699 -0.447194345 -0.418781629 0.548120128
172156.513677192 0.042411365 0.107642030 -0.016949455 0.580573488 -0.433945401 -0.406340468 0.556339139
172156.547010722 0.041198704 0.118326471 -0.018392233 0.590502058 -0.420114993 -0.393695438 0.565521541
172156.580344253 0.039607289 0.129341940 -0.020154097 0.599274448 -0.405280308 -0.380525043 0.576037065
172156.613677783 0.037629976 0.140789651 -0.022278874 0.607582033 -0.388970626 -0.366546824 0.587528170
172156.647011313 0.035266008 0.152615722 -0.024556809 0.615462578 -0.371953968 -0.351518289 0.599408836
172156.680344843 0.032571582 0.164844513 -0.026913514 0.623104290 -0.354590194 -0.334934159 0.611413074
172156.713678374 0.028944901 0.177224727 -0.029512863 0.630751638 -0.336345909 -0.316934147 0.623359084
172156.747011904 0.024524730 0.189629895 -0.032017816 0.638544493 -0.316259296 -0.297398461 0.635448773
172156.780345434 0.019254140 0.202078624 -0.034177214 0.647496228 -0.294700851 -0.274867813 0.646798059
172156.813678964 0.013276666 0.214204980 -0.036382511 0.657246350 -0.272031280 -0.250436325 0.656740333
172156.847012495 0.006720400 0.225641545 -0.038485882 0.666066537 -0.248729314 -0.227070351 0.665528476
172156.880346025 -0.000483928 0.235952479 -0.040619968 0.673411456 -0.225921740 -0.205854155 0.673127362
172156.913679555 -0.008096266 0.244970971 -0.042910326 0.679614755 -0.203058438 -0.185952114 0.679935929
172156.947013085 -0.014949100 0.253416205 -0.044780734 0.685755613 -0.180784082 -0.164863534 0.685475288
172156.980346616 -0.021712090 0.261309890 -0.046658371 0.691776207 -0.158921900 -0.142914962 0.689757076
172157.013680146 -0.028109990 0.268404188 -0.048777718 0.697189339 -0.138586759 -0.119690092 0.693105344
172157.047013676 -0.034185395 0.274556694 -0.051452694 0.701456845 -0.119540376 -0.095104859 0.696149021
172157.080347206 -0.040230869 0.279935131 -0.054675854 0.703614171 -0.100250098 -0.070995101 0.699883356
172157.113680736 -0.046347708 0.283828938 -0.058250219 0.703787526 -0.079744671 -0.047230926 0.704338800
172157.147014267 -0.052563780 0.286919414 -0.061953692 0.702617732 -0.056725008 -0.022186426 0.708955823
172157.180347797 -0.058593816 0.289332008 -0.065194769 0.701575598 -0.032380367 0.003746240 0.711849112
172157.213681327 -0.064604781 0.291151345 -0.067497711 0.701277641 -0.008110382 0.027726456 0.712302700
172157.247014857 -0.069860289 0.292229761 -0.068845492 0.702636422 0.013138779 0.047475250 0.709841906
172157.280348388 -0.073791907 0.292873563 -0.069604939 0.703850600 0.030743931 0.061596229 0.707004277
172157.313681918 -0.076411757 0.292987247 -0.069902389 0.704383104 0.043769107 0.069982126 0.705004404
172157.347015448 -0.077949572 0.292697470 -0.069583887 0.705480231 0.051893493 0.074989144 0.702838059
172157.380348978 -0.078633878 0.292371306 -0.069647145 0.706171850 0.056731145 0.078667949 0.701365988
172157.413682509 -0.079151540 0.291705326 -0.069824466 0.706122589 0.061057388 0.082124908 0.700655682
172157.447016039 -0.079650295 0.291399820 -0.069975294 0.705544187 0.065177154 0.085424402 0.700472705
172157.480349569 -0.079702611 0.291657077 -0.070692785 0.704384274 0.067785517 0.087514000 0.701134237
172157.513683099 -0.079651704 0.292266623 -0.071661228 0.702774963 0.069234867 0.087964838 0.702549694
172157.547016630 -0.079278327 0.293036236 -0.072304703 0.701845739 0.069560034 0.087551199 0.703497511
172157.580350160 -0.078797808 0.293901158 -0.072788760 0.701380037 0.067973171 0.085794076 0.704333066
172157.613683690 -0.078105775 0.295071445 -0.073452419 0.700551488 0.065518695 0.082996349 0.705724110
172157.647017220 -0.077489924 0.296063801 -0.074204620 0.699415680 0.063490328 0.079748278 0.707408579
172157.680350751 -0.077124991 0.296913517 -0.075218631 0.697544226 0.061980421 0.076855216 0.709706810
172157.713684281 -0.077070042 0.297864692 -0.076172739 0.695961448 0.061773406 0.075685697 0.711402407
172157.747017811 -0.076940487 0.298782577 -0.076652538 0.695862621 0.061811410 0.075152345 0.711552308
172157.780351341 -0.076418453 0.299733666 -0.076882409 0.696611939 0.060113523 0.073388309 0.711148597
172157.813684872 -0.075504649 0.300566351 -0.077161938 0.696888896 0.056617462 0.070139813 0.711491908
172157.847018402 -0.074467849 0.300738745 -0.077338913 0.696580588 0.052281237 0.066214610 0.712501075
172157.880351932 -0.073460285 0.301489796 -0.078018169 0.696001948 0.048332511 0.062301957 0.713697221
