# timestamp tx ty tz qx qy qz qw
102.533333333 -0.251595307 -0.110949449 0.061047366 0.030994390 -0.022495662 -0.998433785 0.040783205
102.566666666 -0.231864012 -0.103852946 0.068673803 0.022370305 -0.027514872 -0.998494625 0.041844773
102.600000000 -0.250458650 -0.112217815 0.072677349 0.027807249 -0.027984227 -0.998208593 0.044980489
102.633333333 -0.261944242 -0.117570603 0.076322779 0.029798891 -0.029194365 -0.998008440 0.047316678
102.666666666 -0.273353866 -0.122917264 0.079971260 0.031813622 -0.030394563 -0.997795845 0.049674088
102.700000000 -0.284490120 -0.128163961 0.083564092 0.033817812 -0.031564309 -0.997574289 0.052015257
102.733333333 -0.295347340 -0.133309332 0.087096817 0.035809119 -0.032702861 -0.997344162 0.054340159
102.766666666 -0.305919221 -0.138353436 0.090565577 0.037788459 -0.033810394 -0.997105826 0.056646816
102.800000000 -0.316203148 -0.143293638 0.093970053 0.039754099 -0.034886263 -0.996859651 0.058935521
102.833333333 -0.326193998 -0.148125466 0.097309001 0.041702871 -0.035927962 -0.996606123 0.061206929
102.866666666 -0.359376432 -0.168788484 0.101005107 0.048387287 -0.034108681 -0.996163035 0.064455220
102.900000000 -0.371139615 -0.174931729 0.104414134 0.050456215 -0.035058821 -0.995873001 0.066798325
102.933333333 -0.382351211 -0.180854000 0.107657311 0.052444839 -0.035945167 -0.995584784 0.069053755
102.966666666 -0.388081265 -0.185622465 0.102677685 0.052157018 -0.036800414 -0.995455285 0.070669301
103.000000000 -0.384947328 -0.178171959 0.102199418 0.051606184 -0.039273782 -0.995154680 0.073902194
103.033333333 -0.404703294 -0.183634073 0.111544281 0.053791725 -0.040729994 -0.994839023 0.075781504
103.066666666 -0.419069930 -0.189712536 0.112786549 0.056313740 -0.041506918 -0.994497835 0.077974323
103.100000000 -0.427671714 -0.195436782 0.114395873 0.057855592 -0.042072407 -0.994198819 0.080320303
103.133333333 -0.438104418 -0.201551691 0.114733500 0.059744629 -0.042522610 -0.993895723 0.082423900
103.166666666 -0.448349115 -0.207635637 0.115892318 0.061609908 -0.042961840 -0.993585875 0.084531698
103.200000000 -0.458441766 -0.213275344 0.117336524 0.063461834 -0.043430736 -0.993278381 0.086512568
103.233333333 -0.467858995 -0.218779209 0.117985601 0.065329204 -0.043812307 -0.992957869 0.088584687
103.266666666 -0.483151904 -0.225997523 0.119347417 0.068167271 -0.043999172 -0.992594882 0.090402966
103.300000000 -0.491002935 -0.231555928 0.121115886 0.069728211 -0.044243806 -0.992299687 0.092313558
103.333333333 -0.500103049 -0.237143113 0.122626986 0.071419383 -0.044560057 -0.991982440 0.094257685
103.366666666 -0.509419109 -0.242673309 0.123830702 0.073231892 -0.044897549 -0.991653150 0.096152640
103.400000000 -0.522482349 -0.249687718 0.123663835 0.075528094 -0.045103729 -0.991320156 0.097701121
103.433333333 -0.531558165 -0.255035926 0.124787164 0.077252374 -0.045416048 -0.990974983 0.099689696
103.466666666 -0.540530053 -0.259883374 0.125709683 0.078976670 -0.045735350 -0.990635100 0.101553248
103.500000000 -0.549161731 -0.263814017 0.127553450 0.080644212 -0.046197704 -0.990278901 0.103489039
103.533333333 -0.558064399 -0.269093787 0.128120767 0.082343264 -0.046329968 -0.989942687 0.105292911
103.566666666 -0.565474480 -0.273457504 0.128973705 0.083753346 -0.046486292 -0.989620683 0.107122852
103.600000000 -0.573455884 -0.277856098 0.129979413 0.085249739 -0.046639572 -0.989294379 0.108875451
103.633333333 -0.582283302 -0.283031682 0.130388981 0.086820666 -0.046689437 -0.988960930 0.110627973
103.666666666 -0.590313683 -0.287739059 0.131062920 0.088260242 -0.046817066 -0.988629015 0.112387555
103.700000000 -0.598477744 -0.292817794 0.131276381 0.089681638 -0.046839024 -0.988303025 0.114107142
103.733333333 -0.605837437 -0.298228619 0.130909189 0.090973572 -0.046703872 -0.987984843 0.115881441
103.766666666 -0.613923166 -0.305297353 0.129751776 0.092378355 -0.046312033 -0.987664566 0.117644126
103.800000000 -0.621054202 -0.309483649 0.129914491 0.093647698 -0.046280220 -0.987335670 0.119400691
103.833333333 -0.627791102 -0.313368112 0.130035931 0.094855241 -0.046194495 -0.987019266 0.121084768
103.866666666 -0.634385700 -0.317214148 0.129947379 0.095979755 -0.046034147 -0.986718602 0.122699403
103.900000000 -0.641396428 -0.321384924 0.129595301 0.097086699 -0.045768381 -0.986423861 0.124287547
103.933333333 -0.647462024 -0.324852895 0.129776275 0.098052457 -0.045596138 -0.986141679 0.125822485
103.966666666 -0.653064038 -0.327861954 0.129856057 0.098970750 -0.045351328 -0.985863798 0.127360196
104.000000000 -0.660164202 -0.331583227 0.129715476 0.099950473 -0.045040001 -0.985592770 0.128795161
104.033333333 -0.666331546 -0.335041087 0.129672012 0.100844962 -0.044707431 -0.985319506 0.130295856
104.066666666 -0.672523262 -0.337847538 0.129961961 0.101663051 -0.044417207 -0.985065753 0.131670793
104.099999999 -0.677968476 -0.340836904 0.129893749 0.102406933 -0.044091238 -0.984819947 0.133035543
104.133333333 -0.682764668 -0.344652429 0.129377223 0.103135526 -0.043704823 -0.984555095 0.134551908
104.166666666 -0.688316729 -0.348253675 0.129063246 0.103880770 -0.043295759 -0.984301866 0.135956242
104.200000000 -0.693396708 -0.351982563 0.128166591 0.104562615 -0.042843989 -0.984057173 0.137340932
104.233333333 -0.699397764 -0.356543909 0.126855404 0.105209748 -0.042171579 -0.983842717 0.138585621
104.266666666 -0.703601665 -0.360461096 0.125660847 0.105802932 -0.041555017 -0.983616201 0.139921725
104.300000000 -0.707961760 -0.364053585 0.124923344 0.106338202 -0.040955157 -0.983398148 0.141219488
104.333333333 -0.711366082 -0.368096391 0.123700661 0.106763786 -0.040272087 -0.983193042 0.142517000
104.366666666 -0.714695348 -0.371886966 0.122670965 0.107193311 -0.039588836 -0.982984720 0.143817099
104.400000000 -0.716932931 -0.374811114 0.122110975 0.107516237 -0.038943019 -0.982774656 0.145181528
104.433333333 -0.719528450 -0.378529911 0.120841592 0.107767215 -0.038164694 -0.982598262 0.146391048
104.466666666 -0.722374099 -0.382049099 0.119433944 0.107995957 -0.037338375 -0.982430706 0.147555505
104.500000000 -0.724653168 -0.385449602 0.117984908 0.108187378 -0.036508552 -0.982267573 0.148704515
104.533333333 -0.726494664 -0.388894433 0.116196540 0.108344538 -0.035641350 -0.982108138 0.149849127
104.566666666 -0.727994667 -0.392116062 0.114801392 0.108383696 -0.034795839 -0.981969923 0.150921483
104.600000000 -0.729754668 -0.395408310 0.112782294 0.108406468 -0.033877007 -0.981847828 0.151905329
104.633333333 -0.731241676 -0.398504565 0.110872035 0.108405006 -0.032958297 -0.981734419 0.152838593
104.666666666 -0.731600405 -0.400878240 0.109175284 0.108298256 -0.032069437 -0.981622094 0.153821661
104.700000000 -0.731955816 -0.403390009 0.107208267 0.108197690 -0.031189491 -0.981509819 0.154786792
104.733333333 -0.731443744 -0.405654759 0.105433505 0.107993956 -0.030261450 -0.981413499 0.155721204
104.766666666 -0.731096717 -0.407649365 0.103692743 0.107770838 -0.029345453 -0.981320871 0.156632179
104.800000000 -0.730972981 -0.408875776 0.101970954 0.107533350 -0.028434037 -0.981250126 0.157404808
104.833333333 -0.729957643 -0.410018058 0.100361062 0.107221534 -0.027518846 -0.981177802 0.158228876
104.866666666 -0.729111132 -0.411207636 0.098388205 0.106860843 -0.026538623 -0.981121743 0.158986120
104.900000000 -0.727441130 -0.412360467 0.096291277 0.106425463 -0.025547474 -0.981080874 0.159691157
104.933333333 -0.725879500 -0.412779420 0.094533971 0.105984320 -0.024576965 -0.981033746 0.160424705
104.966666666 -0.722751666 -0.413686980 0.092680711 0.105422795 -0.023534213 -0.980989651 0.161218733
105.000000000 -0.719915371 -0.415033860 0.090390364 0.104823162 -0.022436714 -0.980976226 0.161846665
105.033333333 -0.716890610 -0.416553173 0.088035220 0.104199839 -0.021334237 -0.980957608 0.162509737
105.066666666 -0.713603568 -0.417717029 0.085620382 0.103600198 -0.020194152 -0.980937198 0.163160683
105.100000000 -0.710658018 -0.419577463 0.082564033 0.102977460 -0.019035081 -0.980943552 0.163655297
105.133333333 -0.707167959 -0.420351462 0.080143832 0.102259337 -0.017894227 -0.980944321 0.164228693
105.166666666 -0.703277368 -0.422070773 0.077166278 0.101506787 -0.016643404 -0.980961487 0.164723798
105.200000000 -0.700428753 -0.422732291 0.074477101 0.100751757 -0.015477970 -0.980984339 0.165164289
105.233333333 -0.696165481 -0.423391197 0.071647635 0.099936567 -0.014253542 -0.981012613 0.165601247
105.266666666 -0.691752140 -0.423814088 0.068975601 0.099045620 -0.013032102 -0.981053736 0.165993061
105.300000000 -0.687376767 -0.423885917 0.066272310 0.098163786 -0.011807450 -0.981086826 0.166412424
105.333333333 -0.682568152 -0.423830006 0.063481042 0.097195307 -0.010559500 -0.981142443 0.166736547
105.366666666 -0.676907099 -0.423952997 0.060863004 0.096150289 -0.009311552 -0.981201149 0.167071008
105.400000000 -0.671202216 -0.423779213 0.058358057 0.095045574 -0.008099805 -0.981274650 0.167334376
105.433333333 -0.664882954 -0.423267149 0.055851375 0.093929103 -0.006870547 -0.981341524 0.167627361
105.466666666 -0.658426992 -0.422990213 0.053077603 0.092799909 -0.005587818 -0.981419034 0.167850033
105.500000000 -0.651045065 -0.422575021 0.050554963 0.091593399 -0.004327541 -0.981495307 0.168103787
105.533333333 -0.642824297 -0.422457709 0.047754080 0.090318491 -0.002987483 -0.981585213 0.168297700
105.566666666 -0.634993437 -0.422321562 0.044938369 0.089045904 -0.001695763 -0.981680671 0.168436966
105.600000000 -0.626443660 -0.422524258 0.041765772 0.087696792 -0.000344269 -0.981797083 0.168474457
105.633333333 -0.617482292 -0.423257448 0.038207533 0.086362768 0.001055275 -0.981932547 0.168371112
105.666666666 -0.608945484 -0.423480215 0.034894039 0.085022206 0.002389602 -0.982051590 0.168345443
105.700000000 -0.599743480 -0.424024492 0.031354293 0.083618331 0.003769070 -0.982179226 0.168278746
105.733333333 -0.590314774 -0.424171430 0.027924134 0.082152688 0.005094729 -0.982315903 0.168167911
105.766666666 -0.580133099 -0.424384505 0.024437855 0.080649666 0.006451600 -0.982468705 0.167956101
105.800000000 -0.571037891 -0.424245962 0.021205648 0.079144082 0.007780716 -0.982619164 0.167735666
105.833333333 -0.560155316 -0.423702487 0.018119564 0.077519508 0.009116245 -0.982785235 0.167453879
105.866666666 -0.549889684 -0.424067056 0.014397905 0.075901321 0.010496414 -0.982966711 0.167048675
105.900000000 -0.539253931 -0.423733623 0.011075331 0.074266666 0.011853873 -0.983145240 0.166641486
105.933333333 -0.527737063 -0.423035893 0.008018064 0.072562043 0.013139556 -0.983328519 0.166214094
105.966666666 -0.517633459 -0.421273798 0.005433421 0.070918408 0.014349202 -0.983503316 0.165788745
106.000000000 -0.506733974 -0.420146785 0.002605075 0.069181456 0.015692653 -0.983683948 0.165328635
106.033333333 -0.495716860 -0.419161121 -0.000310136 0.067410872 0.017035215 -0.983871989 0.164807417
106.066666666 -0.484858013 -0.418000409 -0.003244806 0.065651392 0.018332837 -0.984061526 0.164245899
106.100000000 -0.474400610 -0.417025166 -0.006250135 0.063863865 0.019643092 -0.984254241 0.163643345
106.133333333 -0.463608990 -0.415950035 -0.009182881 0.062098141 0.020996225 -0.984440346 0.163034306
106.166666666 -0.451829861 -0.414519960 -0.011916949 0.060254827 0.022303229 -0.984642649 0.162329222
106.200000000 -0.440112563 -0.413355416 -0.014790004 0.058413724 0.023620669 -0.984842450 0.161602131
106.233333333 -0.428112757 -0.411714827 -0.017385341 0.056533021 0.024819070 -0.985046023 0.160848885
106.266666666 -0.416092640 -0.409653020 -0.019862294 0.054612571 0.026032891 -0.985255422 0.160035962
106.300000000 -0.404355931 -0.408504361 -0.022669388 0.052705310 0.027285392 -0.985463799 0.159181526
106.333333333 -0.392489588 -0.407041901 -0.025359918 0.050776810 0.028496787 -0.985674566 0.158288655
106.366666666 -0.380179978 -0.406149454 -0.028440593 0.048841579 0.029715510 -0.985899024 0.157272383
106.400000000 -0.368452261 -0.404686035 -0.031173466 0.046925882 0.030861703 -0.986121061 0.156239466
106.433333333 -0.356750766 -0.403681337 -0.033981815 0.045011390 0.032037789 -0.986340081 0.155179894
106.466666666 -0.344468338 -0.402165745 -0.036747357 0.043066141 0.033175552 -0.986566639 0.154048555
106.500000000 -0.333604685 -0.400235742 -0.039062922 0.041119281 0.034293405 -0.986780348 0.152963104
106.533333333 -0.322940339 -0.398683014 -0.041474369 0.039149835 0.035424655 -0.986995406 0.151830339
106.566666666 -0.311988461 -0.396766568 -0.043729661 0.037161640 0.036514194 -0.987215833 0.150634076
106.600000000 -0.300898362 -0.394629260 -0.045842283 0.035158340 0.037564733 -0.987437112 0.149401247
106.633333333 -0.289078692 -0.391973329 -0.048049158 0.033165726 0.038544473 -0.987664232 0.148100384
106.666666666 -0.277410488 -0.390006897 -0.050118143 0.031131612 0.039550874 -0.987894932 0.146731574
106.700000000 -0.265919277 -0.388343725 -0.052164022 0.029106754 0.040583843 -0.988124122 0.145315068
106.733333333 -0.254126523 -0.386702217 -0.054197561 0.027061309 0.041623807 -0.988353941 0.143845860
106.766666666 -0.241896018 -0.384422162 -0.056207538 0.025037837 0.042594931 -0.988581297 0.142357993
106.800000000 -0.229981748 -0.381806133 -0.058188268 0.023019880 0.043460884 -0.988808466 0.140851176
106.833333333 -0.217538894 -0.379310683 -0.060061716 0.020941587 0.044427021 -0.989036893 0.139261317
106.866666666 -0.206590459 -0.376398393 -0.061909218 0.018982871 0.045114715 -0.989258397 0.137739382
106.900000000 -0.194789002 -0.373350241 -0.063698314 0.016947074 0.045898470 -0.989487249 0.136092290
106.933333333 -0.183041588 -0.370521803 -0.065720250 0.015006512 0.046554416 -0.989715782 0.134425305
106.966666666 -0.172036133 -0.367488542 -0.067718503 0.013132531 0.047113356 -0.989940613 0.132760881
107.000000000 -0.160743622 -0.364327471 -0.069515034 0.011141929 0.047771838 -0.990164220 0.131028727
107.033333333 -0.150039187 -0.360599275 -0.071322200 0.009210729 0.048256365 -0.990386162 0.129312553
107.066666666 -0.137839345 -0.357106438 -0.073126530 0.007236718 0.048859557 -0.990612721 0.127462979
107.100000000 -0.125770108 -0.353031583 -0.074586002 0.005214871 0.049466384 -0.990833036 0.125601660
107.133333333 -0.112847100 -0.349632886 -0.076278381 0.003224876 0.050116848 -0.991052874 0.123661245
107.166666666 -0.100826698 -0.346264244 -0.077893939 0.001313827 0.050699371 -0.991266637 0.121730447
107.200000000 -0.088061075 -0.343211949 -0.079615338 -0.000581525 0.051289463 -0.991482271 0.119716160
107.233333333 -0.076456067 -0.339284202 -0.081118266 -0.002460406 0.051742020 -0.991692647 0.117738708
107.266666666 -0.064739383 -0.335830506 -0.082676377 -0.004333514 0.052215899 -0.991902996 0.115685637
107.300000000 -0.053382968 -0.332408484 -0.084176728 -0.006168124 0.052652309 -0.992108169 0.113626885
107.333333333 -0.041126206 -0.329553868 -0.086053502 -0.007914979 0.053084294 -0.992314146 0.111499087
107.366666666 -0.030827766 -0.327240024 -0.087459052 -0.009688679 0.053530210 -0.992503997 0.109437024
107.400000000 -0.020314470 -0.324628570 -0.088996397 -0.011456638 0.053909512 -0.992695554 0.107322162
107.433333333 -0.010275878 -0.322366703 -0.090252142 -0.013230728 0.054318181 -0.992882043 0.105165263
107.466666666 -0.001049207 -0.320190982 -0.091468359 -0.014979426 0.054673919 -0.993066296 0.102984034
107.500000000 0.007006569 -0.318286653 -0.092406463 -0.016713230 0.054999003 -0.993243371 0.100813607
107.533333333 0.017470216 -0.316204302 -0.093888180 -0.018426839 0.055294832 -0.993423905 0.098548865
107.566666666 0.026882013 -0.313849493 -0.094893310 -0.020165657 0.055548355 -0.993594147 0.096324443
107.600000000 0.036858645 -0.311192197 -0.096207550 -0.021874845 0.055728622 -0.993765008 0.094058067
107.633333333 0.044884578 -0.308889989 -0.097442980 -0.023488213 0.055845680 -0.993931837 0.091809955
107.666666666 0.052726069 -0.306737073 -0.098119214 -0.025199738 0.056006827 -0.994091759 0.089497387
107.700000000 0.065293998 -0.302164696 -0.099618969 -0.026984947 0.056062242 -0.994251869 0.087132418
107.733333333 0.079398754 -0.299190186 -0.100573523 -0.028804921 0.056327570 -0.994390168 0.084768363
107.766666666 0.085300714 -0.296998166 -0.101157644 -0.030375276 0.056305167 -0.994531400 0.082549165
107.800000000 0.094533929 -0.295026227 -0.101445692 -0.032074218 0.056469058 -0.994670777 0.080078310
107.833333333 0.103317427 -0.291991759 -0.102380575 -0.033629248 0.056446422 -0.994810441 0.077685664
107.866666666 0.113393464 -0.289306303 -0.103075499 -0.035201363 0.056505476 -0.994940995 0.075235709
107.900000000 0.123383003 -0.286921432 -0.103862532 -0.036708044 0.056547886 -0.995065453 0.072798353
107.933333333 0.132097936 -0.284487041 -0.104345640 -0.038226568 0.056540651 -0.995185128 0.070345189
107.966666666 0.141060904 -0.281684507 -0.105017567 -0.039694144 0.056482484 -0.995301900 0.067883963
108.000000000 0.149255139 -0.279644837 -0.105467981 -0.041111029 0.056435914 -0.995412760 0.065408771
108.033333333 0.157536008 -0.277327102 -0.105512293 -0.042599447 0.056361298 -0.995514316 0.062928042
108.066666666 0.166381251 -0.274738022 -0.105453378 -0.044093803 0.056278765 -0.995609618 0.060414609
108.100000000 0.176385228 -0.272305563 -0.105401927 -0.045592967 0.056211443 -0.995696485 0.057879750
108.133333333 0.185263152 -0.269066924 -0.105270246 -0.047049031 0.056054060 -0.995781483 0.055349514
108.166666666 0.194303328 -0.266254424 -0.105152195 -0.048474881 0.055889650 -0.995860533 0.052804658
108.199999999 0.204588586 -0.263096402 -0.105181818 -0.049853855 0.055746844 -0.995933212 0.050238637
108.233333333 0.213994262 -0.259518993 -0.105192317 -0.051229335 0.055488461 -0.996000647 0.047741993
108.266666666 0.223600146 -0.256202740 -0.104797356 -0.052627596 0.055263877 -0.996060053 0.045173123
108.300000000 0.234648607 -0.252215711 -0.104668927 -0.054038020 0.054995029 -0.996111547 0.042628921
108.333333333 0.243974144 -0.248648813 -0.104090871 -0.055435254 0.054678616 -0.996157582 0.040090567
108.366666666 0.252163134 -0.245209158 -0.103446890 -0.056794264 0.054309565 -0.996201170 0.037524805
108.400000000 0.265525724 -0.240414489 -0.103290688 -0.058201912 0.053995222 -0.996229592 0.034980748
108.433333333 0.274342082 -0.235552239 -0.102699729 -0.059568601 0.053515583 -0.996261563 0.032412378
108.466666666 0.282777438 -0.230583442 -0.102238206 -0.060865613 0.053018263 -0.996290837 0.029816260
108.500000000 0.290556580 -0.226040944 -0.101321398 -0.062162434 0.052522279 -0.996312391 0.027182011
108.533333333 0.299747138 -0.221240932 -0.100295692 -0.063457806 0.052056584 -0.996323252 0.024560064
108.566666666 0.308592036 -0.216605461 -0.098943482 -0.064763951 0.051566402 -0.996326629 0.021904011
108.600000000 0.316446444 -0.211949663 -0.097565428 -0.066032303 0.051010878 -0.996325966 0.019292331
108.633333333 0.324595970 -0.206388571 -0.096684138 -0.067274349 0.050363980 -0.996323141 0.016668215
108.666666666 0.332624336 -0.201191571 -0.095539670 -0.068485946 0.049731470 -0.996312847 0.014041597
108.700000000 0.340358178 -0.195903571 -0.094311040 -0.069670601 0.049074150 -0.996296755 0.011424162
108.733333333 0.348218899 -0.190233695 -0.093006143 -0.070842136 0.048387299 -0.996274576 0.008776655
108.766666666 0.355321117 -0.184723660 -0.091544906 -0.071986876 0.047662213 -0.996247167 0.006147066
108.800000000 0.362971955 -0.179220550 -0.090070998 -0.073094343 0.046958120 -0.996212690 0.003525345
108.833333333 0.369573967 -0.173483167 -0.088874376 -0.074158571 0.046166545 -0.996176877 0.000886089
108.866666666 0.380296914 -0.166848259 -0.088026054 0.075206587 -0.045464366 0.996129542 0.001701740
108.900000000 0.387352199 -0.161532216 -0.086535646 0.076225937 -0.044697411 0.996078705 0.004354378
108.933333333 0.394443007 -0.155918623 -0.085118102 0.077202672 -0.043914563 0.996023578 0.006949087
108.966666666 0.400243752 -0.150752573 -0.083444726 0.078195317 -0.043040730 0.995962549 0.009570251
109.000000000 0.406125677 -0.145842238 -0.081599042 0.079158407 -0.042180471 0.995894625 0.012192213
109.033333333 0.416800641 -0.140618867 -0.079375952 0.080126268 -0.041500460 0.995810737 0.014780679
109.066666666 0.422289862 -0.136067613 -0.077192724 0.081035436 -0.040631948 0.995730798 0.017391996
109.100000000 0.426228945 -0.132552065 -0.075041245 0.081872702 -0.039750999 0.995649067 0.019991365
109.133333333 0.430587144 -0.128001275 -0.073650712 0.082596649 -0.038875826 0.995567917 0.022605007
109.166666666 0.434785473 -0.123798181 -0.071933449 0.083345393 -0.037962561 0.995478548 0.025196232
109.200000000 0.439424429 -0.120133419 -0.069695148 0.084085293 -0.037108455 0.995380683 0.027747474
109.233333333 0.443643422 -0.115174238 -0.068116811 0.084801595 -0.036111743 0.995280177 0.030364467
109.266666666 0.452616049 -0.108473355 -0.066587731 0.085585592 -0.035134990 0.995167883 0.032886516
109.300000000 0.458967141 -0.102944097 -0.064801007 0.086288780 -0.034161087 0.995052402 0.035468072
109.333333333 0.463300721 -0.098073150 -0.062938788 0.086963463 -0.033108945 0.994935991 0.037993783
109.366666666 0.468730869 -0.092329476 -0.061250945 0.087640500 -0.032012386 0.994812370 0.040530210
109.400000000 0.473626221 -0.087028881 -0.059103956 0.088280234 -0.030949218 0.994682589 0.043073122
109.433333333 0.476306054 -0.083078613 -0.056694111 0.088852104 -0.029901327 0.994551430 0.045592393
109.466666666 0.486957799 -0.075018066 -0.054701513 0.089522707 -0.028844188 0.994406411 0.048058173
109.500000000 0.489212198 -0.071454459 -0.052175628 0.090027701 -0.027788419 0.994269007 0.050516909
109.533333333 0.492889301 -0.066513620 -0.049896117 0.090544720 -0.026669671 0.994121480 0.053036452
109.566666666 0.496360511 -0.061727822 -0.047351249 0.091066317 -0.025508381 0.993968949 0.055515547
109.600000000 0.499058556 -0.057434446 -0.044680368 0.091536759 -0.024359025 0.993814439 0.057970005
109.633333333 0.502698932 -0.052225459 -0.042047101 0.091992706 -0.023204517 0.993655533 0.060395152
109.666666666 0.505244113 -0.047818966 -0.039250510 0.092416229 -0.022027293 0.993491137 0.062844254
109.700000000 0.506972044 -0.043747934 -0.036686421 0.092769716 -0.020856133 0.993328343 0.065250326
109.733333333 0.509392793 -0.039354131 -0.033729303 0.093139222 -0.019663081 0.993156701 0.067662510
109.766666666 0.511610265 -0.034662623 -0.030896746 0.093477789 -0.018443785 0.992980680 0.070079236
109.800000000 0.512633393 -0.030944577 -0.028066217 0.093746869 -0.017256454 0.992806816 0.072445605
109.833333333 0.512750388 -0.027664612 -0.025176880 0.093991518 -0.016035612 0.992630449 0.074788004
109.866666666 0.514435994 -0.024002999 -0.022032578 0.094229140 -0.014842370 0.992454560 0.077035830
109.900000000 0.514733738 -0.019970419 -0.019167137 0.094438352 -0.013562520 0.992267571 0.079388433
109.933333333 0.515157683 -0.015578580 -0.016299855 0.094614549 -0.012288443 0.992077695 0.081724713
109.966666666 0.514888220 -0.012093658 -0.013537556 0.094738977 -0.011017864 0.991893300 0.083969132
110.000000000 0.515936429 -0.008371468 -0.010248422 0.094894209 -0.009726343 0.991703432 0.086167224
110.033333333 0.515214620 -0.004703123 -0.007495590 0.094949264 -0.008435108 0.991511827 0.088418225
110.066666666 0.513723876 -0.001131636 -0.004903852 0.094961423 -0.007136116 0.991316555 0.090680165
110.100000000 0.512044207 0.002428156 -0.002474601 0.094930810 -0.005843120 0.991121454 0.092909966
110.133333333 0.510559608 0.005901919 0.000130366 0.094880208 -0.004564311 0.990924030 0.095112988
110.166666666 0.508860140 0.010008724 0.002630240 0.094805154 -0.003256861 0.990713979 0.097402193
110.200000000 0.507889369 0.014410139 0.005003374 0.094718416 -0.001925990 0.990506966 0.099602527
110.233333333 0.506111441 0.018586083 0.007460657 0.094609190 -0.000560858 0.990289162 0.101863447
110.266666666 0.502606181 0.021910515 0.009644220 0.094471568 0.000891356 0.990068433 0.104109686
110.300000000 0.498375900 0.024717342 0.011609169 0.094251288 0.002263479 0.989858973 0.106258101
110.333333333 0.497521642 0.030002701 0.013994675 0.094126223 0.003810700 0.989637426 0.108367419
110.366666666 0.493460183 0.033269554 0.016106774 0.093861234 0.005208826 0.989421553 0.110489489
110.400000000 0.491661030 0.038195428 0.018568925 0.093627909 0.006653829 0.989203994 0.112538879
110.433333333 0.487137747 0.041179789 0.020803313 0.093297056 0.008020489 0.988984979 0.114630027
110.466666666 0.483095262 0.044468324 0.023280547 0.092958361 0.009381913 0.988762214 0.116704787
110.500000000 0.480323223 0.048328427 0.026074096 0.092599596 0.010674474 0.988542601 0.118721931
110.533333333 0.476299089 0.051901369 0.028578849 0.092189669 0.011989854 0.988320024 0.120751141
110.566666666 0.473520698 0.055536828 0.031786907 0.091796843 0.013294406 0.988094355 0.122744225
110.600000000 0.469288526 0.058737370 0.034371017 0.091319402 0.014573807 0.987874382 0.124709967
110.633333333 0.464448609 0.061816392 0.036785446 0.090797137 0.015847205 0.987656374 0.126647670
110.666666666 0.459731018 0.064941421 0.039259988 0.090236438 0.017069792 0.987436914 0.128585960
110.700000000 0.455035538 0.068366853 0.041733669 0.089668310 0.018352567 0.987215140 0.130495381
110.733333333 0.450742794 0.074558294 0.043805325 0.089079311 0.019717666 0.986975004 0.132500682
110.766666666 0.446289033 0.079570908 0.046400890 0.088463540 0.020986537 0.986738840 0.134462742
110.800000000 0.440887279 0.085124777 0.048677367 0.087818051 0.022318169 0.986488962 0.136489624
110.833333333 0.436012454 0.090143744 0.050951283 0.087128995 0.023582387 0.986268038 0.138303168
110.866666666 0.432043455 0.097471639 0.053843845 0.086468546 0.024975619 0.986018187 0.140241023
110.900000000 0.425659943 0.101534358 0.055772173 0.085664635 0.026139249 0.985801717 0.142032690
110.933333333 0.420363390 0.106954974 0.058012727 0.084854948 0.027330939 0.985584738 0.143789365
110.966666666 0.416398812 0.113774283 0.060846503 0.084059154 0.028578056 0.985371480 0.145466145
111.000000000 0.410851927 0.119331146 0.063318772 0.083179617 0.029710961 0.985159189 0.147172629
111.033333333 0.404501863 0.124379592 0.065471251 0.082251591 0.030815572 0.984951568 0.148847188
111.066666666 0.398568244 0.130552819 0.068086267 0.081322730 0.031917987 0.984726723 0.150602582
111.100000000 0.392058639 0.136840790 0.070488548 0.080361759 0.033016888 0.984502460 0.152337714
111.133333333 0.386232396 0.143012250 0.073369599 0.079395705 0.034131107 0.984290243 0.153961382
111.166666666 0.379105976 0.147766246 0.075688454 0.078348791 0.035149077 0.984085746 0.155567525
111.200000000 0.372302183 0.154377054 0.078351200 0.077302785 0.036245716 0.983875348 0.157161785
111.233333333 0.364288573 0.158124854 0.080374863 0.076171998 0.037226414 0.983693398 0.158616897
111.266666666 0.357969623 0.164411899 0.083747964 0.075080398 0.038226786 0.983481727 0.160204056
111.300000000 0.351919226 0.172591953 0.087769020 0.074014852 0.039352949 0.983269232 0.161724348
111.333333333 0.344710102 0.179083446 0.090628229 0.072839328 0.040335593 0.983085190 0.163128728
111.366666666 0.336747098 0.185326880 0.093146910 0.071603905 0.041271900 0.982904514 0.164524246
111.400000000 0.328701372 0.191040930 0.095787026 0.070338034 0.042168532 0.982731802 0.165869168
111.433333333 0.320596554 0.200631395 0.099132299 0.069087385 0.043184115 0.982536613 0.167283797
111.466666666 0.312617360 0.207136435 0.101988472 0.067772156 0.044001069 0.982360577 0.168637293
111.500000000 0.303941293 0.213422175 0.104471335 0.066411299 0.044787026 0.982191220 0.169953137
111.533333333 0.295961116 0.220669536 0.107289591 0.065036465 0.045539297 0.982020994 0.171263534
111.566666666 0.287369135 0.228164486 0.109404906 0.063610233 0.046230856 0.981850713 0.172585119
111.600000000 0.277744064 0.234118967 0.111443965 0.062147890 0.046896126 0.981686141 0.173869816
111.633333333 0.268839180 0.239844752 0.113702176 0.060668634 0.047506794 0.981534815 0.175076635
111.666666666 0.259930511 0.247208078 0.116015082 0.059165755 0.048118396 0.981376251 0.176308501
111.700000000 0.249740197 0.254639194 0.118143404 0.057635349 0.048718225 0.981197978 0.177637913
111.733333333 0.239863462 0.262077148 0.119793912 0.056074137 0.049249032 0.981037647 0.178872464
111.766666666 0.229480939 0.269462751 0.121492028 0.054482939 0.049766957 0.980877269 0.180096203
111.800000000 0.219635862 0.274596271 0.122986285 0.052855878 0.050193889 0.980748756 0.181159340
111.833333333 0.209465556 0.280237491 0.124420331 0.051193104 0.050611474 0.980627245 0.182175605
111.866666666 0.198257389 0.285782197 0.125641938 0.049492232 0.051012424 0.980508991 0.183167603
111.900000000 0.187324301 0.291265615 0.126751803 0.047770577 0.051362511 0.980393408 0.184142960
111.933333333 0.176651068 0.297353824 0.128532393 0.046049940 0.051713005 0.980281577 0.185076194
111.966666666 0.165088102 0.302072260 0.129194607 0.044268554 0.051980138 0.980176401 0.185990813
112.000000000 0.153651746 0.307463820 0.130072878 0.042478871 0.052227173 0.980068580 0.186904915
112.033333333 0.142506234 0.312697657 0.131141098 0.040682011 0.052441901 0.979968886 0.187765287
112.066666666 0.131146864 0.319658088 0.133064534 0.038883804 0.052709481 0.979886204 0.188501424
112.100000000 0.119365064 0.327106558 0.134641170 0.037055075 0.052913245 0.979776124 0.189382832
112.133333333 0.107784316 0.332903831 0.135706740 0.035205147 0.053044477 0.979693690 0.190124050
112.166666666 0.095888638 0.338255912 0.136710557 0.033321550 0.053143792 0.979625227 0.190787384
112.200000000 0.082955224 0.344265558 0.137642971 0.031407537 0.053234615 0.979567602 0.191381702
112.233333333 0.069577391 0.349117018 0.138690209 0.029471143 0.053291360 0.979518872 0.191922543
112.266666666 0.056163681 0.354065311 0.139309720 0.027511848 0.053289831 0.979467670 0.192474353
112.300000000 0.042505337 0.359062060 0.140030314 0.025541307 0.053258315 0.979420543 0.192993767
112.333333333 0.026249406 0.365784934 0.140817314 0.023545063 0.053265374 0.979366614 0.193518643
112.366666666 0.013693051 0.369812267 0.141014106 0.021540137 0.053114376 0.979354099 0.193856739
112.400000000 0.001071379 0.373550607 0.141016782 0.019505913 0.052916623 0.979345746 0.194168124
112.433333333 -0.014937654 0.379056547 0.140764924 0.017444906 0.052752290 0.979303175 0.194623130
112.466666666 -0.027011109 0.382444474 0.140671433 0.015409002 0.052471200 0.979310818 0.194832382
112.500000000 -0.039587090 0.385875273 0.140647382 0.013342073 0.052164278 0.979331981 0.194960887
112.533333333 -0.052168779 0.389404669 0.140399279 0.011257629 0.051816765 0.979354260 0.195073120
112.566666666 -0.066093463 0.393389644 0.139988712 0.009160534 0.051452635 0.979360320 0.195248748
112.600000000 -0.079210202 0.396793828 0.139137735 0.007058239 0.051027232 0.979394895 0.195274276
112.633333333 -0.092145326 0.399899020 0.138191476 0.004935249 0.050552304 0.979442754 0.195222946
112.666666666 -0.105280923 0.403353738 0.137154135 0.002803824 0.050052064 0.979492414 0.195144922
112.700000000 -0.117641601 0.405533594 0.135745369 0.000662755 0.049480939 0.979562784 0.194956277
112.733333333 -0.129953714 0.407991090 0.134451862 -0.001483940 0.048879536 0.979637248 0.194729172
112.766666666 -0.141785628 0.409928927 0.133070175 -0.003633330 0.048231945 0.979720356 0.194444084
112.800000000 -0.153889612 0.411961754 0.131565734 -0.005787799 0.047552207 0.979808876 0.194112996
112.833333333 -0.168578652 0.414995720 0.130401452 -0.007950694 0.046892204 0.979895407 0.193759902
112.866666666 -0.180060169 0.416267226 0.129055687 -0.010099187 0.046139870 0.980017498 0.193222211
112.900000000 -0.192060402 0.418150158 0.127359480 -0.012262339 0.045348303 0.980124652 0.192740326
112.933333333 -0.204497382 0.420250423 0.125744785 -0.014413308 0.044541930 0.980236280 0.192211106
112.966666666 -0.215242155 0.421262646 0.123905956 -0.016554552 0.043675387 0.980368068 0.191564243
113.000000000 -0.226872740 0.422710134 0.121972080 -0.018705459 0.042782250 0.980497040 0.190906627
113.033333333 -0.238641671 0.424083026 0.119900271 -0.020850619 0.041858107 0.980631787 0.190195817
113.066666666 -0.251226430 0.425466053 0.118019079 -0.022991158 0.040916917 0.980766605 0.189457328
113.100000000 -0.264043365 0.426747828 0.116336680 -0.025116759 0.039959961 0.980903628 0.188680743
113.133333333 -0.276191499 0.428442019 0.114431731 -0.027224718 0.038969238 0.981021327 0.187982363
113.166666666 -0.288059932 0.429601134 0.112334614 -0.029312421 0.037943958 0.981149875 0.187205666
113.200000000 -0.303459165 0.432261197 0.110412253 -0.031408908 0.036931157 0.981255694 0.186512285
113.233333333 -0.315697275 0.433976886 0.108126226 -0.033468807 0.035859643 0.981382097 0.185696270
113.266666666 -0.327334762 0.434694163 0.105741895 -0.035522669 0.034742661 0.981512850 0.184834017
113.300000000 -0.339536273 0.436289450 0.103367641 -0.037559695 0.033618881 0.981636872 0.183978509
113.333333333 -0.351241924 0.437620372 0.101184794 -0.039572194 0.032470331 0.981773602 0.183030908
113.366666666 -0.362353165 0.438622909 0.098627645 -0.041574649 0.031281155 0.981911585 0.182051305
113.400000000 -0.379045475 0.440562889 0.096185470 -0.043594915 0.030111855 0.982056505 0.180991107
113.433333333 -0.389548835 0.440991583 0.093623946 -0.045563624 0.028859954 0.982211117 0.179867678
113.466666666 -0.401086857 0.441926962 0.091093340 -0.047515166 0.027601215 0.982366727 0.178706730
113.500000000 -0.411717250 0.442497903 0.088481685 -0.049442613 0.026309688 0.982528803 0.177483463
113.533333333 -0.422844597 0.443214435 0.085934329 -0.051349674 0.025006462 0.982689263 0.176237626
113.566666666 -0.433367428 0.443767293 0.083346865 -0.053226976 0.023688507 0.982848436 0.174970555
113.600000000 -0.444126045 0.444261510 0.080486209 -0.055085200 0.022341437 0.983010089 0.173659570
113.633333333 -0.454375693 0.444304851 0.077162553 -0.056921372 0.020964445 0.983169797 0.172329914
113.666666666 -0.464994137 0.444436611 0.073745026 -0.058736327 0.019573812 0.983326617 0.170984426
113.700000000 -0.475380486 0.444473135 0.070486048 -0.060519184 0.018176157 0.983483601 0.169608555
113.733333333 -0.487955201 0.444541153 0.067185971 -0.062289605 0.016758138 0.983662431 0.168069607
113.766666666 -0.496696479 0.444013706 0.063665317 -0.064016585 0.015308496 0.983827434 0.166586637
113.800000000 -0.507033879 0.443785757 0.060364580 -0.065707675 0.013870242 0.983990353 0.165085140
113.833333333 -0.516925511 0.443350341 0.056938356 -0.067371020 0.012410859 0.984153328 0.163552266
113.866666666 -0.526660023 0.442594121 0.053623630 -0.069002048 0.010938083 0.984321053 0.161960303
113.900000000 -0.535835247 0.441549516 0.050288910 -0.070596056 0.009452222 0.984491882 0.160320260
113.933333333 -0.545376604 0.440801731 0.047126612 -0.072161530 0.007972322 0.984653377 0.158703759
113.966666666 -0.553369195 0.439517561 0.043734912 -0.073680478 0.006471498 0.984821529 0.157021856
114.000000000 -0.562669873 0.438571810 0.040504426 -0.075175977 0.004971505 0.984983541 0.155342461
114.033333333 -0.571444945 0.437499928 0.037074921 -0.076633350 0.003458221 0.985151922 0.153593817
114.066666666 -0.584520712 0.436693254 0.033577971 -0.078087310 0.001937867 0.985322334 0.151784435
114.100000000 -0.593991597 0.435860282 0.030380078 -0.079480497 0.000423877 0.985483645 0.150015519
114.133333333 -0.603587996 0.434578827 0.027260465 -0.080830009 -0.001089245 0.985647661 0.148202602
114.166666666 -0.613140231 0.433303353 0.024134359 -0.082146299 -0.002610525 0.985813568 0.146344731
114.200000000 -0.621956551 0.431680102 0.021142888 -0.083414934 -0.004127997 0.985976341 0.144483785
114.233333333 -0.629235986 0.429858627 0.018638500 -0.084629053 -0.005624973 0.986139990 0.142598045
114.266666666 -0.640118451 0.428277770 0.015474734 -0.085834845 -0.007136066 0.986295210 0.140723892
114.300000000 -0.649047613 0.426494252 0.012548440 -0.086985245 -0.008642563 0.986456098 0.138792076
114.333333333 -0.657464018 0.424710212 0.009799506 -0.088093362 -0.010134447 0.986610053 0.136884825
114.366666666 -0.665016856 0.422379147 0.006756999 -0.089149243 -0.011637744 0.986774509 0.134881590
114.400000000 -0.673010255 0.419823766 0.003628871 -0.090172633 -0.013145908 0.986939390 0.132840965
114.433333333 -0.680201373 0.417402467 0.000488758 -0.091150771 -0.014644646 0.987100747 0.130802088
114.466666666 -0.688348347 0.414754487 -0.002428440 -0.092094097 -0.016132984 0.987259179 0.128754488
114.500000000 -0.695506847 0.412157081 -0.005256610 -0.092990857 -0.017607379 0.987415000 0.126705556
114.533333333 -0.702492722 0.409348612 -0.008107975 -0.093842520 -0.019072458 0.987571567 0.124628336
114.566666666 -0.710171133 0.406467736 -0.010989850 -0.094658109 -0.020533901 0.987726563 0.122533415
114.600000000 -0.717424126 0.403231647 -0.014178651 -0.095423756 -0.021993708 0.987887652 0.120368477
114.633333333 -0.723870663 0.399693084 -0.017287854 -0.096140009 -0.023447650 0.988052433 0.118151156
114.666666666 -0.734117893 0.396223131 -0.020924623 -0.096851312 -0.024916292 0.988204151 0.115980852
114.700000000 -0.738997386 0.392587583 -0.023855793 -0.097469285 -0.026328430 0.988365499 0.113754967
114.733333333 -0.746730558 0.388827042 -0.027218781 -0.098066653 -0.027758879 0.988531767 0.111433041
114.766666666 -0.752461005 0.384727411 -0.030471023 -0.098598943 -0.029164686 0.988698676 0.109099031
114.800000000 -0.758820067 0.380495099 -0.033769631 -0.099095870 -0.030560823 0.988864794 0.106735488
114.833333333 -0.764805616 0.376227674 -0.036958992 -0.099548989 -0.031936593 0.989028398 0.104368968
114.866666666 -0.770729099 0.371914959 -0.040196133 -0.099948620 -0.033291203 0.989193028 0.101976088
114.900000000 -0.777539457 0.367275143 -0.043426767 -0.100316261 -0.034635313 0.989355676 0.099560980
114.933333333 -0.782799473 0.362663392 -0.046712117 -0.100617631 -0.035945648 0.989520857 0.097120936
114.966666666 -0.788368357 0.358247144 -0.049872460 -0.100879809 -0.037226087 0.989677597 0.094740367
115.000000000 -0.793873895 0.353728060 -0.052861424 -0.101096888 -0.038475858 0.989833224 0.092353753
115.033333333 -0.798412200 0.348836287 -0.056035544 -0.101259573 -0.039704956 0.989991989 0.089921500
115.066666666 -0.802959903 0.343879286 -0.059313178 -0.101372492 -0.040908271 0.990150561 0.087475697
115.100000000 -0.806558976 0.338776098 -0.062421834 -0.101436983 -0.042079135 0.990307646 0.085033233
115.133333333 -0.814476689 0.331054619 -0.063189138 -0.101527228 -0.043304738 0.990467850 0.082403633
115.166666666 -0.817411036 0.326136101 -0.066217420 -0.101490849 -0.044418067 0.990627666 0.079896617
115.200000000 -0.819605658 0.321072806 -0.069162089 -0.101395074 -0.045477992 0.990786948 0.077408103
115.233333333 -0.821573219 0.315874879 -0.072075545 -0.101258953 -0.046504025 0.990943538 0.074932664
115.266666666 -0.823132075 0.310528982 -0.074830736 -0.101070448 -0.047495217 0.991101998 0.072427886
115.300000000 -0.823919474 0.305106096 -0.077449902 -0.100833429 -0.048442132 0.991259133 0.069937900
115.333333333 -0.824711583 0.299462499 -0.080127866 -0.100547998 -0.049358344 0.991418104 0.067409172
115.366666666 -0.825131695 0.293713910 -0.082613346 -0.100218297 -0.050237629 0.991574922 0.064897213
115.400000000 -0.825775047 0.287839591 -0.085351538 -0.099843927 -0.051086866 0.991731313 0.062372478
115.433333333 -0.825362097 0.281938130 -0.087724411 -0.099419160 -0.051884800 0.991887067 0.059865220
115.466666666 -0.825477437 0.276112916 -0.090118363 -0.098961741 -0.052652076 0.992040733 0.057354316
115.500000000 -0.824781910 0.270074853 -0.092546272 -0.098446099 -0.053370133 0.992195733 0.054841785
115.533333333 -0.823302709 0.264017034 -0.094745717 -0.097886413 -0.054045209 0.992351000 0.052314984
115.566666666 -0.822069302 0.257848214 -0.097095837 -0.097282579 -0.054682880 0.992505562 0.049785463
115.600000000 -0.820040339 0.251757448 -0.099106797 -0.096634849 -0.055269377 0.992659824 0.047259656
115.633333333 -0.817318697 0.245571033 -0.101002864 -0.095936851 -0.055808027 0.992814596 0.044729879
115.666666666 -0.813649294 0.239326642 -0.102935735 -0.095185694 -0.056291128 0.992970291 0.042201831
115.700000000 -0.809951801 0.232887113 -0.104740826 -0.094393396 -0.056736828 0.993125392 0.039658232
115.733333333 -0.806836591 0.226420940 -0.106521102 -0.093572772 -0.057152700 0.993278468 0.037088953
115.766666666 -0.802902954 0.219764566 -0.108329291 -0.092700645 -0.057515418 0.993431022 0.034545223
115.800000000 -0.799211777 0.213056241 -0.110113207 -0.091797402 -0.057838574 0.993581717 0.031989185
115.833333333 -0.794229462 0.206346233 -0.111525367 -0.090846935 -0.058098141 0.993732840 0.029436077
115.866666666 -0.788726521 0.199678214 -0.112437446 -0.089866982 -0.058314215 0.993881442 0.026889729
115.900000000 -0.783204954 0.192844787 -0.113697878 -0.088836189 -0.058481856 0.994030497 0.024318201
115.933333333 -0.776475682 0.186064010 -0.114723939 -0.087760801 -0.058589134 0.994178750 0.021770803
115.966666666 -0.771603042 0.178358484 -0.116043939 -0.086664067 -0.058703849 0.994321030 0.019206442
116.000000000 -0.764133446 0.171661634 -0.116802663 -0.085521910 -0.058711261 0.994464971 0.016685711
116.033333333 -0.756535678 0.164872368 -0.117466862 -0.084343346 -0.058670535 0.994607222 0.014157780
116.066666666 -0.749109093 0.157606292 -0.118326790 -0.083123851 -0.058595217 0.994747370 0.011605820
116.100000000 -0.740923795 0.150490164 -0.119002335 -0.081872050 -0.058465362 0.994885298 0.009056054
116.133333333 -0.732351771 0.143294799 -0.119611230 -0.080581525 -0.058281229 0.995021234 0.006531433
116.166666666 -0.723580208 0.136245427 -0.120071923 -0.079265354 -0.058047423 0.995153988 0.004005180
116.200000000 -0.714547024 0.129250104 -0.120454226 -0.077920279 -0.057767203 0.995283479 0.001475576
116.233333333 -0.705525761 0.121928811 -0.120742073 0.076547457 0.057447721 -0.995409009 0.001072874
116.266666666 -0.696460075 0.114361045 -0.121016653 0.075144270 0.057085866 -0.995530706 0.003627129
116.300000000 -0.687144815 0.106087132 -0.120959939 0.073709879 0.056686515 -0.995648261 0.006167117
116.333333333 -0.677107548 0.098175666 -0.120726689 0.072248368 0.056227210 -0.995762799 0.008667343
116.366666666 -0.666766463 0.090310452 -0.120327316 0.070767207 0.055721594 -0.995872473 0.011185889
116.399999999 -0.655860961 0.082364665 -0.119858562 0.069254202 0.055162200 -0.995979186 0.013654599
116.433333333 -0.645378458 0.074410259 -0.119424786 0.067723713 0.054563567 -0.996080273 0.016137084
116.466666666 -0.634409643 0.066667274 -0.118735115 0.066168678 0.053909921 -0.996177012 0.018622202
116.500000000 -0.623202418 0.058791845 -0.117968056 0.064593163 0.053215976 -0.996268289 0.021101658
116.533333333 -0.611625865 0.050742033 -0.117154350 0.062990290 0.052477654 -0.996354182 0.023593710
116.566666666 -0.599179293 0.042871655 -0.116112197 0.061362158 0.051683581 -0.996436524 0.026033560
116.600000000 -0.586524367 0.034739117 -0.114898539 0.059715760 0.050850092 -0.996513004 0.028462773
116.633333333 -0.574156396 0.026352071 -0.113897120 0.058047453 0.049977974 -0.996582243 0.030927801
116.666666666 -0.561603143 0.018020783 -0.112457623 0.056369591 0.049064471 -0.996647042 0.033313974
116.700000000 -0.549449523 0.009824485 -0.111232902 0.054677500 0.048102091 -0.996708294 0.035624948
116.733333333 -0.535685403 0.001349689 -0.109560908 0.052957225 0.047100837 -0.996760928 0.038009164
116.766666666 -0.522624682 -0.007202140 -0.107919095 0.051225250 0.046063415 -0.996809705 0.040305687
116.800000000 -0.509288482 -0.015769076 -0.106288167 0.049478741 0.044981386 -0.996852413 0.042588671
116.833333333 -0.495775132 -0.024075278 -0.104384377 0.047727790 0.043862039 -0.996888003 0.044860766
116.866666666 -0.482700667 -0.032890548 -0.102298150 0.045972984 0.042725372 -0.996915430 0.047123794
116.899999999 -0.469037766 -0.041821748 -0.100548259 0.044187121 0.041536756 -0.996937730 0.049369610
116.933333333 -0.455314565 -0.050474151 -0.098374190 0.042404885 0.040313963 -0.996952567 0.051596416
116.966666666 -0.441553346 -0.059148367 -0.096093546 0.040614719 0.039058629 -0.996959728 0.053816070
117.000000000 -0.427734686 -0.067945224 -0.093834524 0.038813753 0.037771794 -0.996958858 0.056034093
117.033333333 -0.413808957 -0.076709878 -0.091431750 0.037007297 0.036451642 -0.996950451 0.058236903
117.066666666 -0.397726618 -0.085993377 -0.089758919 0.035128811 0.035048500 -0.996935109 0.060481060
117.100000000 -0.383049418 -0.094815308 -0.087269144 0.033298356 0.033652491 -0.996911376 0.062661288
117.133333333 -0.367735526 -0.103350500 -0.084797428 0.031453094 0.032207086 -0.996880574 0.064826903
117.166666666 -0.352653207 -0.111919343 -0.081937634 0.029611594 0.030739710 -0.996841874 0.066966422
117.200000000 -0.337153340 -0.119843808 -0.078783146 0.027774071 0.029232074 -0.996793944 0.069108037
117.233333333 -0.321601488 -0.127903276 -0.075612780 0.025926940 0.027695908 -0.996738224 0.071229506
117.266666666 -0.305570594 -0.135740029 -0.072537232 0.024072035 0.026122696 -0.996674889 0.073330121
117.300000000 -0.289438883 -0.143877330 -0.069497981 0.022210175 0.024526765 -0.996602555 0.075422097
117.333333333 -0.272909178 -0.151991440 -0.066633968 0.020339213 0.022899920 -0.996521435 0.077504450
117.366666666 -0.256665657 -0.160199302 -0.063526440 0.018474292 0.021261299 -0.996431193 0.079570947
117.400000000 -0.240186854 -0.168346234 -0.060481931 0.016605271 0.019598205 -0.996332431 0.081620233
117.433333333 -0.223871333 -0.176524741 -0.057255264 0.014744433 0.017918951 -0.996224630 0.083654040
117.466666666 -0.207378723 -0.185118655 -0.054177831 0.012873165 0.016221265 -0.996109738 0.085653613
117.500000000 -0.190267516 -0.193278679 -0.051257122 0.011001384 0.014492641 -0.995983981 0.087663234
117.533333333 -0.173634997 -0.201330971 -0.047860085 0.009146291 0.012756511 -0.995849461 0.089651925
117.566666666 -0.157269853 -0.209529643 -0.044447216 0.007295488 0.011014251 -0.995706233 0.091621826
117.600000000 -0.140875996 -0.217453673 -0.040886986 0.005456034 0.009257642 -0.995553807 0.093579624
117.633333333 -0.124625084 -0.225738025 -0.037188863 0.003619570 0.007496516 -0.995393918 0.095507323
117.666666666 -0.107720165 -0.233545090 -0.033490962 0.001783772 0.005707072 -0.995223860 0.097435706
117.700000000 -0.091598634 -0.241957258 -0.029735015 -0.000043161 0.003928606 -0.995046874 0.099329167
117.733333333 -0.075431197 -0.250197886 -0.025851260 -0.001859917 0.002140981 -0.994862778 0.101192938
117.766666666 -0.059414667 -0.258418828 -0.021839201 -0.003666852 0.000349198 -0.994670766 0.103036401
117.800000000 -0.043414570 -0.266486640 -0.017753382 -0.005466002 -0.001451075 -0.994472061 0.104849112
117.833333333 -0.027303639 -0.274715914 -0.013783797 -0.007263048 -0.003258153 -0.994264696 0.106650586
117.866666666 -0.011255127 -0.283001281 -0.009822373 -0.009050429 -0.005064707 -0.994050151 0.108428481
117.900000000 0.002035150 -0.291080481 -0.005350109 -0.010785896 -0.006822764 -0.993827303 0.110201665
117.933333333 0.017127997 -0.299127802 -0.001295181 -0.012538280 -0.008615183 -0.993599791 0.111928661
117.966666666 0.032245081 -0.307068615 0.002682690 -0.014284145 -0.010409032 -0.993364156 0.113645368
118.000000000 0.047142937 -0.315147305 0.006683543 -0.016017876 -0.012195091 -0.993122253 0.115338187
118.033333333 0.062394745 -0.322838394 0.010613388 -0.017744932 -0.013988766 -0.992874849 0.116999855
118.066666666 0.078397281 -0.330576123 0.014505229 -0.019471157 -0.015789425 -0.992619501 0.118651143
118.100000000 0.094003212 -0.338506959 0.018134462 -0.021190469 -0.017578176 -0.992363670 0.120234430
118.133333333 0.108970268 -0.346489484 0.021978734 -0.022888519 -0.019345296 -0.992103040 0.121792583
118.166666666 0.124174400 -0.354198947 0.025944944 -0.024572537 -0.021109159 -0.991837371 0.123325682
118.200000000 0.138882522 -0.362029986 0.029933893 -0.026243668 -0.022855620 -0.991568769 0.124820940
118.233333333 0.154025245 -0.370178524 0.033600021 -0.027911016 -0.024593022 -0.991298238 0.126269400
118.266666666 0.168460448 -0.378365376 0.037426941 -0.029556529 -0.026305857 -0.991026254 0.127676848
118.300000000 0.182374723 -0.385704904 0.041362723 -0.031174511 -0.028004555 -0.990748099 0.129081753
118.333333333 0.196936308 -0.393443001 0.045268873 -0.032793283 -0.029696582 -0.990467936 0.130445319
118.366666666 0.211628903 -0.401168844 0.048948019 -0.034401842 -0.031370898 -0.990184857 0.131781364
118.400000000 0.226071878 -0.409259561 0.052772601 -0.035996298 -0.033020930 -0.989903290 0.133061495
118.433333333 0.240416902 -0.417276110 0.056516623 -0.037575823 -0.034650865 -0.989620277 0.134309650
118.466666666 0.254738840 -0.425162370 0.060227058 -0.039140513 -0.036261041 -0.989335752 0.135528325
118.500000000 0.269495324 -0.432391851 0.063797847 -0.040688968 -0.037859773 -0.989046455 0.136741200
118.533333333 0.283370597 -0.439983849 0.067576511 -0.042216146 -0.039422178 -0.988758970 0.137910797
118.566666666 0.301299235 -0.447304639 0.071426453 -0.043755588 -0.041010980 -0.988452536 0.139158656
118.600000000 0.314907080 -0.454162686 0.074947425 -0.045247151 -0.042529630 -0.988159794 0.140300201
118.633333333 0.328306260 -0.460976633 0.078498243 -0.046717760 -0.044014586 -0.987870800 0.141391121
118.666666666 0.341217697 -0.467234275 0.082061304 -0.048161021 -0.045471862 -0.987579468 0.142476737
118.700000000 0.353909210 -0.473284225 0.085596369 -0.049585155 -0.046900065 -0.987288354 0.143538853
118.733333333 0.365704245 -0.479018653 0.089067240 -0.050983325 -0.048289924 -0.986999684 0.144569730
118.766666666 0.378063123 -0.484319390 0.092189203 -0.052367582 -0.049660515 -0.986711948 0.145571292
118.800000000 0.389432185 -0.490168077 0.095448449 -0.053731660 -0.050980074 -0.986430041 0.146525476
118.833333333 0.400454355 -0.496199522 0.098562243 -0.055077069 -0.052257626 -0.986155180 0.147423258
118.866666666 0.411125209 -0.501986579 0.101605582 -0.056396252 -0.053499278 -0.985883354 0.148294646
118.900000000 0.421954040 -0.507460600 0.104506705 -0.057702148 -0.054709673 -0.985616572 0.149121718
118.933333333 0.432884449 -0.512422321 0.107384529 -0.058984166 -0.055888737 -0.985352058 0.149928780
118.966666666 0.443202426 -0.517627348 0.110258120 -0.060250601 -0.057025130 -0.985096041 0.150677770
119.000000000 0.454444839 -0.522546151 0.113261440 -0.061501092 -0.058135716 -0.984840165 0.151418966
119.033333333 0.465228413 -0.528196702 0.116015410 -0.062739899 -0.059196266 -0.984597648 0.152075567
119.066666666 0.476304068 -0.532965690 0.118760851 -0.063949723 -0.060228185 -0.984355825 0.152730509
119.100000000 0.487068961 -0.537933326 0.121519461 -0.065143554 -0.061214810 -0.984123292 0.153331052
119.133333333 0.497408958 -0.542143038 0.124106556 -0.066308911 -0.062161891 -0.983894220 0.153919429
119.166666666 0.507265197 -0.546435575 0.126646835 -0.067452456 -0.063060181 -0.983673688 0.154465711
119.200000000 0.520551053 -0.552017856 0.129882964 -0.068602886 -0.063937267 -0.983457415 0.154974784
119.233333333 0.530406362 -0.556022579 0.132351412 -0.069705810 -0.064752829 -0.983256865 0.155415918
119.266666666 0.538718382 -0.559299160 0.134765790 -0.070769633 -0.065515723 -0.983064480 0.155831888
119.300000000 0.547719911 -0.562761805 0.136979134 -0.071821157 -0.066235128 -0.982880134 0.156209066
119.333333333 0.556437564 -0.565990655 0.139052616 -0.072848435 -0.066908461 -0.982705177 0.156546796
119.366666666 0.565156286 -0.569826844 0.141098638 -0.073858316 -0.067527153 -0.982544605 0.156815599
119.400000000 0.573417522 -0.572976558 0.142997128 -0.074837156 -0.068100441 -0.982391192 0.157064556
119.433333333 0.582183361 -0.576249430 0.144742537 -0.075800562 -0.068629105 -0.982250722 0.157250880
119.466666666 0.589896000 -0.579611429 0.146344801 -0.076737956 -0.069098094 -0.982126942 0.157363942
119.500000000 0.597088829 -0.583734765 0.148077749 -0.077653244 -0.069505682 -0.982018412 0.157412743
119.533333333 0.604732485 -0.587568598 0.149722657 -0.078544377 -0.069871079 -0.981919548 0.157425585
119.566666666 0.611781916 -0.590931583 0.151339819 -0.079407051 -0.070185961 -0.981830450 0.157408442
119.600000000 0.617392195 -0.593368033 0.152530824 -0.080232433 -0.070449980 -0.981752482 0.157358256
119.633333333 0.623301624 -0.596064412 0.153763295 -0.081038767 -0.070663408 -0.981687776 0.157253016
119.666666666 0.628829585 -0.598687657 0.154963236 -0.081818666 -0.070825104 -0.981635015 0.157105720
119.700000000 0.634756219 -0.601274484 0.156104213 -0.082575528 -0.070942384 -0.981592060 0.156925106
119.733333333 0.640568354 -0.603850906 0.157236267 -0.083305445 -0.071007363 -0.981562939 0.156691910
119.766666666 0.647312594 -0.605604014 0.158344533 -0.084009189 -0.071039070 -0.981537215 0.156462783
119.800000000 0.651405256 -0.607966061 0.159149500 -0.084679911 -0.070988536 -0.981535637 0.156133708
119.833333333 0.656555871 -0.610636428 0.160073135 -0.085331018 -0.070896592 -0.981544227 0.155766561
119.866666666 0.661437789 -0.612859410 0.160984861 -0.085953058 -0.070757545 -0.981562462 0.155372373
119.900000000 0.666204533 -0.614703267 0.161808470 -0.086546788 -0.070571407 -0.981591964 0.154940460
119.933333333 0.669158471 -0.615492591 0.162426989 -0.087097630 -0.070330409 -0.981633899 0.154474999
119.966666666 0.673417613 -0.616653764 0.162863904 -0.087631010 -0.070045024 -0.981687288 0.153962885
120.000000000 0.675961906 -0.617653677 0.163126952 -0.088128100 -0.069698819 -0.981756307 0.153395129
120.033333333 0.678972193 -0.618309957 0.163410883 -0.088600503 -0.069310180 -0.981841147 0.152754744
120.066666666 0.680903861 -0.618997548 0.163530490 -0.089037670 -0.068866145 -0.981938587 0.152073533
120.100000000 0.682528660 -0.619746360 0.163572115 -0.089445983 -0.068368685 -0.982050315 0.151335120
120.133333333 0.683051395 -0.619705941 0.163445967 -0.089815451 -0.067822773 -0.982173140 0.150562873
120.166666666 0.683557957 -0.619335176 0.163041811 -0.090153687 -0.067231895 -0.982306661 0.149752491
120.200000000 0.683824476 -0.619294322 0.162660477 -0.090465227 -0.066587793 -0.982454414 0.148880597
120.233333333 0.684444768 -0.619467716 0.162380087 -0.090749152 -0.065899249 -0.982612109 0.147970687
120.266666666 0.684459398 -0.619621747 0.161795674 -0.091000465 -0.065156544 -0.982782953 0.147007505
120.300000000 0.684433146 -0.619468130 0.161011285 -0.091217812 -0.064373541 -0.982961844 0.146018395
120.333333333 0.683525163 -0.619652122 0.160333048 -0.091403600 -0.063534482 -0.983153631 0.144974789
120.366666666 0.682813654 -0.618798091 0.159120243 -0.091554877 -0.062658849 -0.983355968 0.143884025
120.400000000 0.681638576 -0.618086679 0.157946496 -0.091672366 -0.061735591 -0.983566714 0.142763489
120.433333333 0.680758902 -0.618125527 0.156904820 -0.091762140 -0.060765606 -0.983789125 0.141584636
120.466666666 0.679368043 -0.617641288 0.155903526 -0.091814847 -0.059755338 -0.984018589 0.140380732
120.500000000 0.677395557 -0.616763376 0.154580370 -0.091831011 -0.058700622 -0.984258521 0.139127520
120.533333333 0.676437146 -0.615972695 0.153506958 -0.091817333 -0.057613906 -0.984502327 0.137860011
120.566666666 0.674993235 -0.614892222 0.152170245 -0.091768935 -0.056485137 -0.984754203 0.136554207
120.600000000 0.674456063 -0.613655548 0.150890845 -0.091687683 -0.055325614 -0.985007662 0.135249216
120.633333333 0.672338030 -0.612973468 0.149404811 -0.091571020 -0.054109628 -0.985280016 0.133828943
120.666666666 0.671104715 -0.611689769 0.147949325 -0.091420893 -0.052870883 -0.985551003 0.132423982
120.700000000 0.668385069 -0.610523752 0.146159997 -0.091231023 -0.051581396 -0.985835868 0.130934721
120.733333333 0.665538075 -0.610139420 0.144615074 -0.091008900 -0.050252578 -0.986124373 0.129424806
120.766666666 0.662292325 -0.608923918 0.142603462 -0.090747260 -0.048893234 -0.986419209 0.127873107
120.800000000 0.658372446 -0.607867096 0.140639825 -0.090448607 -0.047497689 -0.986718712 0.126290150
120.833333333 0.654051865 -0.606953817 0.138359933 -0.090111748 -0.046062726 -0.987024032 0.124666187
120.866666666 0.649286364 -0.606420187 0.136233072 -0.089740857 -0.044591440 -0.987336330 0.122984360
120.900000000 0.644186947 -0.605040170 0.133842626 -0.089328058 -0.043094856 -0.987650658 0.121282765
120.933333333 0.639039685 -0.603847730 0.131401666 -0.088879369 -0.041568798 -0.987967307 0.119553721
120.966666666 0.633479019 -0.602117769 0.128818168 -0.088392835 -0.040017743 -0.988288175 0.117778479
121.000000000 0.628270231 -0.600603568 0.126211583 -0.087870119 -0.038442895 -0.988604928 0.116022768
121.033333333 0.622679562 -0.598820645 0.123656799 -0.087308581 -0.036840926 -0.988926877 0.114208538
121.066666666 0.616761275 -0.597335602 0.121139382 -0.086709707 -0.035209691 -0.989252145 0.112347219
121.100000000 0.610420268 -0.595264671 0.118421189 -0.086071042 -0.033558264 -0.989579878 0.110441315
121.133333333 0.603215312 -0.592958765 0.115617667 -0.085391179 -0.031881079 -0.989909876 0.108491381
121.166666666 0.595712233 -0.591203683 0.112768283 -0.084675738 -0.030178089 -0.990242055 0.106489317
121.200000000 0.587949818 -0.589417620 0.109895273 -0.083920784 -0.028453546 -0.990577144 0.104425186
121.233333333 0.579484253 -0.587236601 0.106914978 -0.083124954 -0.026709842 -0.990908946 0.102353735
121.266666666 0.570898756 -0.585423647 0.104088226 -0.082291768 -0.024943472 -0.991241118 0.100234392
121.300000000 0.563824377 -0.583630810 0.101279576 -0.081430089 -0.023176834 -0.991560539 0.098181836
121.333333333 0.555417906 -0.581462120 0.098386128 -0.080522672 -0.021390747 -0.991882382 0.096061829
121.366666666 0.546648531 -0.579067472 0.095571587 -0.079578439 -0.019593656 -0.992202857 0.093898093
121.400000000 0.537343855 -0.576608565 0.092478098 -0.078593929 -0.017785193 -0.992517060 0.091741851
121.433333333 0.528138285 -0.574071664 0.089550074 -0.077573643 -0.015966173 -0.992829226 0.089540718
121.466666666 0.518197212 -0.571373540 0.086300083 -0.076512621 -0.014138506 -0.993136258 0.087328658
121.500000000 0.507901164 -0.568415923 0.083002222 -0.075411634 -0.012303222 -0.993441577 0.085062032
121.533333333 0.497305465 -0.565391425 0.079746428 -0.074276973 -0.010467054 -0.993739116 0.082800609
121.566666666 0.486095948 -0.562098869 0.076325754 -0.073103261 -0.008624260 -0.994031663 0.080514527
121.600000000 0.474570217 -0.558657055 0.072766447 -0.071891931 -0.006779506 -0.994318673 0.078204638
121.633333333 0.463112063 -0.555140394 0.069325042 -0.070645062 -0.004937485 -0.994598714 0.075883428
121.666666666 0.451244954 -0.551389091 0.065720467 -0.069361823 -0.003098238 -0.994870036 0.073572748
121.700000000 0.439626378 -0.548013144 0.062307328 -0.068047685 -0.001261503 -0.995132800 0.071264514
121.733333333 0.427452062 -0.544392000 0.058837868 -0.066691563 0.000577924 -0.995392602 0.068887372
121.766666666 0.415141062 -0.540860461 0.055393185 -0.065301775 0.002409825 -0.995643797 0.066507891
121.800000000 0.402735873 -0.537207298 0.051915363 -0.063876733 0.004233597 -0.995886993 0.064116585
121.833333333 0.390300849 -0.533282454 0.048461544 -0.062419732 0.006045922 -0.996121861 0.061712741
121.866666666 0.377607568 -0.529197646 0.045009669 -0.060931087 0.007849395 -0.996347750 0.059303878
121.900000000 0.364752863 -0.525325769 0.041671463 -0.059407327 0.009642754 -0.996566451 0.056860316
121.933333333 0.351593698 -0.520800225 0.038054670 -0.057848257 0.011421014 -0.996776862 0.054396947
121.966666666 0.338168630 -0.516347564 0.034544998 -0.056258578 0.013186906 -0.996978735 0.051908384
122.000000000 0.324790719 -0.511989563 0.031025370 -0.054639279 0.014934887 -0.997170090 0.049429849
122.033333333 0.311198180 -0.507715401 0.027537473 -0.052989924 0.016667781 -0.997352216 0.046934100
122.066666666 0.297470404 -0.503280852 0.024093092 -0.051309960 0.018381622 -0.997525177 0.044417618
122.100000000 0.283097028 -0.498405444 0.020398696 -0.049599880 0.020073960 -0.997687579 0.041909230
122.133333333 0.268797874 -0.493539953 0.016721448 -0.047862366 0.021743482 -0.997839929 0.039394051
122.166666666 0.254218046 -0.488523544 0.013025785 -0.046098039 0.023389981 -0.997982032 0.036874695
122.200000000 0.239698112 -0.483761121 0.009310435 -0.044304896 0.025014090 -0.998114035 0.034347420
122.233333333 0.225020633 -0.478827119 0.005635360 -0.042487199 0.026613193 -0.998235420 0.031821734
122.266666666 0.210608752 -0.473913145 0.001981229 -0.040646110 0.028183492 -0.998345124 0.029335954
122.300000000 0.195580256 -0.468806044 -0.001797070 -0.038775206 0.029729051 -0.998446631 0.026776720
122.333333333 0.180652988 -0.463500429 -0.005354353 -0.036884556 0.031240481 -0.998536881 0.024241692
122.366666666 0.165524459 -0.458141969 -0.008824612 -0.034970665 0.032721783 -0.998617363 0.021672562
122.400000000 0.150151748 -0.452724268 -0.012271012 -0.033036101 0.034168125 -0.998687206 0.019105468
122.433333333 0.134939717 -0.447172322 -0.015740417 -0.031080763 0.035583294 -0.998746399 0.016536216
122.466666666 0.119178796 -0.441125178 -0.019327741 -0.029101506 0.036960423 -0.998795689 0.013935590
