# timestamp tx ty tz qx qy qz qw
102.500000000 -0.222971314 -0.109043289 0.059182424 0.024500830 -0.019336717 -0.998771155 0.038496491
102.533333333 -0.250006253 -0.109494725 0.059766773 0.027276235 -0.022604270 -0.998780802 0.034379686
102.566666666 -0.265859056 -0.113357053 0.064023961 0.030299058 -0.023058723 -0.998429119 0.041104210
102.600000000 -0.279132451 -0.119269060 0.067140173 0.031951302 -0.024067508 -0.998265321 0.043199738
102.633333333 -0.293624596 -0.125789936 0.070528744 0.033765196 -0.025154234 -0.998076615 0.045499966
102.666666666 -0.307934365 -0.132308580 0.073859647 0.035570913 -0.026210021 -0.997879969 0.047784019
102.700000000 -0.322053058 -0.138826187 0.077135707 0.037366374 -0.027236808 -0.997675649 0.050052076
102.733333333 -0.335970124 -0.145339289 0.080351943 0.039148590 -0.028231559 -0.997464300 0.052300442
102.766666666 -0.314773970 -0.129643620 0.087348782 0.040545080 -0.031830436 -0.996987612 0.057953606
102.800000000 -0.332945619 -0.135335305 0.089576454 0.043014893 -0.032864349 -0.996758615 0.059514002
102.833333333 -0.347555298 -0.143320343 0.087844034 0.045499976 -0.033967232 -0.996474940 0.061754952
102.866666666 -0.359446404 -0.148289412 0.090675544 0.047530948 -0.034862803 -0.996200801 0.064104277
102.900000000 -0.401266572 -0.137293708 0.094548556 0.050318471 -0.037632611 -0.995970612 0.063987332
102.933333333 -0.413492921 -0.171912657 0.099887158 0.050223925 -0.037288873 -0.995603674 0.069716723
102.966666666 -0.427639664 -0.171904120 0.103403445 0.052401501 -0.037642191 -0.995283894 0.072437000
103.000000000 -0.436088912 -0.191656787 0.101274838 0.054392715 -0.038809648 -0.994927384 0.075198038
103.033333333 -0.449311518 -0.199270159 0.106680594 0.056097807 -0.039775735 -0.994610149 0.077598830
103.066666666 -0.460946842 -0.206722273 0.112442276 0.057818892 -0.040556335 -0.994295706 0.079926270
103.100000000 -0.465467141 -0.227951544 0.111920146 0.059480416 -0.041213311 -0.993965167 0.082442642
103.133333333 -0.474484697 -0.238095833 0.114955904 0.061446940 -0.041951659 -0.993614141 0.084824937
103.166666666 -0.481384515 -0.222958531 0.116997059 0.063178849 -0.042159387 -0.993294697 0.087158843
103.200000000 -0.497804711 -0.226983808 0.119656319 0.064880276 -0.042606191 -0.992980434 0.089247518
103.233333333 -0.510677003 -0.229495028 0.122480049 0.066520373 -0.042974658 -0.992666441 0.091332121
103.266666666 -0.520391888 -0.234332918 0.125070715 0.068388003 -0.043422652 -0.992355083 0.093107161
103.300000000 -0.532310491 -0.237901086 0.128034540 0.069897298 -0.043897908 -0.992035871 0.095142904
103.333333333 -0.541729566 -0.242386271 0.129035428 0.071690228 -0.044080477 -0.991697472 0.097229348
103.366666666 -0.551286526 -0.248612123 0.130902199 0.073118096 -0.044586738 -0.991377898 0.099174750
103.400000000 -0.562898173 -0.254054858 0.132267127 0.074809919 -0.044929675 -0.991064231 0.100878590
103.433333333 -0.573596688 -0.259469522 0.133639415 0.076259844 -0.045245016 -0.990746288 0.102757564
103.466666666 -0.583051671 -0.265862933 0.135114903 0.077691050 -0.045503382 -0.990430279 0.104601170
103.500000000 -0.593018275 -0.272115079 0.136114829 0.079159355 -0.045761008 -0.990108220 0.106421048
103.533333333 -0.601897056 -0.279081461 0.136955932 0.080513190 -0.046018209 -0.989813255 0.108026250
103.566666666 -0.608750178 -0.282579944 0.138025012 0.082010406 -0.046071867 -0.989506975 0.109670516
103.600000000 -0.616137286 -0.286792681 0.138549153 0.083410493 -0.046134385 -0.989205366 0.111297133
103.633333333 -0.623397319 -0.291807973 0.139263899 0.084850175 -0.046264721 -0.988891717 0.112930050
103.666666666 -0.630381471 -0.295797674 0.139829978 0.086305049 -0.046160518 -0.988584266 0.114550404
103.700000000 -0.634553188 -0.299531945 0.140392913 0.087748941 -0.046290667 -0.988281227 0.116006523
103.733333333 -0.640151502 -0.303717362 0.140755125 0.089081045 -0.046346064 -0.987956452 0.117722803
103.766666666 -0.646371978 -0.308056018 0.141155773 0.090262433 -0.046339191 -0.987649902 0.119386111
103.800000000 -0.652435665 -0.312063529 0.141440134 0.091400291 -0.046331709 -0.987352817 0.120970135
103.833333333 -0.657511018 -0.316981272 0.141987867 0.092549660 -0.046268658 -0.987047671 0.122599620
103.866666666 -0.661123439 -0.320572302 0.142439714 0.093666174 -0.046086523 -0.986732569 0.124344351
103.900000000 -0.664754158 -0.323628691 0.142851233 0.094897953 -0.045696744 -0.986416780 0.126048092
103.933333333 -0.667905231 -0.325808685 0.142368458 0.095860061 -0.045348131 -0.986124033 0.127725438
103.966666666 -0.669723589 -0.327700980 0.142472150 0.096882960 -0.044935292 -0.985837304 0.129303213
104.000000000 -0.672070183 -0.329931705 0.142162343 0.097884874 -0.044526634 -0.985549894 0.130871452
104.033333333 -0.674390615 -0.332773699 0.141705616 0.098792819 -0.044140482 -0.985269739 0.132420311
104.066666666 -0.676978112 -0.336223604 0.141220518 0.099662480 -0.043710463 -0.984989299 0.133988309
104.099999999 -0.679515534 -0.339108583 0.141025440 0.100609435 -0.043142080 -0.984702771 0.135561632
104.133333333 -0.681525650 -0.342043550 0.140272032 0.101295245 -0.042525135 -0.984432468 0.137199135
104.166666666 -0.683132353 -0.345422424 0.139543857 0.102034782 -0.041955149 -0.984168439 0.138712478
104.200000000 -0.684800800 -0.348713700 0.138673324 0.102730879 -0.041385790 -0.983915801 0.140154486
104.233333333 -0.687294803 -0.351906391 0.137560415 0.103270896 -0.040749259 -0.983673070 0.141640079
104.266666666 -0.688666231 -0.355133995 0.136536961 0.103834040 -0.040125279 -0.983445899 0.142977681
104.300000000 -0.690244288 -0.358238531 0.135522107 0.104337626 -0.039432668 -0.983225478 0.144313494
104.333333333 -0.691996137 -0.362332187 0.134277960 0.104839389 -0.038860337 -0.982986185 0.145728296
104.366666666 -0.693639752 -0.365009264 0.132806201 0.105244688 -0.038081573 -0.982772916 0.147073946
104.400000000 -0.695054095 -0.366926604 0.130730789 0.105761814 -0.037217034 -0.982544802 0.148442050
104.433333333 -0.696703311 -0.369184745 0.128840561 0.106113263 -0.036358856 -0.982329048 0.149825397
104.466666666 -0.697752655 -0.371149255 0.126736729 0.106508118 -0.035421877 -0.982114009 0.151173362
104.500000000 -0.698936818 -0.373186426 0.124644011 0.106783187 -0.034484215 -0.981912244 0.152500931
104.533333333 -0.699752486 -0.374591350 0.122216621 0.107099745 -0.033656984 -0.981716243 0.153720755
104.566666666 -0.700393398 -0.377403269 0.120207689 0.107236187 -0.032823913 -0.981530020 0.154989711
104.600000000 -0.700414512 -0.379773580 0.118177976 0.107326592 -0.031936552 -0.981362524 0.156168676
104.633333333 -0.700152311 -0.382411724 0.116475844 0.107396161 -0.031128631 -0.981203061 0.157281992
104.666666666 -0.699511138 -0.384346696 0.114432991 0.107417218 -0.030207527 -0.981058050 0.158348187
104.700000000 -0.697597453 -0.386441029 0.112207609 0.107298549 -0.029209698 -0.980929292 0.159409970
104.733333333 -0.695512336 -0.387988787 0.110075789 0.107227596 -0.028246592 -0.980809261 0.160366976
104.766666666 -0.692969513 -0.389406863 0.107850995 0.107052677 -0.027226494 -0.980710253 0.161263270
104.800000000 -0.690037030 -0.390612556 0.105495604 0.106819665 -0.026168293 -0.980621393 0.162131006
104.833333333 -0.686472230 -0.392539567 0.103170189 0.106505722 -0.025146566 -0.980539875 0.162989983
104.866666666 -0.683691291 -0.394296484 0.101068046 0.106224011 -0.024147426 -0.980446884 0.163881875
104.900000000 -0.680091714 -0.395699920 0.098618908 0.105865404 -0.023046704 -0.980374271 0.164704748
104.933333333 -0.675658399 -0.397647445 0.096287094 0.105440294 -0.022031601 -0.980307944 0.165509178
104.966666666 -0.671004946 -0.398773838 0.094013534 0.105068832 -0.020984138 -0.980250048 0.166222892
105.000000000 -0.666165958 -0.399177465 0.091296402 0.104692195 -0.019850116 -0.980190364 0.166950192
105.033333333 -0.662225010 -0.399875393 0.088619653 0.104203061 -0.018681365 -0.980132905 0.167726612
105.066666666 -0.657588911 -0.400166712 0.085924470 0.103699017 -0.017486927 -0.980090002 0.168417069
105.100000000 -0.652943484 -0.400686714 0.083316465 0.103115166 -0.016342107 -0.980056624 0.169083446
105.133333333 -0.648334972 -0.400397528 0.080518753 0.102550373 -0.015074828 -0.980035072 0.169668583
105.166666666 -0.643888117 -0.400138636 0.077717969 0.101942575 -0.013824562 -0.980022483 0.170213175
105.200000000 -0.639474780 -0.399861116 0.074883142 0.101251156 -0.012528388 -0.980012697 0.170781605
105.233333333 -0.633906111 -0.399886132 0.071947990 0.100459385 -0.011212129 -0.980025871 0.171264393
105.266666666 -0.628579005 -0.399699595 0.069191623 0.099669913 -0.009919831 -0.980036868 0.171741788
105.300000000 -0.622920082 -0.399326794 0.066262417 0.098824765 -0.008595645 -0.980060833 0.172164294
105.333333333 -0.617838082 -0.399036084 0.063157507 0.097887206 -0.007229912 -0.980106346 0.172503254
105.366666666 -0.612802849 -0.398531371 0.059942402 0.096876808 -0.005825375 -0.980157199 0.172837538
105.400000000 -0.606354574 -0.398438021 0.057048418 0.095841766 -0.004531206 -0.980218989 0.173102738
105.433333333 -0.599586333 -0.397933199 0.053911988 0.094790498 -0.003184683 -0.980296949 0.173270053
105.466666666 -0.592994979 -0.397395707 0.051080324 0.093731283 -0.001900327 -0.980375990 0.173417859
105.500000000 -0.585772802 -0.397030544 0.048063971 0.092575097 -0.000589255 -0.980469021 0.173522341
105.533333333 -0.579583765 -0.396594778 0.045034913 0.091352313 0.000782120 -0.980570818 0.173594394
105.566666666 -0.572372787 -0.395956998 0.041877457 0.090104351 0.002146046 -0.980668517 0.173683217
105.600000000 -0.565916747 -0.394675934 0.038766832 0.088839996 0.003477942 -0.980768546 0.173748146
105.633333333 -0.559146761 -0.393757034 0.035666691 0.087497881 0.004790303 -0.980887830 0.173724605
105.666666666 -0.552068975 -0.393294380 0.032533001 0.086083559 0.006102663 -0.981018510 0.173652130
105.700000000 -0.545140450 -0.392678807 0.029445763 0.084651120 0.007404458 -0.981156506 0.173525999
105.733333333 -0.537435991 -0.392142621 0.026186074 0.083193581 0.008736716 -0.981301138 0.173351016
105.766666666 -0.528944992 -0.392289636 0.022978259 0.081607746 0.010092007 -0.981461317 0.173124263
105.800000000 -0.521295136 -0.391733872 0.019922946 0.080113407 0.011434048 -0.981616221 0.172860344
105.833333333 -0.513454640 -0.390805507 0.016867958 0.078556284 0.012776137 -0.981768375 0.172616737
105.866666666 -0.505366031 -0.389822431 0.013808333 0.076962398 0.014127107 -0.981926113 0.172332011
105.900000000 -0.497501186 -0.388618437 0.010805467 0.075367720 0.015466167 -0.982086800 0.172005874
105.933333333 -0.489223246 -0.387535484 0.007785903 0.073741003 0.016800953 -0.982249352 0.171657227
105.966666666 -0.481442165 -0.385956752 0.004830239 0.072083743 0.018154978 -0.982412723 0.171287981
106.000000000 -0.473131392 -0.384462149 0.001692752 0.070354899 0.019561144 -0.982589584 0.170836938
106.033333333 -0.465317458 -0.383343024 -0.001096163 0.068594733 0.020899023 -0.982770945 0.170350411
106.066666666 -0.457482561 -0.382043835 -0.003931292 0.066779599 0.022312094 -0.982950068 0.169858236
106.100000000 -0.449419300 -0.380817617 -0.006740377 0.064918461 0.023718964 -0.983132412 0.169333000
106.133333333 -0.440094548 -0.380531521 -0.009696913 0.063000009 0.025078129 -0.983333408 0.168693494
106.166666666 -0.431648482 -0.379470584 -0.012423477 0.061127239 0.026440153 -0.983526811 0.168045799
106.200000000 -0.423203296 -0.378167700 -0.014838248 0.059245969 0.027755457 -0.983718215 0.167385850
106.233333333 -0.413989756 -0.376973929 -0.017260985 0.057318608 0.029128400 -0.983915348 0.166663438
106.266666666 -0.404682623 -0.375717389 -0.019513680 0.055407404 0.030375856 -0.984127753 0.165830918
106.300000000 -0.395407926 -0.374281503 -0.021712363 0.053462171 0.031720017 -0.984329367 0.165019193
106.333333333 -0.381365645 -0.375429223 -0.024447888 0.051402955 0.033007566 -0.984580214 0.163920832
106.366666666 -0.372459955 -0.373933846 -0.026273305 0.049537295 0.034120057 -0.984783163 0.163046006
106.400000000 -0.362685284 -0.372260712 -0.028172583 0.047529825 0.035351865 -0.985005602 0.162034333
106.433333333 -0.352593049 -0.370691612 -0.030119212 0.045527514 0.036483478 -0.985235828 0.160955165
106.466666666 -0.341581955 -0.369432031 -0.031992961 0.043512524 0.037789343 -0.985468071 0.159785192
106.500000000 -0.330922127 -0.367976171 -0.033685222 0.041509243 0.038966860 -0.985697969 0.158612989
106.533333333 -0.319975545 -0.366391199 -0.035441364 0.039467334 0.040074550 -0.985926841 0.157431329
106.566666666 -0.308654653 -0.364763720 -0.037183618 0.037481128 0.041158547 -0.986149849 0.156235766
106.600000000 -0.297955624 -0.362900727 -0.038842385 0.035475034 0.042111916 -0.986376656 0.155013551
106.633333333 -0.287338651 -0.360995479 -0.040434794 0.033477815 0.043138847 -0.986599391 0.153752780
106.666666666 -0.276071519 -0.359351143 -0.042063925 0.031452712 0.044194709 -0.986828861 0.152401945
106.700000000 -0.264805916 -0.357673120 -0.043609424 0.029445326 0.045222450 -0.987058078 0.151010775
106.733333333 -0.253437697 -0.355833110 -0.045241885 0.027432218 0.046166141 -0.987289082 0.149587530
106.766666666 -0.241493256 -0.354187264 -0.046841459 0.025422776 0.047145613 -0.987519306 0.148110077
106.800000000 -0.230489064 -0.352249731 -0.048157857 0.023406699 0.048089628 -0.987743659 0.146635530
106.833333333 -0.219387195 -0.350101820 -0.049524284 0.021398865 0.048954042 -0.987972363 0.145107544
106.866666666 -0.208079779 -0.348130437 -0.050910898 0.019351801 0.049817712 -0.988203044 0.143521593
106.900000000 -0.196908979 -0.346025394 -0.051951333 0.017320185 0.050703624 -0.988428534 0.141909078
106.933333333 -0.184694300 -0.343743177 -0.053086817 0.015304812 0.051540155 -0.988656881 0.140238890
106.966666666 -0.173414811 -0.341311888 -0.054152932 0.013313341 0.052300293 -0.988880091 0.138577050
107.000000000 -0.161039355 -0.338740352 -0.055481009 0.011393852 0.052992729 -0.989108919 0.136841140
107.033333333 -0.150180180 -0.336240040 -0.056211417 0.009306738 0.053732169 -0.989329821 0.135102715
107.066666666 -0.139709511 -0.333412541 -0.057268553 0.007396868 0.054322756 -0.989549560 0.133364135
107.100000000 -0.127638145 -0.330565949 -0.058912812 0.005485539 0.054774557 -0.989783454 0.131523272
107.133333333 -0.117437080 -0.327801956 -0.059829414 0.003479694 0.055320750 -0.990001034 0.129712990
107.166666666 -0.106680319 -0.324524401 -0.061077563 0.001586478 0.055727203 -0.990222928 0.127869135
107.200000000 -0.096081265 -0.321314233 -0.062267025 -0.000322913 0.056134731 -0.990439690 0.126007967
107.233333333 -0.085418597 -0.318175557 -0.063302952 -0.002209057 0.056566923 -0.990653081 0.124103893
107.266666666 -0.074661497 -0.314909187 -0.064332392 -0.004082767 0.056994128 -0.990863616 0.122165031
107.300000000 -0.064133304 -0.311554063 -0.065162911 -0.005944773 0.057405054 -0.991070653 0.120201001
107.333333333 -0.053053560 -0.307530077 -0.066636145 -0.007490507 0.057727130 -0.991271915 0.118285512
107.366666666 -0.042014119 -0.304116680 -0.067640908 -0.009265978 0.058103160 -0.991477512 0.116234713
107.400000000 -0.030712769 -0.300558112 -0.068800919 -0.011007072 0.058445639 -0.991677761 0.114184806
107.433333333 -0.019811151 -0.297181296 -0.069635163 -0.012726700 0.058828897 -0.991872786 0.112096248
107.466666666 -0.008236252 -0.293608293 -0.070730873 -0.014416951 0.059193042 -0.992065443 0.109974965
107.500000000 0.002339504 -0.289862026 -0.072054575 -0.016023323 0.059413685 -0.992256962 0.107885998
107.533333333 0.015791079 -0.285730686 -0.074094895 -0.017519281 0.059653186 -0.992454727 0.105679644
107.566666666 0.027011468 -0.281945689 -0.075537878 -0.019096962 0.059864469 -0.992641206 0.103513219
107.600000000 0.037434311 -0.278078877 -0.076402773 -0.020695340 0.060095026 -0.992818662 0.101347888
107.633333333 0.047983666 -0.273885064 -0.077488224 -0.022214902 0.060275705 -0.993000067 0.099117123
107.666666666 0.057727623 -0.269824441 -0.078540596 -0.023744834 0.060418658 -0.993174256 0.096905443
107.700000000 0.072197647 -0.265895681 -0.080355818 -0.025421246 0.060559790 -0.993367090 0.094382716
107.733333333 0.082439808 -0.262290281 -0.080784343 -0.027085378 0.060704265 -0.993531503 0.092068059
107.766666666 0.092892566 -0.258475669 -0.081427296 -0.028712468 0.060786169 -0.993698273 0.089690454
107.800000000 0.103207543 -0.254573516 -0.082147323 -0.030246180 0.060885273 -0.993858805 0.087308805
107.833333333 0.113402731 -0.250809745 -0.082467513 -0.031883893 0.060963137 -0.994012287 0.084891027
107.866666666 0.123045824 -0.247175444 -0.082465808 -0.033544602 0.061041118 -0.994156060 0.082477088
107.900000000 0.135650878 -0.243396738 -0.082736729 -0.035222774 0.061176871 -0.994297392 0.079933988
107.933333333 0.148292350 -0.239508396 -0.083296894 -0.036867851 0.061240021 -0.994430814 0.077445314
107.966666666 0.158915240 -0.235751063 -0.083222374 -0.038490774 0.061280408 -0.994554461 0.074997309
108.000000000 0.169647858 -0.231636123 -0.083444117 -0.040001378 0.061294422 -0.994678832 0.072504520
108.033333333 0.179563135 -0.227536122 -0.083715429 -0.041440346 0.061267028 -0.994799128 0.070026732
108.066666666 0.189084673 -0.223664797 -0.083403533 -0.042917805 0.061255476 -0.994909460 0.067535142
108.100000000 0.199160010 -0.219616539 -0.083369285 -0.044402404 0.061162775 -0.995019452 0.064991017
108.133333333 0.209340794 -0.215434345 -0.083506274 -0.045880014 0.060992194 -0.995128555 0.062403011
108.166666666 0.218173796 -0.211661617 -0.083010496 -0.047387264 0.060808128 -0.995226875 0.059835491
108.199999999 0.226572376 -0.207828630 -0.082533115 -0.048825566 0.060584432 -0.995321746 0.057273142
108.233333333 0.235708824 -0.203916706 -0.081913604 -0.050299356 0.060359945 -0.995408277 0.054671882
108.266666666 0.243544375 -0.200317429 -0.080995442 -0.051768255 0.060061759 -0.995490462 0.052070853
108.300000000 0.254945227 -0.196354069 -0.080653096 -0.053296699 0.059761335 -0.995568192 0.049315511
108.333333333 0.267078571 -0.192423176 -0.079959854 -0.054804888 0.059542607 -0.995627344 0.046661475
108.366666666 0.275687060 -0.188687909 -0.078989726 -0.056197033 0.059194416 -0.995690384 0.044029233
108.400000000 0.283906889 -0.185121383 -0.077633421 -0.057561532 0.058847213 -0.995746038 0.041394491
108.433333333 0.291725224 -0.181502800 -0.076439896 -0.058847024 0.058462615 -0.995799499 0.038762205
108.466666666 0.300396199 -0.177579803 -0.075334367 -0.060082493 0.058085256 -0.995847453 0.036111591
108.500000000 0.309360301 -0.173837932 -0.073895777 -0.061419007 0.057665709 -0.995883405 0.033445716
108.533333333 0.317390684 -0.170154597 -0.072511203 -0.062723542 0.057150106 -0.995917529 0.030787951
108.566666666 0.325820937 -0.166158346 -0.071208630 -0.064013420 0.056607760 -0.995945077 0.028129114
108.600000000 0.333625510 -0.162380726 -0.069508307 -0.065376568 0.055946148 -0.995965495 0.025468898
108.633333333 0.340903397 -0.158692946 -0.067771345 -0.066642133 0.055296567 -0.995982022 0.022823831
108.666666666 0.349383570 -0.154186791 -0.066691108 -0.067839359 0.054653054 -0.995994046 0.020167442
108.700000000 0.356384842 -0.150146456 -0.065110782 -0.069022232 0.053951946 -0.996001262 0.017510130
108.733333333 0.364659127 -0.145920679 -0.063300494 -0.070261394 0.053261300 -0.995995198 0.014836974
108.766666666 0.370851810 -0.142030927 -0.061213294 -0.071459867 0.052498049 -0.995986477 0.012181108
108.800000000 0.377302680 -0.138009410 -0.059403223 -0.072590518 0.051732507 -0.995973663 0.009530334
108.833333333 0.383523707 -0.133958178 -0.057419023 -0.073763592 0.050866166 -0.995954179 0.006843889
108.866666666 0.389634545 -0.130032821 -0.055082272 -0.074871259 0.050099127 -0.995924992 0.004216836
108.900000000 0.394470348 -0.126281748 -0.052412960 -0.075939221 0.049330538 -0.995890081 0.001636840
108.933333333 0.399563742 -0.122287872 -0.050354931 0.076934434 -0.048468806 0.995856848 0.001002565
108.966666666 0.404228299 -0.118343157 -0.048155391 0.077890832 -0.047617881 0.995817537 0.003603933
109.000000000 0.407907758 -0.114540530 -0.045770579 0.078847451 -0.046709641 0.995772566 0.006187520
109.033333333 0.411186061 -0.110926678 -0.043523631 0.079762454 -0.045723790 0.995725819 0.008796569
109.066666666 0.419312750 -0.106098874 -0.041364384 0.080801785 -0.044783979 0.995657900 0.011437391
109.100000000 0.423516120 -0.102146225 -0.039222856 0.081688821 -0.043775029 0.995597060 0.014041983
109.133333333 0.426985007 -0.098504760 -0.037514197 0.082476219 -0.042765654 0.995536630 0.016600901
109.166666666 0.430638841 -0.094981475 -0.035338134 0.083292666 -0.041724749 0.995466449 0.019181406
109.200000000 0.434488383 -0.091085701 -0.033822596 0.084030654 -0.040665137 0.995395197 0.021762288
109.233333333 0.437384650 -0.087481047 -0.032011693 0.084758608 -0.039572046 0.995318673 0.024305777
109.266666666 0.440727356 -0.083911594 -0.029750582 0.085492739 -0.038507403 0.995232538 0.026839652
109.300000000 0.443854499 -0.080167075 -0.027504459 0.086208172 -0.037410363 0.995141293 0.029367051
109.333333333 0.446668841 -0.076422833 -0.025367687 0.086887637 -0.036278578 0.995046717 0.031881569
109.366666666 0.447526640 -0.073498052 -0.022924585 0.087497205 -0.035149238 0.994951061 0.034367968
109.400000000 0.449102135 -0.070164625 -0.020410367 0.088135247 -0.033965686 0.994846837 0.036854860
109.433333333 0.449480141 -0.067166884 -0.018015171 0.088695762 -0.032791308 0.994743363 0.039286561
109.466666666 0.450989309 -0.063859661 -0.014916266 0.089330597 -0.031595183 0.994626440 0.041713715
109.500000000 0.452955064 -0.060255785 -0.012101607 0.089920948 -0.030380934 0.994505875 0.044150716
109.533333333 0.452884305 -0.057425394 -0.009413382 0.090419395 -0.029136960 0.994388143 0.046557404
109.566666666 0.452871523 -0.054399391 -0.006882205 0.090886211 -0.027868389 0.994265611 0.048979024
109.600000000 0.452361921 -0.051514603 -0.004390665 0.091308974 -0.026602435 0.994140948 0.051368830
109.633333333 0.451749902 -0.048653781 -0.001945088 0.091693458 -0.025339645 0.994013114 0.053741430
109.666666666 0.451250004 -0.045660434 0.000649008 0.092072744 -0.024062270 0.993879337 0.056102413
109.700000000 0.449976077 -0.043194563 0.003354378 0.092403014 -0.022778220 0.993741842 0.058480650
109.733333333 0.448545668 -0.040428001 0.005996924 0.092720007 -0.021463641 0.993600996 0.060822480
109.766666666 0.446251125 -0.038266333 0.008929113 0.093016466 -0.020129620 0.993457564 0.063125298
109.800000000 0.443891622 -0.036438493 0.011993198 0.093275170 -0.018813292 0.993309686 0.065434481
109.833333333 0.442020592 -0.034372369 0.015143329 0.093513778 -0.017514932 0.993156277 0.067742230
109.866666666 0.440430154 -0.032205649 0.018681354 0.093749811 -0.016227640 0.992996946 0.070033578
109.900000000 0.438864779 -0.029955004 0.022445227 0.093971222 -0.014942537 0.992832775 0.072313279
109.933333333 0.436704695 -0.028008066 0.026282641 0.094151920 -0.013640146 0.992667851 0.074564738
109.966666666 0.433738959 -0.026231866 0.029904420 0.094287411 -0.012304836 0.992501002 0.076813001
110.000000000 0.431587700 -0.023981941 0.034024190 0.094434612 -0.010973097 0.992326732 0.079052850
110.033333333 0.428121932 -0.022247963 0.037435325 0.094487827 -0.009624829 0.992155070 0.081287948
110.066666666 0.424776540 -0.020420983 0.040989405 0.094518981 -0.008289238 0.991979557 0.083510528
110.100000000 0.421365176 -0.018711125 0.044638239 0.094511143 -0.006986101 0.991802427 0.085713378
110.133333333 0.417385904 -0.017259514 0.047736795 0.094431409 -0.005685846 0.991626709 0.087902505
110.166666666 0.413371172 -0.015833776 0.049197058 0.094220569 -0.004428546 0.991450526 0.090159457
110.200000000 0.407737684 -0.015170978 0.051343654 0.094016331 -0.003126311 0.991279284 0.092285080
110.233333333 0.403023697 -0.014109857 0.053285059 0.093774833 -0.001868208 0.991099872 0.094466045
110.266666666 0.397578046 -0.013416987 0.055234219 0.093506121 -0.000604448 0.990922447 0.096586462
110.300000000 0.391765186 -0.012864812 0.057155494 0.093206035 0.000670317 0.990742435 0.098699610
110.333333333 0.385685697 -0.012080781 0.059198488 0.092895931 0.001979453 0.990560735 0.100776276
110.366666666 0.379565377 -0.011586755 0.061418863 0.092554669 0.003250375 0.990376323 0.102848467
110.400000000 0.372702856 -0.011258424 0.063687308 0.092188572 0.004552676 0.990192623 0.104876637
110.433333333 0.366062348 -0.010258626 0.065907166 0.091804291 0.005879934 0.990003933 0.106909361
110.466666666 0.360066024 -0.007743062 0.066806317 0.091364715 0.007251277 0.989808790 0.108988382
110.500000000 0.353388589 -0.006997624 0.068325292 0.090882431 0.008501629 0.989619531 0.111001304
110.533333333 0.346884693 -0.005839596 0.070026726 0.090388600 0.009757766 0.989425863 0.113009503
110.566666666 0.340282882 -0.004983532 0.071124227 0.089834480 0.010970518 0.989233474 0.115006731
110.600000000 0.333124633 -0.004386405 0.071754143 0.089224448 0.012179977 0.989040810 0.116999663
110.633333333 0.325952498 -0.003497188 0.072226788 0.088585892 0.013393419 0.988845218 0.118988619
110.666666666 0.317073646 -0.003558761 0.073132025 0.087925733 0.014624384 0.988660169 0.120856377
110.700000000 0.307595023 -0.004817246 0.074218417 0.087220461 0.015801115 0.988478209 0.122693707
110.733333333 0.298202400 -0.005959995 0.075390407 0.086493492 0.016961097 0.988294450 0.124520186
110.766666666 0.289505231 -0.002998853 0.079834408 0.085911724 0.018304768 0.988080070 0.126419482
110.800000000 0.279534714 -0.004335239 0.080508865 0.085097141 0.019431488 0.987897056 0.128219737
110.833333333 0.269304656 -0.005813310 0.081005979 0.084248034 0.020542316 0.987714926 0.129998105
110.866666666 0.258797344 -0.007597634 0.081673811 0.083374952 0.021635063 0.987536076 0.131730935
110.900000000 0.251047505 -0.007599270 0.083259686 0.082537532 0.022669721 0.987336250 0.133569342
110.933333333 0.240344123 -0.009467950 0.083644198 0.081599105 0.023722272 0.987159173 0.135261254
110.966666666 0.228317467 -0.008526713 0.084950375 0.080694163 0.024936221 0.986979273 0.136888826
111.000000000 0.216728386 -0.009965091 0.085333582 0.079693173 0.025997831 0.986802875 0.138539516
111.033333333 0.205159804 -0.011180280 0.085623039 0.078666568 0.027037179 0.986626433 0.140174331
111.066666666 0.193771551 -0.012753815 0.085078621 0.077581163 0.028019686 0.986448683 0.141827560
111.100000000 0.183424012 -0.013901533 0.084445947 0.076479068 0.028951282 0.986267408 0.143489981
111.133333333 0.172005881 -0.015772601 0.084413227 0.075363963 0.029878485 0.986096502 0.145055984
111.166666666 0.160314626 -0.012743064 0.084874304 0.074268655 0.030954384 0.985905119 0.146687044
111.200000000 0.148861878 -0.013442283 0.084427925 0.073091642 0.031859599 0.985730992 0.148246383
111.233333333 0.135614439 -0.011676816 0.083978095 0.071891536 0.032870310 0.985550444 0.149804777
111.266666666 0.121745466 -0.004559830 0.091099955 0.070897597 0.034061802 0.985344908 0.151356323
111.300000000 0.109563891 -0.004754219 0.090576653 0.069626960 0.034902917 0.985178642 0.152829699
111.333333333 0.096641020 -0.005785092 0.089578336 0.068303097 0.035708236 0.985017483 0.154273027
111.366666666 0.083974105 -0.005592552 0.088763158 0.066970005 0.036509531 0.984850312 0.155730332
111.400000000 0.073592714 0.009649890 0.095144315 0.065927582 0.037641582 0.984627064 0.157309284
111.433333333 0.061007480 0.008466371 0.093969446 0.064508369 0.038332856 0.984472127 0.158694338
111.466666666 0.047974154 0.007443466 0.092857895 0.063074464 0.039008443 0.984322782 0.160026915
111.500000000 0.034495094 0.005070208 0.091520088 0.061595087 0.039632350 0.984180411 0.161320303
111.533333333 0.020535292 0.002281094 0.090390942 0.060092497 0.040232376 0.984046543 0.162550447
111.566666666 0.007418002 0.002370303 0.090488986 0.058610748 0.040846215 0.983897881 0.163833228
111.600000000 -0.007102799 0.002236443 0.091758455 0.057122831 0.041466997 0.983762531 0.165011371
111.633333333 -0.021625102 0.000095275 0.090733788 0.055541378 0.041996973 0.983635867 0.166168262
111.666666666 -0.036423347 -0.002051549 0.089894857 0.053940951 0.042501212 0.983514223 0.167283573
111.700000000 -0.050544077 -0.003649051 0.087804400 0.052296571 0.042957433 0.983388551 0.168424124
111.733333333 -0.059656314 0.002766652 0.088427419 0.050774728 0.043437601 0.983224042 0.169722082
111.766666666 -0.075072185 0.007770537 0.093083709 0.049250218 0.044013914 0.983088685 0.170803478
111.800000000 -0.089374539 0.008178845 0.092073923 0.047563866 0.044412684 0.982974126 0.171834397
111.833333333 -0.103521665 0.005858612 0.090427386 0.045834526 0.044721613 0.982874301 0.172792600
111.866666666 -0.117293819 0.003702065 0.088563154 0.044083149 0.044991647 0.982777496 0.173726282
111.900000000 -0.132962890 0.012327279 0.095402003 0.042525961 0.045493895 0.982678041 0.174544311
111.933333333 -0.147592603 0.012763519 0.094408534 0.040721224 0.045752521 0.982581970 0.175445608
111.966666666 -0.163173747 0.022459083 0.099773846 0.039078205 0.046171119 0.982461241 0.176383196
112.000000000 -0.178209176 0.022711615 0.098664301 0.037245081 0.046355769 0.982377859 0.177193932
112.033333333 -0.193453228 0.028029598 0.101832281 0.035493405 0.046605264 0.982283886 0.178007120
112.066666666 -0.203585927 0.033424640 0.103388848 0.033730765 0.046724056 0.982187686 0.178847551
112.100000000 -0.218528074 0.039575446 0.107059882 0.031953792 0.046910542 0.982113794 0.179529530
112.133333333 -0.232747055 0.042917932 0.107359952 0.030077684 0.046982319 0.982043222 0.180219601
112.166666666 -0.247547921 0.058443810 0.115290211 0.028365386 0.047228057 0.981931718 0.181038714
112.200000000 -0.256469446 0.067177084 0.118791472 0.026573964 0.047238029 0.981850601 0.181746503
112.233333333 -0.269268511 0.069717158 0.118269744 0.024637828 0.047159390 0.981798043 0.182322712
112.266666666 -0.281595583 0.074926748 0.117282453 0.022697546 0.047068376 0.981737235 0.182924549
112.300000000 -0.291473419 0.106957102 0.135265063 0.021187171 0.047337019 0.981644893 0.183530962
112.333333333 -0.303202617 0.113575482 0.135565374 0.019184081 0.047169393 0.981600844 0.184029350
112.366666666 -0.313379302 0.119066755 0.135455959 0.017216556 0.046939165 0.981561930 0.184489791
112.400000000 -0.324814107 0.123425852 0.134178444 0.015204851 0.046672429 0.981530157 0.184902808
112.433333333 -0.333887231 0.128612057 0.134262217 0.013239397 0.046365599 0.981521066 0.185179229
112.466666666 -0.346657015 0.132340666 0.133536558 0.011187739 0.046034933 0.981505904 0.185477167
112.500000000 -0.357551830 0.135373159 0.131818823 0.009140352 0.045640166 0.981497271 0.185732433
112.533333333 -0.369021440 0.143035251 0.132358714 0.007127249 0.045278277 0.981483873 0.185979800
112.566666666 -0.379857488 0.149328098 0.131924989 0.005092452 0.044854806 0.981483667 0.186150274
112.600000000 -0.391451582 0.152460759 0.130362921 0.003012117 0.044366991 0.981494898 0.186253222
112.633333333 -0.402082386 0.157818336 0.129599390 0.000952487 0.043859601 0.981500694 0.186364740
112.666666666 -0.410764470 0.163864557 0.128607481 -0.001094259 0.043303244 0.981513432 0.186426970
112.700000000 -0.422829081 0.173880519 0.132815302 -0.003094795 0.042816002 0.981522813 0.186467637
112.733333333 -0.431386060 0.180112425 0.135017260 -0.005107152 0.042214602 0.981561365 0.186357534
112.766666666 -0.442283645 0.185850883 0.135836503 -0.007175510 0.041583198 0.981598778 0.186234230
112.800000000 -0.454744610 0.193197401 0.138791734 -0.009209353 0.040961276 0.981650710 0.186008721
112.833333333 -0.467581264 0.198471106 0.139562909 -0.011293970 0.040273577 0.981706717 0.185748235
112.866666666 -0.486283820 0.212193796 0.145918924 -0.013315096 0.039704033 0.981752890 0.185492754
112.900000000 -0.498250864 0.217355806 0.146086566 -0.015391067 0.038937281 0.981824482 0.185115341
112.933333333 -0.510696810 0.223217659 0.147918146 -0.017449850 0.038156027 0.981903079 0.184678003
112.966666666 -0.523252505 0.228266507 0.148790902 -0.019524762 0.037328585 0.981986165 0.184196992
113.000000000 -0.535194403 0.232100676 0.149292152 -0.021598066 0.036454906 0.982072544 0.183679289
113.033333333 -0.548045302 0.237205832 0.150144175 -0.023657673 0.035572565 0.982162219 0.183118223
113.066666666 -0.560884628 0.242061901 0.151412012 -0.025711114 0.034657952 0.982251242 0.182538388
113.100000000 -0.574043775 0.248125614 0.152695265 -0.027742204 0.033730059 0.982353748 0.181861943
113.133333333 -0.591774878 0.258478980 0.155479210 -0.029773609 0.032831720 0.982459134 0.181134370
113.166666666 -0.604703383 0.262812708 0.155323929 -0.031831290 0.031810312 0.982556369 0.180437952
113.200000000 -0.615594769 0.265896445 0.155485639 -0.033840665 0.030753078 0.982668405 0.179643712
113.233333333 -0.628476773 0.270550462 0.155630670 -0.035859784 0.029687366 0.982769263 0.178877924
113.266666666 -0.645303381 0.275099700 0.158748104 -0.037831764 0.028644039 0.982901517 0.177912574
113.300000000 -0.658821523 0.279011733 0.159373313 -0.039821256 0.027527273 0.983019454 0.177000763
113.333333333 -0.671642010 0.281403052 0.159845413 -0.041787709 0.026375504 0.983144266 0.176026908
113.366666666 -0.685311200 0.284423005 0.161650829 -0.043723782 0.025213606 0.983275817 0.174989063
113.400000000 -0.699007322 0.286958390 0.163243819 -0.045648485 0.024025714 0.983409963 0.173907520
113.433333333 -0.711444240 0.290216811 0.163836877 -0.047553293 0.022809306 0.983542520 0.172807790
113.466666666 -0.724704292 0.293716549 0.163700026 -0.049454774 0.021570462 0.983673308 0.171685074
113.500000000 -0.737871029 0.297772081 0.164462627 -0.051318754 0.020318344 0.983809056 0.170508919
113.533333333 -0.751342238 0.300294079 0.164434118 -0.053186116 0.019035868 0.983938012 0.169336531
113.566666666 -0.763468859 0.303200793 0.163816252 -0.055008529 0.017734302 0.984073414 0.168104346
113.600000000 -0.777344790 0.306449128 0.165072030 -0.056804070 0.016425415 0.984218413 0.166786148
113.633333333 -0.799421562 0.312743555 0.166084380 -0.058630067 0.015162620 0.984338764 0.165559079
113.666666666 -0.813116703 0.314955715 0.166361889 -0.060371847 0.013824623 0.984477899 0.164217498
113.700000000 -0.826403052 0.316762230 0.166210428 -0.062101399 0.012454001 0.984623937 0.162800542
113.733333333 -0.839095756 0.317598779 0.164868086 -0.063817293 0.011055956 0.984766273 0.161370710
113.766666666 -0.851033363 0.318347967 0.163193117 -0.065491676 0.009639416 0.984920273 0.159843605
113.800000000 -0.861841441 0.318511583 0.161132834 -0.067154380 0.008196248 0.985061367 0.158357865
113.833333333 -0.880845736 0.322929617 0.160499275 -0.068783151 0.006805700 0.985222292 0.156715013
113.866666666 -0.890563517 0.322344944 0.157982309 -0.070390637 0.005326991 0.985362071 0.155172069
113.900000000 -0.901167539 0.322624292 0.155822255 -0.071940401 0.003864264 0.985509120 0.153562435
113.933333333 -0.910190490 0.322193268 0.153076756 -0.073461281 0.002378624 0.985658532 0.151904710
113.966666666 -0.918215422 0.321208651 0.150725005 -0.074942571 0.000882291 0.985807162 0.150223408
114.000000000 -0.926252905 0.319479521 0.148045673 -0.076390111 -0.000625572 0.985960786 0.148477234
114.033333333 -0.934943248 0.318161705 0.145018185 -0.077814141 -0.002133260 0.986102911 0.146770081
114.066666666 -0.944109717 0.317328953 0.142594398 -0.079193740 -0.003632708 0.986247896 0.145018079
114.100000000 -0.952731281 0.316183669 0.140138643 -0.080533854 -0.005136395 0.986395621 0.143218692
114.133333333 -0.963204183 0.315684869 0.138165784 -0.081843927 -0.006633458 0.986540489 0.141405209
114.166666666 -0.977906766 0.317123844 0.136836693 -0.083133855 -0.008105366 0.986676904 0.139612868
114.200000000 -0.986684384 0.315808779 0.135038209 -0.084343362 -0.009604932 0.986832332 0.137680395
114.233333333 -0.996169588 0.315023104 0.132728049 -0.085536596 -0.011109866 0.986980111 0.135758321
114.266666666 -1.005083900 0.313802143 0.130548188 -0.086684756 -0.012614015 0.987129823 0.133795938
114.300000000 -1.015410400 0.313513485 0.129469305 -0.087786712 -0.014105761 0.987286144 0.131759591
114.333333333 -1.024335014 0.312474643 0.127494417 -0.088868196 -0.015607759 0.987426623 0.129797939
114.366666666 -1.032085391 0.310900155 0.124507418 -0.089904464 -0.017103185 0.987565781 0.127822131
114.400000000 -1.038936096 0.309123008 0.122780288 -0.090878874 -0.018588507 0.987709292 0.125800841
114.433333333 -1.045941325 0.307381932 0.120548881 -0.091820351 -0.020069363 0.987853101 0.123743662
114.466666666 -1.051725710 0.304986032 0.118224711 -0.092710454 -0.021543241 0.987997574 0.121661228
114.500000000 -1.057727773 0.302795682 0.116103808 -0.093557874 -0.022999793 0.988141018 0.119562799
114.533333333 -1.063968019 0.300659825 0.113844621 -0.094366690 -0.024442163 0.988280996 0.117465662
114.566666666 -1.070704513 0.298701580 0.111666117 -0.095135962 -0.025875327 0.988421225 0.115339056
114.600000000 -1.080008427 0.297418841 0.109185594 -0.095876794 -0.027298573 0.988562567 0.113165714
114.633333333 -1.086700033 0.295346856 0.107269394 -0.096552451 -0.028706255 0.988707073 0.110959000
114.666666666 -1.092068522 0.292643033 0.104697861 -0.097186015 -0.030105275 0.988847455 0.108762406
114.700000000 -1.100481018 0.290959311 0.102830888 -0.097804877 -0.031483911 0.988976912 0.106619117
114.733333333 -1.105085319 0.288037180 0.100925459 -0.098342124 -0.032839697 0.989116779 0.104395301
114.766666666 -1.110513422 0.285549013 0.099329303 -0.098832742 -0.034179962 0.989261415 0.102106183
114.800000000 -1.113590643 0.282298944 0.097563635 -0.099265026 -0.035505762 0.989408471 0.099783135
114.833333333 -1.117908067 0.279518107 0.096369811 -0.099663852 -0.036805249 0.989549717 0.097487683
114.866666666 -1.122205001 0.276716391 0.095465017 -0.100019717 -0.038087037 0.989690408 0.095175264
114.900000000 -1.127063144 0.274097285 0.094708865 -0.100333012 -0.039348965 0.989832288 0.092827731
114.933333333 -1.131520700 0.271300447 0.093618155 -0.100600317 -0.040589696 0.989974697 0.090455251
114.966666666 -1.136260035 0.268820191 0.092846002 -0.100822080 -0.041807355 0.990120795 0.088021956
115.000000000 -1.140670504 0.266095454 0.091685830 -0.101003995 -0.043006230 0.990264118 0.085589918
115.033333333 -1.143980053 0.262793254 0.089950796 -0.101127872 -0.044178553 0.990409465 0.083129422
115.066666666 -1.146808706 0.259448518 0.088413034 -0.101206202 -0.045316139 0.990552939 0.080676060
115.100000000 -1.148800454 0.255814444 0.086792846 -0.101233332 -0.046419096 0.990694388 0.078241350
115.133333333 -1.151107048 0.252141988 0.084992746 -0.101220387 -0.047497013 0.990836130 0.075777502
115.166666666 -1.152652269 0.248298036 0.083192041 -0.101151464 -0.048544461 0.990980475 0.073276967
115.200000000 -1.152798165 0.244046440 0.081258184 -0.101023465 -0.049547277 0.991124833 0.070787654
115.233333333 -1.153515317 0.239909105 0.079471805 -0.100858291 -0.050521276 0.991268433 0.068279567
115.266666666 -1.152382399 0.235269235 0.077777590 -0.100625461 -0.051455003 0.991414264 0.065762124
115.300000000 -1.150058156 0.230355332 0.076502025 -0.100340976 -0.052349488 0.991560410 0.063239021
115.333333333 -1.148172444 0.225511228 0.075323930 -0.100020060 -0.053213731 0.991705119 0.060706203
115.366666666 -1.145664438 0.220539479 0.074007262 -0.099644800 -0.054036408 0.991851503 0.058151328
115.400000000 -1.143381621 0.215853543 0.072669587 -0.099239436 -0.054815607 0.991993383 0.055640910
115.433333333 -1.141009063 0.210949032 0.071134361 -0.098794450 -0.055562074 0.992133520 0.053137472
115.466666666 -1.139032242 0.206031927 0.069985854 -0.098311910 -0.056281225 0.992272657 0.050617855
115.500000000 -1.136889179 0.201198202 0.069259700 -0.097793227 -0.056956684 0.992410047 0.048111542
115.533333333 -1.133610656 0.196068506 0.068483860 -0.097213241 -0.057587300 0.992550127 0.045579969
115.566666666 -1.130850929 0.191148990 0.068140892 -0.096598734 -0.058177646 0.992689265 0.043035685
115.600000000 -1.127283552 0.186037738 0.067591941 -0.095939607 -0.058714756 0.992826418 0.040544708
115.633333333 -1.122692463 0.180725651 0.067027364 -0.095226765 -0.059201524 0.992964636 0.038056197
115.666666666 -1.117724005 0.175201433 0.066285868 -0.094471651 -0.059647073 0.993102299 0.035569063
115.700000000 -1.112726363 0.169645897 0.065710910 -0.093679170 -0.060048261 0.993239462 0.033072514
115.733333333 -1.107578577 0.163892200 0.065098831 -0.092846673 -0.060412953 0.993375504 0.030575788
115.766666666 -1.102464314 0.158313167 0.064564126 -0.091987427 -0.060725530 0.993509008 0.028117170
115.800000000 -1.097015974 0.152688742 0.064264637 -0.091090532 -0.060991394 0.993641879 0.025658955
115.833333333 -1.091316361 0.146927746 0.064076995 -0.090153638 -0.061215423 0.993774145 0.023193578
115.866666666 -1.085579204 0.140979383 0.063737542 -0.089186233 -0.061402475 0.993904365 0.020728342
115.900000000 -1.078835924 0.135043647 0.063786005 -0.088160849 -0.061529055 0.994036685 0.018245795
115.933333333 -1.072232661 0.128831432 0.063407587 -0.087106293 -0.061618161 0.994166415 0.015774537
115.966666666 -1.065689311 0.122738480 0.063510993 -0.086029077 -0.061662906 0.994293425 0.013314250
116.000000000 -1.058026350 0.116430869 0.063859610 -0.084907755 -0.061657029 0.994420035 0.010857146
116.033333333 -1.050512975 0.110146055 0.064100232 -0.083756116 -0.061600434 0.994544663 0.008438795
116.066666666 -1.042599264 0.103526239 0.064226350 -0.082558552 -0.061504050 0.994668464 0.005998728
116.100000000 -1.033830079 0.096917949 0.065054154 -0.081327975 -0.061356643 0.994790759 0.003531058
116.133333333 -1.025723595 0.090345619 0.066025790 -0.080089707 -0.061174644 0.994908082 0.001099875
116.166666666 -1.016813822 0.083530219 0.066846148 0.078802467 0.060941489 -0.995024864 0.001351302
116.200000000 -1.007780385 0.076731396 0.067705739 0.077479048 0.060649220 -0.995140388 0.003778493
116.233333333 -0.998303022 0.070000004 0.068864380 0.076126699 0.060310037 -0.995253104 0.006219629
116.266666666 -0.988609924 0.062827228 0.069493391 0.074731011 0.059927013 -0.995363831 0.008652881
116.300000000 -0.979319688 0.055533222 0.070408711 0.073324895 0.059512413 -0.995469219 0.011079972
116.333333333 -0.969767681 0.048235492 0.071191699 0.071888526 0.059047051 -0.995571702 0.013508203
116.366666666 -0.959845071 0.040869094 0.072280427 0.070415151 0.058529312 -0.995671733 0.015931914
116.399999999 -0.949747939 0.033480348 0.073206164 0.068925004 0.057962873 -0.995767708 0.018339063
116.433333333 -0.939890284 0.025670852 0.074808549 0.067406754 0.057375065 -0.995858089 0.020762899
116.466666666 -0.928954633 0.018178708 0.076098744 0.065850790 0.056710906 -0.995946656 0.023190612
116.500000000 -0.918734997 0.010431361 0.077040027 0.064280391 0.056014711 -0.996029895 0.025589698
116.533333333 -0.907262351 0.002807422 0.078705761 0.062667363 0.055254759 -0.996110697 0.027985574
116.566666666 -0.895286741 -0.004268771 0.079871779 0.061030369 0.054416106 -0.996189162 0.030353513
116.600000000 -0.883295699 -0.011613586 0.081679881 0.059384516 0.053558778 -0.996259749 0.032733009
116.633333333 -0.870995873 -0.018983133 0.082626377 0.057703284 0.052634446 -0.996328422 0.035065968
116.666666666 -0.859254196 -0.026085500 0.084700814 0.056052314 0.051696629 -0.996385264 0.037443332
116.700000000 -0.846635618 -0.033054530 0.087049960 0.054364403 0.050697815 -0.996439423 0.039783398
116.733333333 -0.833608846 -0.039905462 0.089230284 0.052654158 0.049647654 -0.996488074 0.042120885
116.766666666 -0.820551865 -0.046747597 0.092062537 0.050939520 0.048573721 -0.996527017 0.044493408
116.800000000 -0.807256554 -0.053402368 0.094895650 0.049203409 0.047441932 -0.996561697 0.046830237
116.833333333 -0.793638176 -0.060281533 0.097435647 0.047429558 0.046257200 -0.996592802 0.049127343
116.866666666 -0.780211109 -0.067340152 0.100595448 0.045660044 0.045051809 -0.996615734 0.051405973
116.899999999 -0.766650982 -0.074467481 0.103811246 0.043896851 0.043822527 -0.996629886 0.053679814
116.933333333 -0.752577492 -0.081487609 0.105669279 0.042066534 0.042508332 -0.996642829 0.055915284
116.966666666 -0.738606396 -0.088348163 0.108574062 0.040256163 0.041170811 -0.996646814 0.058133762
117.000000000 -0.724627164 -0.094971870 0.111867099 0.038453128 0.039805165 -0.996641514 0.060353938
117.033333333 -0.710551235 -0.101695608 0.115361504 0.036642254 0.038408513 -0.996629005 0.062552034
117.066666666 -0.696215876 -0.108275681 0.119343864 0.034836607 0.036983142 -0.996609187 0.064720836
117.100000000 -0.681420497 -0.114543295 0.123540523 0.033021732 0.035520314 -0.996582604 0.066865431
117.133333333 -0.666918694 -0.121492293 0.126772774 0.031187718 0.034023428 -0.996551003 0.068962536
117.166666666 -0.652034634 -0.127700622 0.130559909 0.029354202 0.032494257 -0.996508226 0.071090147
117.200000000 -0.637052771 -0.133979055 0.134534633 0.027512300 0.030941129 -0.996457874 0.073194436
117.233333333 -0.621317272 -0.140628256 0.138976791 0.025648706 0.029353707 -0.996402734 0.075246894
117.266666666 -0.606286634 -0.146821800 0.143964972 0.023821164 0.027767033 -0.996335079 0.077317228
117.300000000 -0.591125310 -0.153633303 0.147766447 0.021977470 0.026156646 -0.996258566 0.079383186
117.333333333 -0.575714812 -0.160580717 0.151095523 0.020117716 0.024513856 -0.996176019 0.081410615
117.366666666 -0.560559093 -0.167653643 0.154653547 0.018257362 0.022860175 -0.996081806 0.083457278
117.400000000 -0.544946618 -0.174869678 0.157912620 0.016382557 0.021168990 -0.995982913 0.085448948
117.433333333 -0.529196755 -0.182420072 0.161229736 0.014500581 0.019463609 -0.995876110 0.087416669
117.466666666 -0.513530152 -0.189830628 0.164890769 0.012629982 0.017747182 -0.995759198 0.089381998
117.500000000 -0.497998506 -0.197444632 0.169025942 0.010760291 0.016023200 -0.995631309 0.091355188
117.533333333 -0.483890589 -0.204396175 0.173304443 0.008936225 0.014310308 -0.995484853 0.093409133
117.566666666 -0.469532443 -0.211298054 0.177818111 0.007112280 0.012573209 -0.995333041 0.095412088
117.600000000 -0.454711058 -0.218344381 0.181946079 0.005279650 0.010812916 -0.995176998 0.097354762
117.633333333 -0.440099511 -0.225442925 0.185455122 0.003447594 0.009039691 -0.995011713 0.099287909
117.666666666 -0.424546242 -0.232485326 0.188746399 0.001600895 0.007229213 -0.994842529 0.101160856
117.700000000 -0.408952740 -0.239874630 0.192507453 -0.000241870 0.005422994 -0.994664369 0.103021000
117.733333333 -0.392670314 -0.248022942 0.195394481 -0.002116428 0.003594982 -0.994479112 0.104851765
117.766666666 -0.377135925 -0.256070842 0.198031349 -0.003964549 0.001774702 -0.994284437 0.106675166
117.800000000 -0.361544347 -0.263832512 0.201185513 -0.005801361 -0.000054213 -0.994081341 0.108483311
117.833333333 -0.346130920 -0.272023810 0.204194843 -0.007636353 -0.001880805 -0.993870241 0.110272810
117.866666666 -0.330300888 -0.279077269 0.205767446 -0.009460099 -0.003742164 -0.993647802 0.112073855
117.900000000 -0.314380002 -0.287138530 0.208204762 -0.011287827 -0.005583968 -0.993422922 0.113808182
117.933333333 -0.299041213 -0.295197385 0.211363269 -0.013090622 -0.007409901 -0.993189500 0.115535042
117.966666666 -0.285360935 -0.301820729 0.214124253 -0.014840719 -0.009226678 -0.992939064 0.117331315
118.000000000 -0.270454400 -0.309025804 0.218287115 -0.016594878 -0.011044644 -0.992695343 0.118989836
118.033333333 -0.257168298 -0.315675092 0.222037870 -0.018307471 -0.012834402 -0.992436723 0.120704043
118.066666666 -0.243030739 -0.323391572 0.225531606 -0.020046135 -0.014628792 -0.992177199 0.122346051
118.100000000 -0.229340277 -0.329912339 0.228461092 -0.021744579 -0.016423248 -0.991910656 0.123978631
118.133333333 -0.215442618 -0.336740140 0.232076092 -0.023436253 -0.018201729 -0.991641998 0.125561091
118.166666666 -0.201573339 -0.343477141 0.235529706 -0.025116003 -0.019971560 -0.991367232 0.127127234
118.200000000 -0.188085604 -0.349258388 0.238492620 -0.026763371 -0.021733235 -0.991091167 0.128645590
118.233333333 -0.174462064 -0.355524803 0.240830064 -0.028411468 -0.023485731 -0.990811375 0.130130812
118.266666666 -0.160710017 -0.360931534 0.243190671 -0.030033627 -0.025230894 -0.990530589 0.131569507
118.300000000 -0.147425065 -0.366748723 0.245790475 -0.031641963 -0.026945752 -0.990246443 0.132983813
118.333333333 -0.131942298 -0.373257871 0.248591564 -0.033274306 -0.028665718 -0.989972848 0.134256684
118.366666666 -0.119617060 -0.378751851 0.252128507 -0.034834059 -0.030325156 -0.989687760 0.135591709
118.400000000 -0.109522859 -0.383521436 0.255318294 -0.036349906 -0.031951073 -0.989394211 0.136955864
118.433333333 -0.098800807 -0.388767950 0.258725382 -0.037872257 -0.033562490 -0.989097984 0.138291105
118.466666666 -0.086396893 -0.394516262 0.261710902 -0.039412380 -0.035173297 -0.988806346 0.139540367
118.500000000 -0.074469985 -0.400029924 0.264439947 -0.040928431 -0.036755229 -0.988517184 0.140739808
118.533333333 -0.063001541 -0.404932417 0.268487026 -0.042413220 -0.038306120 -0.988224603 0.141936232
118.566666666 -0.050843516 -0.410116648 0.272383335 -0.043891129 -0.039831141 -0.987936837 0.143065912
118.600000000 -0.039183106 -0.414908825 0.276337519 -0.045343641 -0.041325094 -0.987646514 0.144189298
118.633333333 -0.027477617 -0.419897923 0.280867434 -0.046782642 -0.042786868 -0.987363203 0.145239712
118.666666666 -0.015898879 -0.424355075 0.284722106 -0.048196459 -0.044222783 -0.987080552 0.146264935
118.700000000 -0.001361046 -0.430051498 0.287981866 -0.049640699 -0.045652139 -0.986812109 0.147151431
118.733333333 0.007228645 -0.434568387 0.292971687 -0.050995012 -0.046987436 -0.986537991 0.148102942
118.766666666 0.018208050 -0.439430369 0.297067707 -0.052371761 -0.048326133 -0.986262896 0.149021082
118.800000000 0.028634004 -0.444458592 0.300282430 -0.053724369 -0.049623616 -0.985993204 0.149895268
118.833333333 0.038522694 -0.448678964 0.304272205 -0.055048793 -0.050887610 -0.985722168 0.150770983
118.866666666 0.048144147 -0.453407757 0.307343023 -0.056359877 -0.052111859 -0.985460166 0.151578957
118.900000000 0.058652856 -0.458343922 0.310172152 -0.057665299 -0.053310289 -0.985206874 0.152315930
118.933333333 0.067899397 -0.462704247 0.312429861 -0.058939858 -0.054468159 -0.984951209 0.153070015
118.966666666 0.077241165 -0.467445753 0.314755957 -0.060204995 -0.055585943 -0.984706498 0.153748736
119.000000000 0.086960079 -0.472032483 0.317064959 -0.061454906 -0.056671388 -0.984470057 0.154370836
119.033333333 0.099769464 -0.477824889 0.319613280 -0.062724518 -0.057729500 -0.984240341 0.154931889
119.066666666 0.110435893 -0.482831542 0.321299092 -0.063949086 -0.058736299 -0.984018872 0.155458741
119.100000000 0.120923528 -0.487637667 0.323228948 -0.065151005 -0.059701664 -0.983805378 0.155942414
119.133333333 0.131419500 -0.492155904 0.325081154 -0.066330516 -0.060628442 -0.983599071 0.156388371
119.166666666 0.140494481 -0.496489092 0.327091207 -0.067474759 -0.061495937 -0.983399382 0.156815373
119.200000000 0.149831688 -0.500816693 0.329078912 -0.068604708 -0.062324592 -0.983208699 0.157193171
119.233333333 0.158688117 -0.505015488 0.330589025 -0.069709307 -0.063105676 -0.983026660 0.157533714
119.266666666 0.169882148 -0.510233010 0.331979789 -0.070823031 -0.063857140 -0.982857863 0.157787151
119.300000000 0.178819324 -0.514589673 0.332838337 -0.071890865 -0.064549931 -0.982693976 0.158042903
119.333333333 0.187867041 -0.518784795 0.333846254 -0.072937992 -0.065197974 -0.982540932 0.158248510
119.366666666 0.196778786 -0.522865098 0.335336496 -0.073957288 -0.065795358 -0.982398047 0.158415175
119.400000000 0.206064546 -0.527046863 0.335991883 -0.074958175 -0.066348122 -0.982265236 0.158537711
119.433333333 0.212531715 -0.529249384 0.335466027 -0.075899483 -0.066859921 -0.982127543 0.158727779
119.466666666 0.219812563 -0.532747290 0.335542021 -0.076840677 -0.067310800 -0.982015529 0.158777418
119.500000000 0.226313217 -0.535887114 0.335225391 -0.077752393 -0.067710829 -0.981913008 0.158797525
119.533333333 0.231634544 -0.538375646 0.335703057 -0.078624236 -0.068054084 -0.981822399 0.158781764
119.566666666 0.237997820 -0.541361041 0.336072233 -0.079484552 -0.068355590 -0.981744059 0.158708293
119.600000000 0.243635778 -0.544019994 0.337279364 -0.080313656 -0.068601483 -0.981671499 0.158633606
119.633333333 0.249217768 -0.546652818 0.337898582 -0.081119757 -0.068799968 -0.981613936 0.158493625
119.666666666 0.255277157 -0.549627271 0.338446476 -0.081910903 -0.068949444 -0.981568315 0.158304202
119.700000000 0.260141451 -0.552240583 0.339002125 -0.082666715 -0.069043080 -0.981537352 0.158062311
119.733333333 0.264515410 -0.554515119 0.339404052 -0.083392316 -0.069086367 -0.981517013 0.157788306
119.766666666 0.269096979 -0.557118608 0.340055703 -0.084099169 -0.069079070 -0.981506553 0.157481102
119.800000000 0.274300664 -0.559662647 0.340765151 -0.084784001 -0.069029967 -0.981503117 0.157156507
119.833333333 0.277122075 -0.561852796 0.341483768 -0.085427162 -0.068912864 -0.981521216 0.156746034
119.866666666 0.280476973 -0.564084335 0.341950078 -0.086048212 -0.068754521 -0.981547232 0.156312354
119.900000000 0.283039972 -0.565878907 0.342392480 -0.086635818 -0.068543575 -0.981585992 0.155836304
119.933333333 0.285246875 -0.567389782 0.342542053 -0.087193034 -0.068287238 -0.981637160 0.155314884
119.966666666 0.287412504 -0.569099105 0.342605046 -0.087726362 -0.067978066 -0.981696531 0.154773992
120.000000000 0.289104924 -0.570448032 0.342654837 -0.088226087 -0.067618344 -0.981769839 0.154181390
120.033333333 0.290597907 -0.572186499 0.342707023 -0.088698943 -0.067200149 -0.981860176 0.153516230
120.066666666 0.292322481 -0.573636212 0.342348205 -0.089142616 -0.066744516 -0.981957584 0.152833460
120.100000000 0.292750586 -0.574305799 0.341722170 -0.089546023 -0.066237830 -0.982065976 0.152119945
120.133333333 0.294423127 -0.575565961 0.341179336 -0.089933521 -0.065690039 -0.982183793 0.151366368
120.166666666 0.294421620 -0.576151959 0.340227176 -0.090279822 -0.065090147 -0.982308274 0.150609696
120.200000000 0.296118732 -0.577483856 0.339138191 -0.090611655 -0.064453580 -0.982441293 0.149814454
120.233333333 0.296018137 -0.578231580 0.338547192 -0.090900381 -0.063757718 -0.982587494 0.148976141
120.266666666 0.295172461 -0.578790213 0.337287558 -0.091154237 -0.063011362 -0.982745961 0.148090677
120.300000000 0.294909712 -0.579470728 0.336338854 -0.091385339 -0.062225331 -0.982912677 0.147171318
120.333333333 0.294276492 -0.580149188 0.335085142 -0.091581518 -0.061389965 -0.983089747 0.146214389
120.366666666 0.293325450 -0.581025223 0.334033454 -0.091749123 -0.060505464 -0.983287323 0.145145542
120.400000000 0.293281259 -0.582106702 0.332787405 -0.091891984 -0.059584740 -0.983490841 0.144053072
120.433333333 0.292845266 -0.583074473 0.331506506 -0.092001559 -0.058619048 -0.983702262 0.142931380
120.466666666 0.292322695 -0.584160878 0.329898843 -0.092079404 -0.057609842 -0.983921891 0.141775180
120.500000000 0.290726079 -0.585042581 0.328142220 -0.092118852 -0.056551623 -0.984153905 0.140560029
120.533333333 0.289846382 -0.585802267 0.326691136 -0.092128251 -0.055455938 -0.984385412 0.139364220
120.566666666 0.288372446 -0.586088916 0.325150492 -0.092096348 -0.054326606 -0.984623239 0.138144708
120.600000000 0.286623485 -0.586331378 0.323567029 -0.092029603 -0.053154644 -0.984867904 0.136895392
120.633333333 0.285300589 -0.586861684 0.321899312 -0.091932878 -0.051946490 -0.985117916 0.135619322
120.666666666 0.283673591 -0.587155224 0.320246906 -0.091798340 -0.050700797 -0.985374258 0.134313314
120.700000000 0.281769759 -0.587557100 0.318314989 -0.091631144 -0.049415362 -0.985637055 0.132971615
120.733333333 0.279623213 -0.588115974 0.316692405 -0.091428744 -0.048089066 -0.985908995 0.131573861
120.766666666 0.276719324 -0.588403044 0.315061423 -0.091186774 -0.046724279 -0.986189532 0.130123096
120.800000000 0.273485356 -0.588654976 0.313066010 -0.090908855 -0.045327096 -0.986475284 0.128637274
120.833333333 0.270058872 -0.588680807 0.311374023 -0.090592798 -0.043897418 -0.986765824 0.127118728
120.866666666 0.266471255 -0.588800706 0.309148988 -0.090241817 -0.042435426 -0.987061212 0.125561988
120.900000000 0.262136561 -0.588395683 0.306755660 -0.089855123 -0.040951866 -0.987354397 0.124017325
120.933333333 0.257841608 -0.588140953 0.304372321 -0.089429191 -0.039430598 -0.987653777 0.122424114
120.966666666 0.253195582 -0.587700388 0.302200103 -0.088965969 -0.037884629 -0.987953886 0.120817754
121.000000000 0.248098356 -0.586666653 0.299574618 -0.088463344 -0.036319995 -0.988250217 0.119233401
121.033333333 0.242563796 -0.585921224 0.296922716 -0.087926036 -0.034720079 -0.988552462 0.117590638
121.066666666 0.236013482 -0.585060130 0.294204082 -0.087342921 -0.033082226 -0.988867753 0.115833272
121.100000000 0.229619861 -0.584159043 0.291296026 -0.086725041 -0.031427230 -0.989179540 0.114083015
121.133333333 0.222216132 -0.583080715 0.288233919 -0.086063745 -0.029743446 -0.989497268 0.112265381
121.166666666 0.215560820 -0.582105405 0.285719251 -0.085372298 -0.028046403 -0.989807127 0.110484481
121.200000000 0.208208138 -0.580610775 0.282808389 -0.084638178 -0.026334089 -0.990117355 0.108676203
121.233333333 0.200137672 -0.579035144 0.279574207 -0.083866316 -0.024600363 -0.990429063 0.106824783
121.266666666 0.191164501 -0.577105401 0.276128197 -0.083051568 -0.022848068 -0.990743716 0.104915647
121.300000000 0.182361684 -0.575348213 0.272264410 -0.082202800 -0.021080702 -0.991058615 0.102961765
121.333333333 0.173523731 -0.573646280 0.268542520 -0.081315287 -0.019294889 -0.991371603 0.100984535
121.366666666 0.164237407 -0.571596956 0.265017334 -0.080392619 -0.017501940 -0.991677237 0.099030133
121.400000000 0.154684178 -0.569116322 0.260912210 -0.079431041 -0.015702594 -0.991975886 0.097097782
121.433333333 0.144686447 -0.566840856 0.256519482 -0.078428313 -0.013883401 -0.992278356 0.095078470
121.466666666 0.133230586 -0.563908132 0.252061023 -0.077380464 -0.012059534 -0.992579693 0.093018200
121.500000000 0.122360857 -0.561337216 0.247674884 -0.076297877 -0.010225018 -0.992877342 0.090932204
121.533333333 0.110302470 -0.558129679 0.243111823 -0.075174221 -0.008387664 -0.993170696 0.088828220
121.566666666 0.098029272 -0.554986415 0.238904313 -0.074014988 -0.006543974 -0.993459334 0.086703577
121.600000000 0.085502619 -0.551579386 0.234990950 -0.072822541 -0.004702241 -0.993739949 0.084591253
121.633333333 0.072566430 -0.548049769 0.230897935 -0.071589284 -0.002856108 -0.994017913 0.082433035
121.666666666 0.059846451 -0.544563223 0.226566312 -0.070321357 -0.001012199 -0.994289948 0.080258214
121.700000000 0.046880027 -0.541028350 0.222279017 -0.069017871 0.000831573 -0.994556381 0.078060529
121.733333333 0.033510934 -0.537287855 0.218314234 -0.067682069 0.002672085 -0.994813042 0.075888134
121.766666666 0.020009041 -0.533618782 0.214399834 -0.066308187 0.004508385 -0.995068399 0.073632733
121.800000000 0.006690714 -0.529845913 0.210425866 -0.064904302 0.006332273 -0.995315223 0.071378858
121.833333333 -0.007237062 -0.525785466 0.206341684 -0.063461703 0.008150240 -0.995555429 0.069105519
121.866666666 -0.021129846 -0.521584196 0.202019832 -0.061989802 0.009954239 -0.995786271 0.066842205
121.900000000 -0.035064418 -0.517351150 0.197479398 -0.060488151 0.011746202 -0.996008605 0.064576074
121.933333333 -0.049238121 -0.512923893 0.193029008 -0.058958458 0.013523482 -0.996219636 0.062349436
121.966666666 -0.063553764 -0.508506084 0.188476869 -0.057393124 0.015291093 -0.996425289 0.060073741
122.000000000 -0.077557015 -0.504231705 0.184314485 -0.055797621 0.017042151 -0.996624126 0.057762802
122.033333333 -0.092428200 -0.499530584 0.180110235 -0.054162589 0.018775987 -0.996819746 0.055355854
122.066666666 -0.107112833 -0.495086842 0.175596552 -0.052498847 0.020495236 -0.997006396 0.052934512
122.100000000 -0.121963543 -0.490462754 0.171158503 -0.050809460 0.022190830 -0.997181512 0.050546997
122.133333333 -0.136624833 -0.486255525 0.167037635 -0.049083970 0.023870881 -0.997352656 0.048048142
122.166666666 -0.151353903 -0.481978921 0.162911092 -0.047338538 0.025526310 -0.997511200 0.045594692
122.200000000 -0.165945051 -0.477542927 0.158519298 -0.045565805 0.027152092 -0.997660605 0.043125847
122.233333333 -0.181353079 -0.472830209 0.154604581 -0.043763747 0.028759981 -0.997798769 0.040684338
122.266666666 -0.196870110 -0.467976928 0.150773502 -0.041942995 0.030334579 -0.997926274 0.038258978
122.300000000 -0.212334511 -0.463320817 0.146743555 -0.040096066 0.031885513 -0.998044680 0.035811107
122.333333333 -0.227910248 -0.458745148 0.142752093 -0.038228400 0.033409694 -0.998153599 0.033343273
122.366666666 -0.243635462 -0.454209675 0.139313463 -0.036339131 0.034905240 -0.998251960 0.030888784
122.400000000 -0.259462030 -0.449392655 0.135586765 -0.034430000 0.036361402 -0.998340451 0.028438841
122.433333333 -0.275393939 -0.444563196 0.132040065 -0.032497996 0.037789108 -0.998419145 0.025982178
122.466666666 -0.291352566 -0.439935337 0.128499514 -0.030546093 0.039185193 -0.998488117 0.023514608
