# timestamp tx ty tz qx qy qz qw
100005.549474000 0.098757191 -0.072403586 0.066027345 0.861295465 -0.007139294 -0.507971049 0.009195954
100005.582807000 0.020982076 -0.124513741 0.076443200 -0.870519616 -0.000557082 0.492108094 0.004991197
100005.616140000 0.034862795 -0.158145880 0.077950911 -0.866633263 -0.001863296 0.498763250 0.013361756
100005.649473000 0.039694726 -0.178931234 0.078707018 -0.862703722 0.003034542 0.505269427 0.020877876
100005.682806000 0.042849092 -0.199509166 0.080512266 -0.858199821 0.003515023 0.512665855 0.025581877
100005.716139000 0.044194904 -0.221048838 0.082378738 -0.853440353 -0.002029860 0.520550622 0.025738953
100005.749472000 0.044691815 -0.243528153 0.084119283 -0.848753574 -0.001584603 0.528083858 0.027245146
100005.782805000 0.045143991 -0.266606470 0.085530093 -0.843949750 0.000664672 0.535689523 0.028019867
100005.816138000 0.046364389 -0.290290308 0.086398927 -0.840517273 0.005310821 0.540874583 0.030938568
100005.849471000 0.046863117 -0.314921020 0.086962050 -0.839601345 0.009723156 0.541815486 0.037563544
100005.882804000 0.047869854 -0.340714364 0.087110606 -0.839278395 0.010926609 0.541712047 0.045171265
100005.916137000 0.048656681 -0.368065187 0.087068074 -0.839202662 0.010435162 0.541261035 0.051638086
100005.949470000 0.049922842 -0.397369948 0.086471462 -0.839839303 0.012710383 0.539981924 0.054110194
100005.982803000 0.051007349 -0.427980821 0.085951696 -0.841135429 0.012780043 0.537901937 0.054675102
100006.016136000 0.051695171 -0.459773280 0.085717892 -0.843382066 0.010691294 0.534604683 0.052822539
100006.049469000 0.051882159 -0.492297934 0.086084129 -0.844858326 0.006304098 0.532530247 0.050854738
100006.082802000 0.051589358 -0.525159507 0.087001512 -0.844969348 0.001613291 0.532363444 0.051121043
100006.116135000 0.050627867 -0.558678235 0.087667418 -0.843236524 -0.000677149 0.535029334 0.051916451
100006.149468000 0.049569817 -0.593219780 0.087843754 -0.841303135 -0.001332346 0.538035131 0.052205927
100006.182801000 0.048572518 -0.628448147 0.087689332 -0.839797633 -0.000756700 0.540239500 0.053671648
100006.216134000 0.050363423 -0.697686063 0.084378458 -0.841850569 -0.003495803 0.536395782 0.059623522
100006.249467000 0.049451509 -0.731483606 0.083151751 -0.842457578 -0.000181190 0.535131312 0.062447379
100006.282800000 0.048844766 -0.771252504 0.081471639 -0.843631027 0.004532730 0.532621622 0.067678298
100006.316133000 0.048774930 -0.811934428 0.079721768 -0.844899005 0.011358843 0.529502988 0.075121462
100006.349466000 0.048769128 -0.853903054 0.078045286 -0.845674345 0.018615624 0.526796878 0.083506941
100006.382799000 0.048920884 -0.897232250 0.076583014 -0.845907903 0.025953970 0.524589104 0.092587707
100006.416132000 0.022702690 -0.908293033 0.080210684 -0.845652949 0.038782276 0.522327292 0.102670468
100006.449465000 0.021804538 -0.971243851 0.078425778 -0.845725553 0.048901694 0.519283594 0.112700766
100006.482798000 0.020722449 -1.020006713 0.077083405 -0.845633024 0.054337562 0.517587134 0.118557063
100006.516131000 0.019456354 -1.070995223 0.075708334 -0.845333027 0.058937381 0.516440120 0.123402033
100006.549464000 0.018275576 -1.124198556 0.074259662 -0.845169455 0.062423875 0.515402091 0.127092630
100006.582797000 0.017058712 -1.179477653 0.073012224 -0.844984103 0.062465502 0.514536377 0.131727915
100006.616130000 0.015510578 -1.237432110 0.071181456 -0.844465695 0.063746613 0.514855678 0.133182921
100006.649463000 0.013841174 -1.297412879 0.069399993 -0.843737403 0.063959347 0.515603320 0.134794709
100006.682796000 0.012204533 -1.359108817 0.067474892 -0.842698473 0.066555088 0.516723763 0.135743346
100006.716129000 0.010327772 -1.422473171 0.065590705 -0.841509076 0.068416790 0.518051234 0.137129638
100006.749462000 0.008049430 -1.487820650 0.063360227 -0.840441944 0.069615225 0.519741458 0.136674346
100006.782795000 -0.074820390 -1.613926701 0.042134361 -0.843320923 0.067794330 0.513137915 0.144579494
100006.816128000 -0.083233602 -1.690497883 0.038729687 -0.842343953 0.069691026 0.514619934 0.144104644
100006.849461000 -0.079042875 -1.595782898 0.055846245 -0.841158372 0.082200862 0.518747367 0.128828492
100006.882794000 -0.086159054 -1.660274100 0.054036361 -0.839290422 0.086010547 0.521135313 0.128886612
100006.916127000 -0.115010053 -1.793233528 0.036619575 -0.837137276 0.089137355 0.520810558 0.141464043
100006.949460000 -0.122412272 -1.866738601 0.033768669 -0.837881252 0.094604622 0.515729175 0.151751083
100006.982793000 -0.130554125 -1.941826578 0.031067434 -0.837988109 0.094810576 0.513144607 0.159591652
100007.016126000 -0.138996700 -2.018819061 0.028977216 -0.837009071 0.094235042 0.513534049 0.163763101
100007.049459000 -0.148111967 -2.096566568 0.027717828 -0.832554538 0.099818724 0.517651298 0.170077327
100007.082792000 -0.158242558 -2.175223042 0.026891213 -0.825071052 0.108776705 0.525220411 0.177676412
100007.116125000 -0.168551241 -2.255384863 0.025336113 -0.818156185 0.116609565 0.530990704 0.187273969
100007.149458000 -0.178739013 -2.338044733 0.022350747 -0.813207869 0.123619988 0.532979163 0.198353905
100007.182791000 -0.189276798 -2.424432483 0.017977935 -0.810468130 0.128875891 0.532371009 0.207637963
100007.216124000 -0.200563580 -2.515001649 0.012654660 -0.809224603 0.131702397 0.530747101 0.214749935
100007.249457000 -0.212490414 -2.609950958 0.006743975 -0.809832179 0.130142926 0.528505055 0.218899675
100007.282790000 -0.224882987 -2.709199445 0.000261257 -0.812542880 0.123630063 0.525790981 0.219165508
100007.316123000 -0.238126937 -2.812247614 -0.006688461 -0.816065649 0.113191693 0.524379185 0.215060381
100007.349456000 -0.252147095 -2.918094832 -0.013521379 -0.818754516 0.102769736 0.524785566 0.208996493
100007.382789000 -0.266723281 -3.025794096 -0.020118914 -0.819936978 0.094653948 0.526379073 0.204129991
100007.416122000 -0.274263237 -3.143746464 -0.024310772 -0.820362902 0.086022879 0.528290773 0.201279987
100007.449455000 -0.289286993 -3.256525833 -0.031429666 -0.821369617 0.079182539 0.528137350 0.200382180
100007.482788000 -0.253958987 -3.361139192 -0.023004884 -0.822545429 0.066227251 0.529250339 0.197299385
100007.516121000 -0.267581625 -3.484641404 -0.031442144 -0.824953896 0.059272629 0.526535551 0.196718424
100007.549454000 -0.278333707 -3.594349112 -0.038119458 -0.825909704 0.054961728 0.526032439 0.195300390
100007.582787000 -0.292364012 -3.714399901 -0.046306915 -0.827237957 0.051891955 0.524732769 0.194010587
100007.616120000 -0.307182640 -3.837203062 -0.054006929 -0.827135264 0.050271695 0.525677521 0.192310051
100007.649453000 -0.322143940 -3.962192955 -0.061834016 -0.826145206 0.047370447 0.527679597 0.191818617
100007.682786000 -0.337133495 -4.089470817 -0.070088118 -0.825006100 0.046162927 0.528301088 0.195273856
100007.716119000 -0.353616927 -4.220189156 -0.079224261 -0.824107479 0.042436781 0.529391847 0.196952418
100007.749452000 -0.369943912 -4.354693869 -0.089402454 -0.826028273 0.035400383 0.528085710 0.193777159
100007.782785000 -0.386868669 -4.492291785 -0.099865755 -0.829199100 0.024463673 0.525774181 0.188127328
100007.816118000 -0.404493175 -4.632974367 -0.110324952 -0.831264600 0.011312017 0.525182480 0.181809145
100007.849451000 -0.423012934 -4.776924227 -0.121112835 -0.832501885 -0.002255271 0.525906152 0.174236176
100007.882784000 -0.442441155 -4.923931711 -0.132731804 -0.834298313 -0.016222438 0.525924731 0.164579264
100007.916117000 -0.462562841 -5.074239474 -0.145152421 -0.836562333 -0.031104179 0.525455252 0.151963058
100007.949450000 -0.483143292 -5.227550517 -0.158002850 -0.838352461 -0.044797814 0.525310270 0.138590865
100007.982783000 -0.504231147 -5.383457799 -0.170767544 -0.838595896 -0.056861958 0.526868511 0.126226829
100008.016116000 -0.525474851 -5.541931460 -0.183413586 -0.838111145 -0.067639998 0.528832170 0.115460274
100008.049449000 -0.547357440 -5.703235834 -0.195774705 -0.836083212 -0.077089971 0.532817635 0.105486331
100008.082782000 -0.570061560 -5.867436659 -0.207658468 -0.832820072 -0.085403428 0.538380218 0.096248238
100008.116115000 -0.613582705 -6.048215021 -0.220714039 -0.829059342 -0.092602325 0.544155265 0.089333450
100008.149448000 -0.445604177 -6.082866406 -0.213602306 -0.820093949 -0.103649690 0.557351432 0.077859083
100008.182781000 -0.464135849 -6.253541313 -0.223718128 -0.813072774 -0.109771214 0.566925913 0.073877969
100008.216114000 -0.482795176 -6.424964844 -0.233639668 -0.805071194 -0.114662014 0.577557128 0.071699084
100008.249447000 -0.500840963 -6.598876427 -0.244954834 -0.798743261 -0.117995478 0.585759313 0.070514528
100008.282780000 -0.518012419 -6.774809859 -0.257616858 -0.794611180 -0.121656020 0.590494095 0.071481530
100008.316113000 -0.534756788 -6.952879055 -0.272365569 -0.792410154 -0.124404284 0.592599214 0.073728510
100008.349446000 -0.551064934 -7.132819256 -0.288860732 -0.792481484 -0.125336728 0.591752132 0.078059055
100008.382779000 -0.566761640 -7.314105645 -0.306849530 -0.794684526 -0.122834270 0.588161967 0.086335079
100008.416112000 -0.582215652 -7.497234980 -0.325721138 -0.798408188 -0.116562393 0.582640923 0.097401891
100008.449445000 -0.597531735 -7.682632355 -0.345133809 -0.803196440 -0.106849341 0.575712165 0.109609309
100008.482778000 -0.612884738 -7.870006768 -0.364911407 -0.807917421 -0.092938066 0.568383346 0.124789139
100008.516111000 -0.627988226 -8.059489366 -0.385146540 -0.812559197 -0.074507126 0.560238854 0.142578628
100008.549444000 -0.642684635 -8.251794831 -0.405614396 -0.816301170 -0.052046187 0.552569108 0.160034292
100008.582777000 -0.657234251 -8.446987637 -0.426458019 -0.819460996 -0.025711370 0.543963995 0.178677846
100008.616110000 -0.671888387 -8.645368092 -0.447667556 -0.821643728 0.002195239 0.534654157 0.197589720
100008.649443000 -0.686579548 -8.847025058 -0.469412521 -0.822726935 0.030516995 0.524939540 0.215934211
100008.682776000 -0.701133191 -9.052032064 -0.492258956 -0.823277350 0.059061001 0.513864938 0.233814088
100008.716109000 -0.715468388 -9.260513586 -0.516468761 -0.824368342 0.087867401 0.499796337 0.250798281
100008.749442000 -0.729563343 -9.472291997 -0.541868480 -0.824876404 0.117500377 0.483822984 0.267745961
100008.782775000 -0.743388075 -9.687495603 -0.568221212 -0.824253162 0.147749069 0.466629973 0.284663672
100008.816108000 -0.756882044 -9.906452147 -0.595446209 -0.822306204 0.178873556 0.448564495 0.301009388
100008.849441000 -0.770285029 -10.129233948 -0.623096463 -0.818487668 0.209814239 0.430606300 0.317228840
100008.882774000 -0.783885824 -10.355959886 -0.651006353 -0.813267220 0.239808878 0.412745344 0.332760293
100008.916107000 -0.798039282 -10.586744204 -0.678835250 -0.806090503 0.268779069 0.396649071 0.347340506
100008.949440000 -0.812474276 -10.821709155 -0.706582760 -0.797008514 0.296931071 0.382026454 0.361476356
100008.982773000 -0.826826679 -11.061034873 -0.734465110 -0.786543762 0.324330020 0.367759489 0.375382348
100009.016106000 -0.840914789 -11.304977049 -0.762553114 -0.774744570 0.351533098 0.352883646 0.389446357
100009.049439000 -0.855045239 -11.553554998 -0.790815402 -0.761309841 0.378051329 0.338121113 0.403928993
100009.082772000 -0.870005041 -11.806664930 -0.818834799 -0.746313362 0.402584642 0.325418549 0.418383483
100009.116105000 -0.886159503 -12.064259923 -0.846657567 -0.730460424 0.424560348 0.314862341 0.432478653
100009.149438000 -0.903538754 -12.326505780 -0.874600144 -0.714170629 0.444455515 0.306227355 0.445695429
100009.182771000 -0.922456323 -12.593094005 -0.902689120 -0.697585002 0.461619520 0.300493511 0.458242549
100009.216104000 -0.943115265 -12.863992107 -0.931265589 -0.681657159 0.476330024 0.297512716 0.468976982
100009.249437000 -0.965200598 -13.139371603 -0.960544737 -0.666930563 0.489129078 0.295408591 0.478215572
100009.282770000 -0.988998884 -13.418832989 -0.990437091 -0.653256808 0.499389298 0.295290503 0.486486784
100009.316103000 -1.014635121 -13.702168011 -1.020838113 -0.640223840 0.507846933 0.297163468 0.493861114
100009.349436000 -1.041804454 -13.989415802 -1.051859370 -0.628507865 0.514535629 0.299922341 0.500277463
100009.382769000 -1.070490013 -14.280517503 -1.083515922 -0.618794156 0.518946107 0.303513879 0.505636288
100009.416102000 -1.100816325 -14.575443225 -1.115943695 -0.610522508 0.521673788 0.308203951 0.510028481
100009.449435000 -1.132829457 -14.874063443 -1.148985157 -0.603367566 0.522639393 0.314064085 0.513964392
100009.482768000 -1.166530224 -15.176088893 -1.182132985 -0.596616507 0.520857263 0.322189304 0.518604385
100009.516101000 -1.202206489 -15.481721654 -1.215312902 -0.589927435 0.516880837 0.333099329 0.523320800
100009.549434000 -1.240043149 -15.791164651 -1.248663779 -0.584165570 0.510761617 0.346611662 0.527004282
100009.582767000 -1.279850493 -16.104395712 -1.281976432 -0.578794331 0.501737301 0.362868314 0.530644315
100009.616100000 -1.321390419 -16.421631828 -1.315291140 -0.573837132 0.490461531 0.380940086 0.533894262
100009.649433000 -1.364665953 -16.742873009 -1.348728570 -0.569302785 0.476938552 0.400952949 0.536340087
100009.682766000 -1.409370168 -17.068360508 -1.382718991 -0.565518425 0.462404735 0.421313826 0.537462028
100009.716099000 -1.448869399 -17.494505287 -1.454363333 -0.560895404 0.447187705 0.441419776 0.539043675
100009.749432000 -1.495118226 -17.832484993 -1.491374537 -0.556516388 0.433779446 0.458811166 0.540015941
100009.782765000 -1.541732488 -18.173018656 -1.529359048 -0.551912443 0.421310545 0.474324503 0.541208227
100009.816098000 -1.588846222 -18.517605322 -1.568733657 -0.547554095 0.410233926 0.487734100 0.542225125
100009.849431000 -1.636669811 -18.865983737 -1.609152960 -0.543168993 0.399519210 0.499776785 0.543668108
100009.882764000 -1.576678415 -19.533147035 -1.774811619 -0.538823097 0.383933518 0.513891965 0.546058397
100009.916097000 -1.597729291 -19.999473008 -1.853020981 -0.537046952 0.369874227 0.525152971 0.546797938
100009.949430000 -1.646306096 -20.371891378 -1.900208355 -0.535469143 0.358010097 0.534141109 0.547535244
100009.982763000 -2.124124103 -21.190682685 -2.096956891 -0.534537987 0.345115626 0.536768994 0.554114963
100010.016096000 -2.185125842 -21.577609006 -2.149320342 -0.534374975 0.333479769 0.543436866 0.554897290
100010.049429000 -2.247678154 -21.967487553 -2.202411516 -0.535163113 0.320740924 0.549908256 0.555271656
100010.082762000 -2.312269827 -22.361450004 -2.256229636 -0.536421624 0.306578509 0.556840681 0.555148552
100010.116095000 -2.490063263 -21.868014499 -1.824933162 -0.549319441 0.296458510 0.562454727 0.542222449
100010.149428000 -2.562736554 -22.249278951 -1.869315616 -0.551258953 0.278064859 0.572285854 0.539705848
100010.182761000 -3.567340203 -23.066687969 -2.226937849 -0.547095065 0.270990502 0.567087856 0.552867526
100010.216094000 -3.652298401 -23.416200775 -2.272375856 -0.550605246 0.254528701 0.575885162 0.548092404
100010.249427000 -3.765312265 -23.807158308 -2.276783494 -0.556935104 0.234089030 0.586337196 0.539661291
100010.282760000 -3.864195171 -24.205268219 -2.329696534 -0.562394395 0.216832105 0.595589038 0.531008550
100010.316093000 -4.002466007 -24.614646828 -2.391817866 -0.568140226 0.200453944 0.604496445 0.521170748
100010.349426000 -4.116699442 -25.020573614 -2.449178304 -0.572996285 0.183051062 0.615009052 0.509834711
100010.382759000 -4.223276756 -25.430363040 -2.506854773 -0.578261289 0.164342192 0.625886391 0.496861903
100010.416092000 -4.331839514 -25.843376004 -2.566119362 -0.585437883 0.146205159 0.635249202 0.482021771
100010.449425000 -4.441925848 -26.259615868 -2.627458970 -0.595395242 0.130273483 0.641345949 0.466056542
100010.482758000 -4.553503421 -26.678947503 -2.690561920 -0.606046412 0.115272488 0.645452478 0.450345532
100010.516091000 -4.666666388 -27.101459032 -2.755486578 -0.617991038 0.101592635 0.646837461 0.435163546
100010.549424000 -4.782015860 -27.527217163 -2.822268674 -0.631166843 0.089179976 0.645942530 0.420039993
100010.582757000 -4.868214873 -27.960366178 -2.877025318 -0.645018895 0.074993546 0.643967269 0.404515451
100010.616090000 -4.987666608 -28.394506609 -2.946980777 -0.659466312 0.061012051 0.640487857 0.388789169
100010.649423000 -4.955606696 -28.818355580 -2.981628240 -0.674931883 0.044901732 0.636677275 0.370260498
100010.682756000 -4.130448260 -29.703662993 -3.133915848 -0.692540573 0.011104582 0.636729293 0.338880583
100010.716089000 -4.303257247 -30.235003314 -3.222626152 -0.708048172 -0.006823802 0.629880473 0.319173639
100010.749422000 -4.614085471 -30.692177415 -3.295840320 -0.720614914 -0.022641331 0.623581905 0.302236867
100010.782755000 -4.695821099 -31.149962118 -3.375915182 -0.732623400 -0.042238964 0.617871746 0.282335490
100010.816088000 -4.810374620 -31.617798750 -3.452569035 -0.743883218 -0.061751402 0.611566107 0.262319308
100010.849421000 -4.926040623 -32.091724925 -3.530698222 -0.754228482 -0.080188453 0.605235908 0.241658238
100010.882754000 -5.042298238 -32.569770724 -3.609901361 -0.764547825 -0.098799061 0.597893917 0.219609272
100010.916087000 -5.151872307 -33.056360398 -3.689506530 -0.773919451 -0.119210630 0.590122849 0.196449821
100010.949420000 -5.272311357 -33.542641010 -3.770313138 -0.781899375 -0.141180443 0.581947594 0.173316033
100010.982753000 -5.367087019 -34.040416876 -3.850584769 -0.788135512 -0.163559910 0.574242732 0.149451847
100011.016086000 -5.491908041 -34.533962645 -3.932559724 -0.792424203 -0.180939530 0.568005018 0.129209400
100011.049419000 -5.619396189 -35.032073057 -4.015696636 -0.795979009 -0.195586346 0.561881416 0.111591548
100011.082752000 -5.748474912 -35.533899059 -4.100427807 -0.800823831 -0.207782768 0.553352712 0.096479472
100011.116085000 -5.879603873 -36.039326752 -4.186622149 -0.806518932 -0.217386889 0.543175078 0.085035206
100011.149418000 -6.013395365 -36.548712282 -4.274555506 -0.811728043 -0.227273024 0.532742466 0.075033467
100011.182751000 -6.149037668 -37.061745028 -4.363991892 -0.819290657 -0.234558204 0.518825962 0.067563961
100011.216084000 -6.286786576 -37.578441752 -4.454710265 -0.828737472 -0.239012525 0.502009639 0.063667397
100011.249417000 -6.427453052 -38.099045204 -4.546350796 -0.837184693 -0.241232012 0.487004994 0.061278389
100011.282750000 -6.571473183 -38.623612292 -4.638386008 -0.842554270 -0.242418130 0.477350148 0.058928684
100011.316083000 -6.719060734 -39.152011320 -4.730813874 -0.843995065 -0.242297820 0.474949701 0.058196902
100011.349416000 -6.869277042 -39.684398592 -4.824135592 -0.844153307 -0.240843564 0.475301692 0.059058219
100011.382749000 -7.021289505 -40.220638254 -4.918236089 -0.843710105 -0.237723510 0.477171561 0.062833850
100011.416082000 -7.174763862 -40.760661340 -5.013184798 -0.843019096 -0.232158062 0.480020220 0.070725004
100011.449415000 -7.329641363 -41.304705751 -5.109179889 -0.841810025 -0.223411324 0.484456662 0.082127974
100011.482748000 -7.485504014 -41.852906416 -5.206423049 -0.840916335 -0.213005965 0.488301700 0.095129524
100011.516081000 -7.642404242 -42.405038545 -5.305025282 -0.839858972 -0.201967327 0.491944172 0.108798156
100011.549414000 -7.800648489 -42.961417673 -5.404940924 -0.838031664 -0.192018903 0.496235010 0.120757965
100011.582747000 -7.960644758 -43.522207767 -5.506418571 -0.834328402 -0.182663444 0.503133425 0.131859547
100011.616080000 -8.122554505 -44.087580844 -5.609713215 -0.828698377 -0.173485199 0.512624318 0.142752214
100011.649413000 -8.285855633 -44.657315602 -5.714522980 -0.823270229 -0.163306454 0.520987480 0.155335693
100011.682746000 -8.450699070 -45.231365199 -5.820613113 -0.819258409 -0.153149848 0.526091665 0.169080881
100011.716079000 -8.617374435 -45.809713145 -5.927970699 -0.816438139 -0.143408772 0.528258057 0.183864392
100011.749412000 -8.785823823 -46.392186196 -6.036355151 -0.814114455 -0.132497907 0.528487611 0.200904961
100011.782745000 -8.956320279 -46.978657550 -6.145507059 -0.810956268 -0.119859354 0.528355970 0.220960709
100011.816078000 -9.129321590 -47.569643478 -6.255345467 -0.805624087 -0.107615557 0.529492975 0.242952488
100011.849411000 -9.304649372 -48.165641076 -6.366221693 -0.798654673 -0.096414918 0.531824679 0.264607988
100011.882744000 -9.481560621 -48.766958298 -6.478166629 -0.790368707 -0.084606945 0.535245853 0.285781121
100011.916077000 -9.660697619 -49.373672281 -6.591262164 -0.780482511 -0.072363566 0.540370834 0.305957394
100011.949410000 -9.842348683 -49.985725204 -6.705644069 -0.769226804 -0.060356347 0.546684042 0.325244205
100011.982743000 -10.025913463 -50.603486181 -6.821399480 -0.756717170 -0.048554100 0.554263784 0.343239394
100012.016076000 -10.211618898 -51.226743263 -6.938715599 -0.744288361 -0.038091013 0.561768659 0.359165538
100012.049409000 -9.469849653 -52.035673913 -7.074266664 -0.732374733 -0.037864634 0.572650718 0.366421445
100012.082742000 -9.642823641 -52.658427200 -7.192339698 -0.721635907 -0.028406935 0.578261148 0.379537493
100012.116075000 -9.821558027 -53.301643646 -7.315245021 -0.711851241 -0.018168912 0.582298505 0.392257763
100012.149408000 -10.223007078 -53.910565304 -7.435883574 -0.703672183 -0.006179909 0.583262508 0.405724185
100012.182741000 -10.409110267 -54.567989667 -7.563238314 -0.697758800 0.002774154 0.582761742 0.416549772
100012.216074000 -10.596049798 -55.227011598 -7.691595121 -0.694136148 0.011178316 0.580165555 0.425978851
100012.249407000 -10.785293388 -55.891765950 -7.821501033 -0.691801787 0.017567301 0.577291027 0.433401371
100012.282740000 -10.976774560 -56.562348087 -7.952820910 -0.690672734 0.022677681 0.573815813 0.439536473
100012.316073000 -11.170440140 -57.238679999 -8.085765563 -0.691189216 0.026700362 0.569220139 0.444446837
100012.349406000 -11.366353355 -57.920739924 -8.220334345 -0.693238538 0.029352369 0.563752300 0.448042533
100012.382739000 -11.564639012 -58.608613892 -8.356556129 -0.697577130 0.030111480 0.557119420 0.449552442
100012.416072000 -11.765331196 -59.302188177 -8.494587067 -0.704175213 0.028839413 0.549415146 0.448830208
100012.449405000 -11.968684300 -60.001496106 -8.634312971 -0.711561055 0.025260055 0.542225407 0.446132718
100012.482738000 -12.174349040 -60.706508566 -8.775916609 -0.720415734 0.020130032 0.534026613 0.442053762
100012.516071000 -12.381717708 -61.417222021 -8.919593176 -0.731760120 0.015015540 0.522500309 0.437372939
100012.549404000 -12.590706404 -62.133588636 -9.065476606 -0.745611032 0.009897417 0.507277887 0.432013166
100012.582737000 -12.801303265 -62.855505613 -9.213404920 -0.760616229 0.004639343 0.489245747 0.426708364
100012.616070000 -13.013572700 -63.583027827 -9.363193138 -0.775827985 -0.001356130 0.469640738 0.421339145
100012.649403000 -13.227604692 -64.316207620 -9.514831890 -0.791671347 -0.008248820 0.447850612 0.415473543
100012.682736000 -13.443673112 -65.054977775 -9.668426278 -0.807182799 -0.015370747 0.425279281 0.409093147
100012.716069000 -13.662142694 -65.799236171 -9.823724667 -0.819756605 -0.022395490 0.405476833 0.403839187
100012.749402000 -13.883570317 -66.548872871 -9.980591978 -0.828629146 -0.029018565 0.390129866 0.400412724
100012.782735000 -14.108227040 -67.303768625 -10.139094593 -0.833460370 -0.035025496 0.381145966 0.398553357
100012.816068000 -14.335606371 -68.064078328 -10.299145382 -0.835247148 -0.039973126 0.376611735 0.398657687
100012.849401000 -14.565288018 -68.830045560 -10.460757262 -0.836573867 -0.044330668 0.372799383 0.398998216
100012.882734000 -14.797254788 -69.601732817 -10.623980837 -0.838557760 -0.048735456 0.368546253 0.398270509
100012.916067000 -15.031537103 -70.379133103 -10.788779167 -0.841465901 -0.053213085 0.363252253 0.396423139
100012.949400000 -15.268219257 -71.162187922 -10.955261924 -0.845185354 -0.058047347 0.356928166 0.393566394
100012.982733000 -15.507362759 -71.950911741 -11.123501305 -0.849327391 -0.063152536 0.349876432 0.390181011
100013.016066000 -11.463701728 -73.692358789 -11.422619172 -0.850667161 -0.111297099 0.354728849 0.371679676
100013.049399000 -11.557765536 -74.446932173 -11.591612742 -0.854109339 -0.116636901 0.348285925 0.368225454
100013.082732000 -11.459736933 -75.346580753 -11.794582610 -0.857179462 -0.124222539 0.342670549 0.363853028
100013.116065000 -10.917202770 -76.407547414 -12.060448185 -0.859133344 -0.137407954 0.338649014 0.358225902
100013.149398000 -10.954907226 -77.275153924 -12.252471679 -0.861334490 -0.143829596 0.334700197 0.354106934
100013.182731000 -10.998330415 -78.153847481 -12.447037345 -0.862842036 -0.149759714 0.331870363 0.350624745
100013.216064000 -10.201167346 -79.352168413 -12.775470395 -0.862431657 -0.165361113 0.330603316 0.345787199
100013.249397000 -10.242459063 -80.314543552 -13.006746090 -0.863163034 -0.171796462 0.327646892 0.343632167
100013.282730000 -10.057424040 -80.964610177 -13.038959148 -0.864222375 -0.175202495 0.327068396 0.339779395
100013.316063000 -10.063609918 -81.778993336 -13.173522781 -0.864925611 -0.179469422 0.325422958 0.337334127
100013.349396000 -10.003494651 -82.549467851 -13.271944536 -0.865979507 -0.184156790 0.324019633 0.333432222
100013.382729000 -9.833611281 -83.372768099 -13.402029829 -0.866956636 -0.190079409 0.322653441 0.328862839
100013.416062000 -8.381485329 -84.088219452 -13.412465007 -0.866710157 -0.203511088 0.325567927 0.318437225
100013.449395000 -8.882402845 -84.822242644 -13.517563821 -0.868172133 -0.203960114 0.323927901 0.315829280
100013.482728000 -9.173837133 -85.713742527 -13.712426604 -0.869068697 -0.208370849 0.322379229 0.312046184
100013.516061000 -9.334799787 -86.622345540 -13.908054093 -0.869855425 -0.213957519 0.320905127 0.307560757
100013.549394000 -9.498275585 -87.538257402 -14.104679452 -0.870704137 -0.220485752 0.318454489 0.303062828
100013.582727000 -10.138266948 -88.404399973 -14.269706332 -0.872988689 -0.222505209 0.314139177 0.299497510
100013.616060000 -10.311992098 -89.329216332 -14.466313898 -0.874511901 -0.226852823 0.311106851 0.294922463
100013.649393000 -10.489390205 -90.262792990 -14.663375502 -0.875219635 -0.231020410 0.311407387 0.289215490
100013.682726000 -10.669472651 -91.202440568 -14.860585273 -0.875955492 -0.234738425 0.313738649 0.281367922
100013.716059000 -10.947838320 -92.149557457 -15.062059577 -0.877460203 -0.235825557 0.315338088 0.273882803
100013.749392000 -11.702770557 -93.075267967 -15.261482091 -0.880075717 -0.230669024 0.315593591 0.269553741
100013.782725000 -11.893565562 -94.032414496 -15.460897946 -0.882934858 -0.226020864 0.314646984 0.265212896
100013.816058000 -12.084579923 -94.994454832 -15.661534588 -0.886331161 -0.218743358 0.312173813 0.262899082
100013.849391000 -12.276280981 -95.962765023 -15.863542010 -0.889071456 -0.210186250 0.310662440 0.262416721
100013.882724000 -12.468642968 -96.937517130 -16.067529053 -0.891150446 -0.200055574 0.310046366 0.264007387
100013.916057000 -12.662184088 -97.919228173 -16.273726276 -0.891844224 -0.190639073 0.313023614 0.265116655
100013.949390000 -12.857252878 -98.908520197 -16.481913196 -0.890521824 -0.182579262 0.320789532 0.265950692
100013.982723000 -12.959411802 -99.905494017 -16.689565671 -0.887926364 -0.176819964 0.331911671 0.264869996
100014.016056000 -13.156064392 -100.909972945 -16.902756441 -0.883702470 -0.172868939 0.347840411 0.261138513
100014.049389000 -13.353930769 -101.922464626 -17.119722710 -0.876077878 -0.169868395 0.370097750 0.258185855
100014.082722000 -13.553023199 -102.941000272 -17.341072304 -0.863419739 -0.168750027 0.399238588 0.258144013
100014.116055000 -13.753175100 -103.964859683 -17.567235487 -0.846631101 -0.169581222 0.431625373 0.261069962
100014.149388000 -13.954060661 -104.993726252 -17.798464939 -0.827736730 -0.171518698 0.463018702 0.266546288
100014.182721000 -14.155804937 -106.027877488 -18.035013821 -0.808812870 -0.173430212 0.491021975 0.273205276
100014.216054000 -14.423660921 -107.058987663 -18.273682877 -0.792035473 -0.173769447 0.513562899 0.280601387
100014.249387000 -14.628622308 -108.105148122 -18.519156992 -0.777977149 -0.173552233 0.531983576 0.285700286
100014.282720000 -14.835481404 -109.158759784 -18.767586506 -0.766849580 -0.171762552 0.546791813 0.288891088
100014.316053000 -15.043126629 -110.219284305 -19.018693363 -0.765163790 -0.168297599 0.548611027 0.291935325
100014.349386000 -15.253071418 -111.286569257 -19.272239886 -0.765292466 -0.168029599 0.547483305 0.293863108
100014.382719000 -15.466319207 -112.361421933 -19.527624150 -0.763065051 -0.171779050 0.549727423 0.293297538
100014.416052000 -15.683401923 -113.444220886 -19.784770808 -0.756601991 -0.179493620 0.558443926 0.288921873
100014.449385000 -15.902666561 -114.534488923 -20.044242863 -0.749397568 -0.188860503 0.568426432 0.282181479
100014.482718000 -16.122904155 -115.631697087 -20.306626816 -0.744517093 -0.198093512 0.575389014 0.274555535
100014.516051000 -16.344422560 -116.735446279 -20.572182670 -0.740332720 -0.207175869 0.581293009 0.266615942
100014.549384000 -16.567277460 -117.845315673 -20.840861069 -0.736403788 -0.215459491 0.586115989 0.260297362
100014.582717000 -16.791488090 -118.961229704 -21.112614160 -0.733172581 -0.222636466 0.589291782 0.256176044
100014.616050000 -17.017567492 -120.083776790 -21.387254062 -0.729677999 -0.228690734 0.592637646 0.253083360
100014.649383000 -17.246122869 -121.213485859 -21.664627729 -0.724375748 -0.233231867 0.598314586 0.250803366
100014.682716000 -17.476404878 -122.349904477 -21.945215220 -0.721674191 -0.235982808 0.600663862 0.250402478
100014.716049000 -17.708274112 -123.492739833 -22.229459127 -0.722750852 -0.237875294 0.598092944 0.251657268
100014.749382000 -17.941614940 -124.642273030 -22.516948520 -0.724852463 -0.239743979 0.594093164 0.253308198
100014.782715000 -18.175998491 -125.798612591 -22.807800537 -0.727572907 -0.241389908 0.589422381 0.254852571
100014.816048000 -18.411155847 -126.961577703 -23.102131242 -0.731245592 -0.243188671 0.583551467 0.256138321
100014.849381000 -18.647021956 -128.131347383 -23.399412419 -0.738258169 -0.245685467 0.573143357 0.257138524
100014.882714000 -18.885385778 -129.308200719 -23.699435470 -0.745925840 -0.249676974 0.560826631 0.258320614
100014.916047000 -19.125688070 -130.491673117 -24.002714050 -0.752213358 -0.253700658 0.549288326 0.260947073
100014.949380000 -19.366637410 -131.681996810 -24.309554628 -0.759808197 -0.255939891 0.536120678 0.264122880
100014.982713000 -19.608153751 -132.880226539 -24.618953613 -0.767801238 -0.254679819 0.523187411 0.268131276
100015.016046000 -19.852404967 -134.086748540 -24.930250786 -0.772892307 -0.253891029 0.514482142 0.271081082
100015.049379000 -20.100174675 -135.301379598 -25.243470697 -0.773972635 -0.256518514 0.510890412 0.272315256
100015.082712000 -20.349263421 -136.523264003 -25.559792301 -0.777011487 -0.259273164 0.504095210 0.273712612
100015.116045000 -20.600042997 -137.752267202 -25.879637475 -0.781120928 -0.261410743 0.495597436 0.275495371
100015.149378000 -20.852764114 -138.988627441 -26.202959473 -0.785228756 -0.264082416 0.487156450 0.276323851
100015.182711000 -21.107283098 -140.232133903 -26.530023435 -0.790331834 -0.266904758 0.476960583 0.276850221
100015.216044000 -21.363647537 -141.483019833 -26.860978385 -0.796526405 -0.269830684 0.464890702 0.276791842
100015.249377000 -21.622077931 -142.741367597 -27.195551328 -0.802624142 -0.272582423 0.452796838 0.276529082
100015.282710000 -21.882394751 -144.007323724 -27.533516365 -0.808365704 -0.275464599 0.441013360 0.275991592
100015.316043000 -22.144086700 -145.280943974 -27.875076184 -0.814690059 -0.278364530 0.428163961 0.274716071
100015.349376000 -22.406834531 -146.561874939 -28.220691105 -0.822595474 -0.281462589 0.411937385 0.272805953
100015.382709000 -22.670840028 -147.849823058 -28.570611672 -0.831575494 -0.285241158 0.392354102 0.270514210
100015.416042000 -22.936608021 -149.144836557 -28.924435204 -0.840431163 -0.289430297 0.371044024 0.268759922
100015.449375000 -23.204268329 -150.446838762 -29.281687834 -0.848721222 -0.292681827 0.348678424 0.269133781
100015.482708000 -23.473287847 -151.755627826 -29.642757658 -0.857337976 -0.294540146 0.323420858 0.271323877
100015.516041000 -23.744230067 -153.071750801 -30.007298870 -0.865150604 -0.295676159 0.298315942 0.274039485
100015.549374000 -24.018817827 -154.396488020 -30.374454103 -0.870509596 -0.297761385 0.278249052 0.275914236
100015.582707000 -24.297444232 -155.730241937 -30.743859065 -0.873591242 -0.300621478 0.263583172 0.277468884
100015.616040000 -24.579668480 -157.072976889 -31.115654465 -0.875161518 -0.303654902 0.253725692 0.278404906
100015.649373000 -24.865358947 -158.424425334 -31.490199649 -0.875314677 -0.307157283 0.248723912 0.278594750
100015.682706000 -25.154706891 -159.784596939 -31.867764802 -0.874161629 -0.311464422 0.248681101 0.277469045
100015.716039000 -25.447640886 -161.153165662 -32.248738189 -0.872219016 -0.316613518 0.251008265 0.275653260
100015.749372000 -25.744106343 -162.530052762 -32.633806331 -0.870026282 -0.322989503 0.254707463 0.271764894
100015.782705000 -26.022312582 -163.931084224 -33.036385157 -0.867903945 -0.329421778 0.258757038 0.266962224
100015.816038000 -26.341912778 -165.353790826 -33.454765157 -0.866271449 -0.335213315 0.261252950 0.262588473
100015.849371000 -26.647379188 -166.756695712 -33.852581450 -0.864061361 -0.341091282 0.265815244 0.257676073
100015.882704000 -26.955663291 -168.167281009 -34.253647203 -0.861547300 -0.346578010 0.271377953 0.252930699
100015.916037000 -27.201736606 -169.598940545 -34.664511853 -0.858843888 -0.351447834 0.277918118 0.248260179
100015.949370000 -27.638749290 -170.990417723 -35.051750892 -0.856587944 -0.355421039 0.283191100 0.244409041
100015.982703000 -31.058934002 -171.862734900 -35.241860749 -0.859099169 -0.345661628 0.285665194 0.246702358
100016.016036000 -31.404466421 -173.297999253 -35.654306435 -0.857943359 -0.349504863 0.286351257 0.244504604
100016.049369000 -31.751648294 -174.742621145 -36.070287286 -0.857153838 -0.352109734 0.285585511 0.244431890
100016.082702000 -32.099813133 -176.194859884 -36.488851268 -0.856378176 -0.354051375 0.283721714 0.246507672
100016.116035000 -32.448431564 -177.654925385 -36.909897265 -0.856116543 -0.355699699 0.280039856 0.249238577
100016.149368000 -32.128111659 -179.303507956 -37.392922508 -0.855662780 -0.360363296 0.274822284 0.249904409
100016.182701000 -32.471758910 -180.787895798 -37.819596732 -0.856711057 -0.362625969 0.268387733 0.250033192
100016.216034000 -32.814628872 -182.275031702 -38.245190690 -0.857611461 -0.365165575 0.263068746 0.248900622
100016.249367000 -33.182835102 -183.741340384 -38.644144927 -0.858450911 -0.367281412 0.259107671 0.247041723
100016.282700000 -33.528376264 -185.247346944 -39.070106504 -0.858785418 -0.369194914 0.258486902 0.243653941
100016.316033000 -33.875292593 -186.762341452 -39.495968858 -0.858880383 -0.370577402 0.260784226 0.238722566
100016.349366000 -34.223128880 -188.286113160 -39.921997464 -0.859088084 -0.370458687 0.264981865 0.233479415
100016.382699000 -34.571427186 -189.817853662 -40.348821238 -0.859633148 -0.368443424 0.270122494 0.228722827
100016.416032000 -34.919886049 -191.356924703 -40.777149191 -0.860803339 -0.364476905 0.274340164 0.225636148
100016.449365000 -36.111548811 -192.813411255 -41.220418231 -0.863924184 -0.355020929 0.275924632 0.226849603
100016.482698000 -36.468123932 -194.366855582 -41.654492834 -0.866328398 -0.347765831 0.276350215 0.228395693
100016.516031000 -36.824665755 -195.927257623 -42.091638464 -0.868929771 -0.340435851 0.274716237 0.231506961
100016.549364000 -34.911096669 -197.659012853 -42.422642137 -0.869026964 -0.341299651 0.273303427 0.231542480
100016.582697000 -35.246079131 -199.230941435 -42.864702907 -0.871358838 -0.333760067 0.269493533 0.238141195
100016.616030000 -34.927669872 -200.844289871 -43.275916265 -0.873369607 -0.327403015 0.264792913 0.244780532
100016.649363000 -35.257164068 -202.432007417 -43.728103440 -0.874843733 -0.318031642 0.262406014 0.254258531
100016.682696000 -35.587358557 -204.028619941 -44.186573110 -0.875976053 -0.308273746 0.260873699 0.263776732
100016.716029000 -35.918054951 -205.632035647 -44.650518082 -0.876805653 -0.296896645 0.259822701 0.274875231
100016.749362000 -36.249867420 -207.242327929 -45.120112587 -0.876410100 -0.286258206 0.260713140 0.286339369
100016.782695000 -36.582458482 -208.859962606 -45.595441738 -0.875194765 -0.276790755 0.263504718 0.296624789
100016.816028000 -36.915883019 -210.485162870 -46.076158240 -0.873206509 -0.267346135 0.267815343 0.307101577
100016.849361000 -37.249934180 -212.118419116 -46.561919365 -0.870873176 -0.258148390 0.273076611 0.316809857
100016.882694000 -37.584599233 -213.759763168 -47.052525355 -0.867935933 -0.249696415 0.278917705 0.326410524
100016.916027000 -37.920089707 -215.409300380 -47.548215118 -0.864648648 -0.242545565 0.284983126 0.335170079
100016.949360000 -38.256413762 -217.067127919 -48.048936081 -0.861534169 -0.235631802 0.291086158 0.342790573
100016.982693000 -38.593237118 -218.733227191 -48.554355905 -0.858454974 -0.228528633 0.297033880 0.350143678
100017.016026000 -38.930668111 -220.407842002 -49.064398856 -0.855389095 -0.222090347 0.303161243 0.356480903
100017.049359000 -39.268877447 -222.090918230 -49.579157876 -0.852054876 -0.215204478 0.310351695 0.362451855
100017.082692000 -39.607499069 -223.782214290 -50.098502870 -0.848320774 -0.206505490 0.317883940 0.369671676
100017.116025000 -39.946859922 -225.481937846 -50.622540459 -0.844009064 -0.197241460 0.326511766 0.377007391
100017.149358000 -40.287255982 -227.190137255 -51.151268527 -0.838844571 -0.187966738 0.336500930 0.384415680
100017.182691000 -40.628600896 -228.906512191 -51.684777470 -0.833276172 -0.177624078 0.346063603 0.392861923
100017.216024000 -40.971210275 -230.630803259 -52.223216379 -0.827995077 -0.166526785 0.354177496 0.401561058
100017.249357000 -41.315272293 -232.363010603 -52.766449218 -0.823749242 -0.154735114 0.359401007 0.410274478
100017.282690000 -41.660588925 -234.103388668 -53.314223452 -0.821183841 -0.142007250 0.361162357 0.418393107
100017.316023000 -42.007555130 -235.852149584 -53.866148993 -0.819165925 -0.128536752 0.361435716 0.426391504
100017.349356000 -42.356941115 -237.609366260 -54.421887841 -0.817063175 -0.115777026 0.361085869 0.434304551
100017.382689000 -42.708439200 -239.374973783 -54.981491848 -0.815486833 -0.104558440 0.359852501 0.441083818
100017.416022000 -43.061561295 -241.148923078 -55.544906318 -0.814571030 -0.094384934 0.358190660 0.446391053
100017.449355000 -43.416805655 -242.931253517 -56.112158382 -0.813675548 -0.085217976 0.357890347 0.450093877
100017.482688000 -43.774196979 -244.721922185 -56.683113985 -0.812999472 -0.075894793 0.358038436 0.452857945
100017.516021000 -44.134090484 -246.520585588 -57.257298593 -0.811887785 -0.067019121 0.358423714 0.455937608
100017.549354000 -44.496719084 -248.326863345 -57.834738714 -0.810062705 -0.059886905 0.359689423 0.459168260
100017.582687000 -44.861880773 -250.140628022 -58.415714793 -0.808390112 -0.053895581 0.360576462 0.462152906
100017.616020000 -45.229340561 -251.961741000 -59.000213539 -0.807067127 -0.048286824 0.360213807 0.465356904
100017.649353000 -45.599188772 -253.790149827 -59.588184965 -0.806335085 -0.043622520 0.358300616 0.468552532
100017.682686000 -45.972004452 -255.625845893 -60.179778247 -0.806123836 -0.040301483 0.355893288 0.471041525
100017.716019000 -46.347846114 -257.468824967 -60.775110207 -0.806741293 -0.037583127 0.352905894 0.472454680
100017.749352000 -46.726398310 -259.319037383 -61.374112668 -0.808083195 -0.034836294 0.348803188 0.473417700
100017.782685000 -47.107434541 -261.176526567 -61.976822352 -0.810155400 -0.031742770 0.343369680 0.474065278
100017.816018000 -47.490982858 -263.041444961 -62.583395157 -0.813512761 -0.028378847 0.335752582 0.473985054
100017.849351000 -47.877429916 -264.913837950 -63.193897272 -0.817651590 -0.024853277 0.327017759 0.473167598
100017.882684000 -48.266738535 -266.793652318 -63.808446049 -0.822240008 -0.021224049 0.317595617 0.471809213
100017.916017000 -48.658603912 -268.680798267 -64.427287818 -0.826714751 -0.017447521 0.307978184 0.470518589
100017.949350000 -49.052742634 -270.575370796 -65.050754160 -0.830951716 -0.013683176 0.298277294 0.469428027
100017.982683000 -49.448752695 -272.477574147 -65.679138807 -0.835318288 -0.010400994 0.288089610 0.468123438
100018.016016000 -49.846110872 -274.387664809 -66.312690255 -0.839986769 -0.007617781 0.277385424 0.466284810
100018.049349000 -50.244475006 -276.305911175 -66.951395730 -0.844572334 -0.004911784 0.266688643 0.464274288
100018.082682000 -50.643620486 -278.232575043 -67.595088640 -0.848458128 -0.002043171 0.256768346 0.462800871
100018.116015000 -51.043030091 -280.167948844 -68.243728502 -0.851773084 0.001113338 0.246815962 0.462129045
100018.149348000 -51.442497967 -282.112270275 -68.897175769 -0.854601432 0.003608946 0.236581178 0.462247460
100018.182681000 -51.842029565 -284.065880465 -69.555462336 -0.856967140 0.004838096 0.226916736 0.462701534
100018.216014000 -52.241215987 -286.029108989 -70.218608824 -0.859033794 0.005656275 0.217339388 0.463457158
100018.249347000 -52.640028575 -288.002175352 -70.886548907 -0.860903171 0.006604727 0.207218884 0.464609989
100018.282680000 -53.038712420 -289.985279841 -71.559199015 -0.862762866 0.006969440 0.197332413 0.465458466
100018.316013000 -53.437044007 -291.978677567 -72.236384240 -0.864942103 0.007034291 0.186559450 0.465855394
100018.349346000 -53.835401164 -293.982408567 -72.917747904 -0.867067024 0.006122636 0.175977938 0.466035466
100018.382679000 -54.234044388 -295.996645709 -73.603042606 -0.869108172 0.003738683 0.166498728 0.465741539
100018.416012000 -54.632785031 -298.021673165 -74.291985883 -0.871079434 0.000388438 0.157652086 0.465151898
100018.449345000 -55.031971229 -300.057629059 -74.984518644 -0.873242444 -0.004805903 0.150139356 0.463554432
100018.482678000 -55.431660351 -302.104626136 -75.680609731 -0.875527451 -0.011681048 0.144648764 0.460860034
100018.516011000 -55.831616835 -304.162648330 -76.380141666 -0.877714413 -0.019731094 0.140840823 0.457593657
100018.549344000 -56.231809360 -306.231473107 -77.083053106 -0.879540331 -0.029310835 0.139344428 0.454018515
100018.582677000 -56.631906858 -308.310828489 -77.789460516 -0.881107766 -0.039538842 0.139791986 0.450048870
100018.616010000 -57.702032529 -310.052843867 -78.229293238 -0.882489785 -0.046375576 0.141133106 0.446253887
100018.649343000 -58.106825329 -312.150810232 -78.941333143 -0.883283902 -0.054593108 0.143988421 0.442827817
100018.682676000 -58.492994709 -314.235312691 -79.632424503 -0.883432686 -0.060785339 0.147877788 0.440436138
100018.716009000 -58.896168238 -316.349331487 -80.351121721 -0.882513268 -0.065033528 0.152788009 0.439996360
100018.749342000 -59.298977535 -318.471923532 -81.073713885 -0.880540757 -0.067757128 0.158573855 0.441487575
100018.782675000 -59.701574487 -320.603179136 -81.800774284 -0.878036786 -0.069327062 0.164903069 0.443905552
100018.816008000 -60.104246746 -322.743058449 -82.532689416 -0.875101812 -0.070041838 0.172665632 0.446629084
100018.849341000 -60.506983028 -324.891392029 -83.269669998 -0.871786929 -0.070014434 0.181777753 0.449491243
100018.882674000 -60.909674721 -327.048077346 -84.011858663 -0.867670513 -0.069023850 0.192610254 0.453083744
100018.916007000 -61.312291511 -329.213164398 -84.759417838 -0.863011382 -0.066492432 0.204261981 0.457238618
100018.949340000 -61.714837855 -331.386837379 -85.512310463 -0.858260473 -0.061561325 0.214848132 0.461995070
100018.982673000 -62.117703032 -333.569079169 -86.270388993 -0.853081848 -0.054820639 0.224736427 0.467696051
100019.016006000 -62.521470054 -335.759906862 -87.033386403 -0.847675138 -0.047210364 0.233498871 0.474021434
100019.049339000 -62.926877374 -337.959306618 -87.801229341 -0.842516942 -0.039113458 0.240879128 0.480221392
100019.082672000 -63.334472952 -340.167195654 -88.573680881 -0.838058336 -0.029569475 0.245124799 0.486515883
100019.116005000 -63.745089398 -342.383379188 -89.350259120 -0.833592924 -0.020541008 0.248958075 0.492667009
100019.149338000 -64.158735210 -344.607785838 -90.130569757 -0.829019171 -0.012611124 0.252798389 0.498659350
100019.182671000 -64.575193693 -346.840419457 -90.914520532 -0.824362228 -0.005213950 0.256535599 0.504568349
100019.216004000 -64.994256818 -349.081353245 -91.702171513 -0.819887477 0.001966654 0.259843599 0.510158760
100019.249337000 -65.416035010 -351.330662345 -92.493524581 -0.815513861 0.008127363 0.263398136 0.515259653
100019.282670000 -65.840372311 -353.588392787 -93.288728841 -0.810972495 0.013112788 0.267362680 0.520258460
100019.316003000 -66.266943737 -355.854492237 -94.088047038 -0.806376600 0.017991812 0.270835991 0.525434048
100019.349336000 -66.696117640 -358.128663189 -94.891589760 -0.801906947 0.022037287 0.274070541 0.530419593
100019.382669000 -67.127983422 -360.410809552 -95.699492501 -0.798067740 0.024547728 0.276917282 0.534604630
100019.416002000 -67.562196615 -362.701068540 -96.511870184 -0.794896023 0.026500149 0.279048109 0.538117280
100019.449335000 -67.998576517 -364.999511154 -97.328852699 -0.792524889 0.028526076 0.280314798 0.540845799
100019.482668000 -68.437319126 -367.306030662 -98.150303787 -0.790714883 0.030399873 0.281020000 0.543022634
100019.516001000 -68.878667377 -369.620554757 -98.975985926 -0.789074532 0.031602860 0.281883584 0.544889244
100019.549334000 -69.322169778 -371.943242578 -99.805966553 -0.787916554 0.032366724 0.282388695 0.546256830
100019.582667000 -69.767565633 -374.274229061 -100.640233681 -0.787022030 0.032675341 0.282869567 0.547278223
100019.616000000 -70.214936437 -376.613623372 -101.478668119 -0.786277193 0.031978659 0.284189117 0.547706206
100019.649333000 -70.663896884 -378.961569623 -102.321216234 -0.785963136 0.030599877 0.285273124 0.547672202
100019.682666000 -71.114472411 -381.318126952 -103.167816617 -0.786105178 0.028402515 0.286009622 0.547202378
100019.715999000 -71.566689788 -383.683442223 -104.018499294 -0.786509046 0.025345718 0.287313470 0.546087983
100019.749332000 -72.020543140 -386.057449580 -104.873353753 -0.786321866 0.021172193 0.290302845 0.544953135
100019.782665000 -72.475871711 -388.440374450 -105.732562859 -0.785926415 0.017092843 0.293281657 0.544071111
100019.815998000 -72.932611506 -390.832691534 -106.596179294 -0.785806926 0.013290892 0.296052450 0.542847838
100019.849331000 -73.390538415 -393.234713635 -107.464094977 -0.785582426 0.009858588 0.298893874 0.541687652
100019.882664000 -73.850137775 -395.646184344 -108.336412212 -0.784654348 0.006361033 0.302286572 0.541202292
100019.915997000 -74.312075409 -398.066971343 -109.213250490 -0.783630959 0.001456906 0.306216163 0.540510924
100019.949330000 -77.522647303 -400.891578893 -110.879135043 -0.781169652 -0.000280508 0.307569335 0.543300102
100019.982663000 -78.008898092 -403.342101119 -111.775938746 -0.780778660 -0.004689006 0.311433900 0.541637908
100020.015996000 -78.495474247 -405.793845416 -112.675028386 -0.779876001 -0.007170468 0.315640741 0.540474727
100020.049329000 -78.984540579 -408.254013833 -113.579154885 -0.778357981 -0.008724949 0.320461752 0.539802737
100020.082662000 -79.476147463 -410.722437116 -114.488485777 -0.776688845 -0.009643698 0.325180910 0.539368903
100020.115995000 -79.970222044 -413.199115646 -115.403095339 -0.774933348 -0.009876466 0.329014697 0.539564723
100020.149328000 -80.466778204 -415.684126112 -116.322990841 -0.773233148 -0.009494700 0.331664934 0.540387566
100020.182661000 -80.965961880 -418.177497335 -117.248164244 -0.771554814 -0.009464471 0.333727180 0.541516170
100020.215994000 -81.467782323 -420.679319418 -118.178706707 -0.769975804 -0.009558260 0.335424383 0.542712063
100020.249327000 -81.972317842 -423.189767626 -119.114551528 -0.768103746 -0.009657959 0.337903342 0.543824136
100020.282660000 -82.479264112 -425.709053011 -120.055630105 -0.766201752 -0.009483714 0.340738417 0.544740549
100020.315993000 -82.988139812 -428.237512354 -121.001903655 -0.765313503 -0.007379343 0.341708633 0.545413602
100020.349326000 -83.499314627 -430.774934036 -121.953147206 -0.763700450 -0.005590827 0.343859992 0.546342997
100020.382659000 -84.012770034 -433.321066962 -122.909196118 -0.761861002 -0.005630415 0.346966083 0.546946660
100020.415992000 -87.206586821 -435.394938300 -123.660543031 -0.760365901 -0.000978278 0.346391998 0.549413617
100020.449325000 -88.867696512 -437.817829613 -124.647783175 -0.760632992 0.003169206 0.344725990 0.550083084
100020.482658000 -89.411007744 -440.386089511 -125.619050167 -0.761688277 0.007033472 0.342948411 0.549697995
100020.515991000 -89.955457921 -442.962621500 -126.594529104 -0.762065933 0.011228647 0.341849915 0.549789112
100020.549324000 -90.501205557 -445.548245318 -127.574308728 -0.761805490 0.015840631 0.340715673 0.550739775
100020.582657000 -91.048355756 -448.143174146 -128.558438526 -0.761366480 0.020142445 0.338568230 0.552527753
100020.615990000 -91.597471594 -450.747405846 -129.547012626 -0.760852132 0.022598933 0.336249910 0.554553261
100020.649323000 -92.148786044 -453.360842938 -130.540169911 -0.760382576 0.023083067 0.334594009 0.556176554
100020.682656000 -92.702043047 -455.983316520 -131.538008944 -0.760034337 0.022124520 0.333736422 0.557205808
100020.715989000 -93.256864591 -458.614642823 -132.540665994 -0.760079492 0.020704516 0.332976060 0.557653506
100020.749322000 -93.813322419 -461.254712813 -133.548008018 -0.760306587 0.019019533 0.332427257 0.557731360
100020.782655000 -94.371601770 -463.903466850 -134.559871362 -0.760618220 0.016518487 0.332178271 0.557534446
100020.815988000 -94.931571892 -466.560916288 -135.576394820 -0.761351960 0.013522688 0.331574409 0.556972837
100020.849321000 -95.493131701 -469.227053870 -136.597716723 -0.762637625 0.010239436 0.330526861 0.555905569
100020.882654000 -96.056364472 -471.901807924 -137.623852204 -0.764453165 0.006476699 0.329256493 0.554219787
100020.915987000 -96.621354486 -474.585246772 -138.654726211 -0.766960582 0.002313034 0.327613785 0.551756580
100020.949320000 -97.188105890 -477.277446265 -139.690263926 -0.770090201 -0.001647100 0.325094354 0.548882528
100020.982653000 -97.756820775 -479.978518636 -140.730307235 -0.772771839 -0.005412989 0.323175310 0.546216169
100021.015986000 -98.327317817 -482.688708633 -141.774847871 -0.774677057 -0.009002349 0.321971984 0.544176861
100021.049319000 -98.899145655 -485.408320968 -142.824167235 -0.776120058 -0.012218369 0.321208523 0.542506637
100021.082652000 -99.471994375 -488.137506906 -143.878554223 -0.776957974 -0.014816160 0.321031643 0.541345982
100021.115985000 -100.045818658 -490.876378003 -144.938228108 -0.776826849 -0.015666869 0.321316113 0.541341438
100021.149318000 -100.621032250 -493.624880278 -146.003145280 -0.775232901 -0.015154704 0.322713102 0.542808012
100021.182651000 -101.197769140 -496.382887453 -147.073411179 -0.772746539 -0.014096792 0.324732141 0.545172545
100021.215984000 -101.775842099 -499.150434655 -148.149225158 -0.770008122 -0.012123045 0.326708214 0.547907170
100021.249317000 -102.354943034 -501.927599806 -149.230737559 -0.767206645 -0.007802478 0.328415805 0.550886689
100021.282650000 -102.935136307 -504.714219488 -150.317832347 -0.763472297 -0.001104012 0.330931607 0.554610768
100021.315983000 -103.516620865 -507.510170805 -151.410355743 -0.758562501 0.006988987 0.334352663 0.559233747
100021.349316000 -104.099450426 -510.315459591 -152.508523343 -0.752633957 0.015898550 0.339145758 0.564153807
100021.382649000 -104.683337181 -513.130156245 -153.612591805 -0.745683712 0.025961044 0.345186462 0.569322520
100021.415982000 -105.268090124 -515.954360376 -154.722638904 -0.737388350 0.037511884 0.352486518 0.574982203
100021.449315000 -102.983067887 -519.120403317 -155.692482709 -0.729239217 0.047995932 0.362344784 0.578457270
100021.482648000 -103.547987150 -521.954318527 -156.808066962 -0.718187674 0.063989392 0.370884543 0.585283246
100021.515981000 -104.115785149 -524.809691681 -157.934097317 -0.705763373 0.082947466 0.378699536 0.592962428
100021.549314000 -104.684897794 -527.674902550 -159.065686488 -0.691875747 0.104383519 0.385337313 0.601603845
100021.582647000 -103.597688194 -531.705905071 -161.079690680 -0.675947893 0.123088256 0.393403107 0.610882740
100021.615980000 -104.160490501 -534.604556200 -162.230081248 -0.659862582 0.143084464 0.399067623 0.620365409
100021.649313000 -104.724127147 -537.506323085 -163.383273114 -0.643484954 0.161865003 0.404921305 0.629099016
100021.682646000 -105.289784429 -540.417405696 -164.542155616 -0.626330711 0.181156213 0.411417618 0.636889167
100021.715979000 -105.857392778 -543.337666843 -165.706643790 -0.607768139 0.201628645 0.418067991 0.644346904
100021.749312000 -106.427026587 -546.266884754 -166.876818951 -0.588459387 0.222474911 0.424125278 0.651412474
100021.782645000 -107.375732059 -549.138001882 -168.048668166 -0.569062701 0.243824607 0.428664891 0.657999708
100021.815978000 -107.952448467 -552.085037119 -169.230943174 -0.550543447 0.264103839 0.432963359 0.663094115
100021.849311000 -108.531629765 -555.040693043 -170.418994311 -0.532833192 0.283534022 0.436698259 0.667077116
100021.882644000 -109.113465751 -558.005449090 -171.612807950 -0.515752542 0.302086045 0.439970629 0.670200852
100021.915977000 -109.697876354 -560.979394676 -172.812240766 -0.498363940 0.320078397 0.442829451 0.673116098
100021.949310000 -114.759375934 -564.461860798 -175.342294528 -0.476700349 0.338828026 0.442184012 0.680018857
100021.982643000 -115.380085280 -567.473738214 -176.570562358 -0.460177590 0.354965107 0.444314979 0.681777498
100022.015976000 -116.000442755 -570.478818711 -177.798204321 -0.444587630 0.370129677 0.446098261 0.682892526
100022.049309000 -115.993135289 -573.726520185 -179.160123452 -0.430374416 0.383824134 0.448019782 0.683180189
100022.082642000 -116.614985519 -576.750688724 -180.399901022 -0.416736842 0.396991706 0.448920586 0.683519054
100022.115975000 -115.083160896 -580.288636821 -181.761711497 -0.405890082 0.408104669 0.451178963 0.682012730
100022.149308000 -114.560785174 -583.396383624 -182.865128913 -0.395925409 0.419253093 0.451479730 0.680908193
100022.182641000 -115.169494844 -586.448643348 -184.119170303 -0.385763889 0.429256022 0.450803117 0.680956709
100022.215974000 -115.781589331 -589.513096050 -185.379589538 -0.376613447 0.437957574 0.450112183 0.680995226
100022.249307000 -116.396564390 -592.586990536 -186.645171394 -0.368595218 0.445068422 0.449492290 0.681181581
100022.282640000 -117.014446681 -595.670276904 -187.915843412 -0.361688656 0.450163519 0.448993421 0.681864378
100022.315973000 -117.635328311 -598.762866040 -189.191659409 -0.356498883 0.453341996 0.448427737 0.682863196
100022.349306000 -118.259306647 -601.864568840 -190.472536956 -0.353468121 0.454084765 0.448097258 0.684160917
100022.382639000 -118.886420561 -604.975213692 -191.758588420 -0.352764756 0.452687936 0.448090360 0.685452908
100022.415972000 -119.516684695 -608.094687490 -193.050155655 -0.354440584 0.450147010 0.448160922 0.686215221
100022.449305000 -120.150096612 -611.222898505 -194.347241108 -0.358920230 0.446394914 0.448057901 0.686405104
100022.482638000 -120.786691836 -614.359833250 -195.649659264 -0.366259185 0.441145698 0.447757992 0.686117675
100022.515971000 -121.426472055 -617.505529891 -196.957447646 -0.375858716 0.434676559 0.447206606 0.685414302
100022.549304000 -122.069500792 -620.660014037 -198.270588209 -0.387385976 0.426988991 0.446472343 0.684306184
100022.582637000 -122.715712079 -623.823358430 -199.589021834 -0.400212819 0.417951977 0.445485588 0.683145984
100022.615970000 -123.365034677 -626.995606205 -200.912771336 -0.414274280 0.407463998 0.444021450 0.682051950
100022.649303000 -124.017533976 -630.176791511 -202.242015050 -0.429671280 0.395562540 0.442253205 0.680679786
100022.682636000 -124.673226841 -633.366968413 -203.576798079 -0.446402577 0.382163746 0.440283314 0.678841818
100022.715969000 -125.331993573 -636.566205665 -204.917040977 -0.463665591 0.367417342 0.438304284 0.676689050
100022.749302000 -125.993668478 -639.774556264 -206.262828069 -0.480877624 0.351542344 0.436375626 0.674352285
100022.782635000 -126.658115251 -642.992126830 -207.614274089 -0.497763089 0.335063011 0.434385502 0.671769247
100022.815968000 -127.325257067 -646.219002641 -208.971391069 -0.514405136 0.317978910 0.432173182 0.668956732
100022.849301000 -127.994999878 -649.455347973 -210.334269851 -0.531078612 0.300493069 0.429333166 0.665832153
100022.882634000 -128.667293503 -652.701256536 -211.702993342 -0.547542328 0.282981237 0.425736619 0.662470641
100022.915967000 -129.342172436 -655.956732283 -213.077379298 -0.563366348 0.265377639 0.421681697 0.659073299
100022.949300000 -130.019857825 -659.221642014 -214.457182583 -0.578421121 0.246934864 0.417686341 0.655736456
100022.982633000 -130.700352841 -662.495920129 -215.842685428 -0.592842660 0.227932768 0.413892715 0.652132697
100023.015966000 -131.383631991 -665.779572942 -217.234225106 -0.607053089 0.208592525 0.409999020 0.647978787
100023.049299000 -132.778760969 -668.422224163 -218.057541510 -0.621638405 0.190073946 0.404664895 0.643182643
100023.082632000 -131.558307140 -674.100876150 -221.688943273 -0.635061955 0.166299838 0.400851260 0.639029690
100023.115965000 -132.244334471 -677.434518197 -223.114887809 -0.649981816 0.145199400 0.394189749 0.633289203
100023.149298000 -132.930701381 -680.765316752 -224.541712420 -0.664932594 0.123571210 0.386831040 0.626862464
100023.182631000 -133.619845216 -684.105451850 -225.974601868 -0.679973056 0.101222233 0.378605123 0.619716761
100023.215964000 -134.311701769 -687.454942063 -227.413645444 -0.694894687 0.078687201 0.369584257 0.611831002
100023.249297000 -135.006318026 -690.813723558 -228.858746157 -0.709596798 0.055978621 0.359713811 0.603278337
100023.282630000 -135.703754945 -694.181698110 -230.309869494 -0.724040729 0.033007858 0.348940847 0.594067159
100023.315963000 -136.404104281 -697.558804480 -231.767139959 -0.738190555 0.009943481 0.337305415 0.584124035
100023.349296000 -137.107358228 -700.945114289 -233.230756716 -0.752240860 -0.012918215 0.324631187 0.573220202
100023.382629000 -137.813344045 -704.340832539 -234.700801059 -0.766021484 -0.034974058 0.310732205 0.561634577
100023.415962000 -138.521979417 -707.746150033 -236.177223870 -0.779002670 -0.056262587 0.296107067 0.549827215
100023.449295000 -139.233341134 -711.161114078 -237.660056593 -0.790714858 -0.077278596 0.282119437 0.537779374
100023.482628000 -140.891094859 -712.670029201 -237.146229605 -0.802879271 -0.095685184 0.268594318 0.523532534
100023.515961000 -142.590468407 -714.444928177 -236.969032372 -0.813795787 -0.113414130 0.255900087 0.509302266
100023.549294000 -143.320839458 -717.863812546 -238.445652807 -0.822539939 -0.131647324 0.243836903 0.496629233
100023.582627000 -144.055832326 -721.309978277 -239.945626426 -0.830126826 -0.148626805 0.232447533 0.484528296
100023.615960000 -144.791567397 -724.752925890 -241.436895748 -0.836673627 -0.164051026 0.221466707 0.473304342
100023.649293000 -146.112025418 -727.281645878 -242.014040779 -0.842766924 -0.176834303 0.210932655 0.462580756
100023.682626000 -146.855747811 -730.735902850 -243.510124368 -0.847057853 -0.189834406 0.200790547 0.454025382
100023.715959000 -147.065784814 -734.773673916 -245.548812391 -0.849878679 -0.202641596 0.191385380 0.447229528
100023.749292000 -147.812667701 -738.252583204 -247.061465036 -0.852730591 -0.213210987 0.181688869 0.440886345
100023.782625000 -148.562405169 -741.740044311 -248.580046857 -0.855299582 -0.222270555 0.172390894 0.435131940
100023.815958000 -149.315111104 -745.236591243 -250.104807572 -0.857665488 -0.229903418 0.163197797 0.430024196
100023.849291000 -150.070672590 -748.742254694 -251.635862431 -0.860211240 -0.236254203 0.153384036 0.425081065
100023.882624000 -150.828873550 -752.256896713 -253.173031550 -0.862772114 -0.241029157 0.142711598 0.420906908
100023.915957000 -151.590003832 -755.780424052 -254.716042864 -0.864896558 -0.244612069 0.132592201 0.417777677
100023.949290000 -152.354351988 -759.313014249 -256.264694972 -0.866452297 -0.247344184 0.124194390 0.415520185
100023.982623000 -153.122031077 -762.854869012 -257.818647214 -0.867239949 -0.249410789 0.117670939 0.414539116
100024.015956000 -153.892894083 -766.406125620 -259.377641115 -0.867300646 -0.251102970 0.112929233 0.414709388
100024.049289000 -154.666878847 -769.966965589 -260.941745297 -0.866878791 -0.252693271 0.110727010 0.415218980
100024.082622000 -155.443875384 -773.537656681 -262.511005092 -0.866430222 -0.254114916 0.110986105 0.415218453
100024.115955000 -156.223653306 -777.118224323 -264.085154088 -0.865963349 -0.255420330 0.112893772 0.414877005
100024.149288000 -157.006426758 -780.708437093 -265.664116814 -0.865138925 -0.257125816 0.117023736 0.414398843
100024.182621000 -157.792398247 -784.307919742 -267.247912497 -0.863798979 -0.259618110 0.123825683 0.413662858
100024.215954000 -158.581411077 -787.916380731 -268.836539067 -0.862190200 -0.262561113 0.131975011 0.412640663
100024.249287000 -159.373578612 -791.533797342 -270.430155966 -0.860472652 -0.266001946 0.140281990 0.411279398
100024.282620000 -160.168875336 -795.160339423 -272.028788895 -0.858586763 -0.269915016 0.148702352 0.409709976
100024.315953000 -160.967091941 -798.796170080 -273.632375929 -0.856007541 -0.274568044 0.158705219 0.408259883
100024.349286000 -161.767872906 -802.441525476 -275.240904295 -0.852917446 -0.280271359 0.169467072 0.406522702
100024.382619000 -162.571575698 -806.096831483 -276.854505481 -0.849183565 -0.287549377 0.181302007 0.404143801
100024.415952000 -163.378625838 -809.762683937 -278.473239993 -0.844626318 -0.297221783 0.195848036 0.399886412
100024.449285000 -164.188806270 -813.439045129 -280.097101006 -0.839085630 -0.308783073 0.212579158 0.394206065
100024.482618000 -165.002597215 -817.126023643 -281.726530638 -0.832420454 -0.322911885 0.232275859 0.385813461
100024.515951000 -165.819603762 -820.823397692 -283.361506292 -0.824697169 -0.338516162 0.254003769 0.375184586
100024.549284000 -166.638991098 -824.530091249 -285.002226039 -0.816478557 -0.352836360 0.275311315 0.364791651
100024.582617000 -169.801790127 -826.417627035 -285.061012526 -0.809256958 -0.362244201 0.296171541 0.355196752
100024.615950000 -169.826169183 -831.276937902 -287.843760737 -0.799244460 -0.374667520 0.316486484 0.347374219
100024.649283000 -170.663018349 -835.009950936 -289.502465704 -0.789106780 -0.385115058 0.337758796 0.338992445
100024.682616000 -171.501759327 -838.748349290 -291.165928393 -0.778987907 -0.394691649 0.357383262 0.331169966
100024.715949000 -172.342387267 -842.495138140 -292.836036881 -0.770622830 -0.401868673 0.372524509 0.325372883
100024.749282000 -173.185979700 -846.250716485 -294.513111955 -0.762433412 -0.408199126 0.386358730 0.320617681
100024.782615000 -174.032696975 -850.015460195 -296.197049630 -0.753838984 -0.414368823 0.400444559 0.315704641
100024.815948000 -174.882351258 -853.789136190 -297.887895042 -0.745181889 -0.420058709 0.413730699 0.311579110
100024.849281000 -175.734500727 -857.571798000 -299.585653256 -0.737607495 -0.424910312 0.424588164 0.308401201
100024.882614000 -176.589514824 -861.363536962 -301.290394023 -0.730240474 -0.429746584 0.434274976 0.305731859
100024.915947000 -177.447446417 -865.164718743 -303.001791204 -0.722754801 -0.434963218 0.443153444 0.303393343
100024.949280000 -178.308028676 -868.974968583 -304.719836881 -0.716210542 -0.439566536 0.449484739 0.302964007
100024.982613000 -179.171404202 -872.794537643 -306.444664973 -0.710316328 -0.443498088 0.454783769 0.303202711
100025.015946000 -180.037522444 -876.623530211 -308.176203316 -0.705152850 -0.447226157 0.458903951 0.303571055
100025.049279000 -180.906453292 -880.461808933 -309.914510574 -0.700550583 -0.450956561 0.462017806 0.303984554
100025.082612000 -181.778077155 -884.308947417 -311.659792444 -0.697348856 -0.453695533 0.463400424 0.305163863
100025.115945000 -182.652364421 -888.164597565 -313.412203055 -0.695967210 -0.455155217 0.462537517 0.307444980
100025.149278000 -183.529501346 -892.028668536 -315.171865007 -0.696206479 -0.455274270 0.459623551 0.311075665
100025.182611000 -184.409359876 -895.900925613 -316.938850792 -0.698527477 -0.453970278 0.453638834 0.316515655
100025.215944000 -185.291632157 -899.780863022 -318.713315718 -0.703774858 -0.450552437 0.443106405 0.324592305
100025.249277000 -186.176455450 -903.668999391 -320.495101893 -0.710703204 -0.445427383 0.430158635 0.333854686
100025.282610000 -187.063525166 -907.565699122 -322.284022093 -0.719224440 -0.438391198 0.415123333 0.343805149
100025.315943000 -187.952618455 -911.470887556 -324.080042109 -0.729193791 -0.429697708 0.397037332 0.354961480
100025.349276000 -188.843992638 -915.385394567 -325.882961587 -0.739018084 -0.421170538 0.377867767 0.365627680
100025.382609000 -189.737296171 -919.308749980 -327.692820196 -0.749365537 -0.412038962 0.355592710 0.377132617
100025.415942000 -190.632906690 -923.241585619 -329.509770667 -0.759211666 -0.403351582 0.332721830 0.387558166
100025.449275000 -191.530888557 -927.184243328 -331.333812650 -0.769186368 -0.394503935 0.308955450 0.396567153
100025.482608000 -192.431445890 -931.136729427 -333.164792011 -0.778346319 -0.384757110 0.285728464 0.405583801
100025.515941000 -193.334404477 -935.098994506 -335.002889791 -0.787176005 -0.373752063 0.262959787 0.414144278
100025.549274000 -194.239228378 -939.070630548 -336.847791748 -0.795604489 -0.360927927 0.239417735 0.423584321
100025.582607000 -195.145810172 -943.051787243 -338.699487955 -0.803281914 -0.346477411 0.214957976 0.434148177
100025.615940000 -196.054094447 -947.042699113 -340.558034201 -0.810765013 -0.330830253 0.188134259 0.444766160
100025.649273000 -196.965182361 -951.044007062 -342.423335780 -0.816796130 -0.315757442 0.162624803 0.454636661
100025.682606000 -197.879325260 -955.056042926 -344.295327643 -0.821330910 -0.302032054 0.138496935 0.463692541
100025.715939000 -198.796329760 -959.078775356 -346.173834566 -0.824510637 -0.289980815 0.115523727 0.471961444
100025.749272000 -199.716890309 -963.112882116 -348.059254000 -0.826752165 -0.280771222 0.096719536 0.477800911
