# timestamp tx ty tz qx qy qz qw
100005.516141000 0.110492918 -0.062464565 0.066395008 0.864766227 -0.015321786 -0.501670353 0.016476426
100005.549474000 0.104329516 -0.088730569 0.068929242 0.863169244 -0.011922721 -0.504714910 0.007717834
100005.582807000 0.103400759 -0.115420144 0.071780497 0.858495734 -0.016386803 -0.512551227 0.002790596
100005.616140000 0.110216665 -0.126083078 0.072934904 0.856665828 -0.016421441 -0.515610237 0.000281299
100005.649473000 0.122267934 -0.141178225 0.074248783 -0.852645127 0.020290615 0.522064497 0.005765416
100005.682806000 0.134569993 -0.157154343 0.075760564 -0.848013292 0.025674817 0.529211322 0.012232636
100005.716139000 0.145495028 -0.173099853 0.077565721 -0.842684844 0.021619676 0.537809094 0.013274821
100005.749472000 0.155736457 -0.189556988 0.079376270 -0.837562500 0.020153022 0.545792025 0.013927641
100005.782805000 0.165937130 -0.206227007 0.080980030 -0.832142338 0.022561246 0.553913643 0.014484357
100005.816138000 0.177408559 -0.223013465 0.082080692 -0.826863816 0.026724139 0.561557097 0.015351785
100005.849471000 0.189265946 -0.240091772 0.082807213 -0.825243716 0.032833328 0.563458471 0.020231966
100005.882804000 0.201640256 -0.257698479 0.083050911 -0.824112451 0.036235381 0.564648020 0.026424966
100005.916137000 0.214711743 -0.276112757 0.083200668 -0.823865637 0.036505253 0.564613696 0.033528399
100005.949470000 0.228483263 -0.295870361 0.082917980 -0.823766805 0.038571451 0.564402966 0.037010618
100005.982803000 0.243150438 -0.316705417 0.082430795 -0.824569427 0.040499577 0.563055022 0.037604327
100006.016136000 0.258031068 -0.338088019 0.082180609 -0.826005629 0.039920958 0.561079996 0.036197468
100006.049469000 0.273178265 -0.359807128 0.082509089 -0.827805853 0.036831470 0.558817172 0.033230731
100006.082802000 0.288619120 -0.381307992 0.083388419 -0.828256054 0.032526499 0.558491908 0.031948790
100006.116135000 0.304105300 -0.402526807 0.084548268 -0.826802525 0.029637505 0.560772154 0.032462203
100006.149468000 0.319960471 -0.424080045 0.085148187 -0.824457368 0.029064563 0.564256245 0.032251981
100006.182801000 0.336511061 -0.445813512 0.085442892 -0.822141248 0.029692678 0.567573587 0.032593512
100006.216134000 0.353992435 -0.467440353 0.085249446 -0.820841185 0.031871951 0.569245070 0.034117132
100006.249467000 0.372759735 -0.489115725 0.084396591 -0.820817322 0.036000052 0.568904438 0.036203051
100006.282800000 0.392833502 -0.510820443 0.083092028 -0.821551673 0.041083225 0.567267021 0.039662895
100006.316133000 0.414373198 -0.532517022 0.081586158 -0.822648188 0.048104112 0.564688066 0.045424029
100006.349466000 0.437057373 -0.554510490 0.080112321 -0.823472208 0.056304009 0.562115282 0.052438446
100006.382799000 0.460782467 -0.576904095 0.078843109 -0.823691713 0.064496029 0.560122080 0.060294936
100006.416132000 0.485662619 -0.599852499 0.077661831 -0.823560012 0.073092121 0.558367649 0.068058924
100006.449465000 0.511609782 -0.623727319 0.076497109 -0.823394978 0.081898115 0.556497932 0.074989741
100006.482798000 0.533330836 -0.577202095 0.080266834 -0.821461847 0.101471899 0.556409251 0.072887812
100006.516131000 0.561928880 -0.598549574 0.079512402 -0.820933746 0.107660785 0.555421151 0.077358166
100006.549464000 0.591107687 -0.620569709 0.078831650 -0.820312804 0.112848304 0.554850124 0.080582282
100006.582797000 0.621548842 -0.643452980 0.078198510 -0.819770232 0.116803157 0.554449624 0.083182947
100006.616130000 0.652959758 -0.667258790 0.077789858 -0.819102979 0.117373067 0.554804412 0.086521316
100006.649463000 0.685229631 -0.692350873 0.077088654 -0.817925853 0.119118089 0.556127362 0.086778672
100006.682796000 0.718733167 -0.717975937 0.076412972 -0.816564160 0.120906647 0.557672393 0.087212713
100006.716129000 0.753452520 -0.743852462 0.075736706 -0.814712056 0.124401031 0.559553718 0.087568752
100006.749462000 0.789088562 -0.770234236 0.075027722 -0.812850715 0.126783733 0.561761534 0.087313108
100006.782795000 0.825767844 -0.797133400 0.074151636 -0.810859804 0.129015601 0.564308170 0.086125736
100006.816128000 0.863686662 -0.824437656 0.073199254 -0.808533306 0.132118346 0.567095173 0.084980592
100006.849461000 0.902932326 -0.852346840 0.072449233 -0.806732036 0.134439322 0.569357796 0.083313810
100006.882794000 0.943237213 -0.880682671 0.071742323 -0.804312325 0.137154809 0.572445417 0.081095538
100006.916127000 0.985224177 -0.908772367 0.071021482 -0.801261132 0.143280218 0.575166924 0.081451752
100006.949460000 1.029616639 -0.936410117 0.069925495 -0.799571562 0.152944049 0.574190155 0.087172824
100006.982793000 1.075681103 -0.963694805 0.068675735 -0.800548491 0.157352826 0.570181770 0.096202654
100007.016126000 1.123038276 -0.991556056 0.067824418 -0.800461442 0.157900974 0.569240471 0.101459593
100007.049459000 1.171809721 -1.019330375 0.067658376 -0.797961150 0.159850270 0.571541714 0.105099778
100007.082792000 1.221737934 -1.046050625 0.068277713 -0.791424107 0.168755474 0.576935955 0.110970164
100007.116125000 1.279030560 -1.091567087 0.069817539 -0.782730516 0.179458887 0.583862791 0.119296639
100007.149458000 1.337718384 -1.122013654 0.069401703 -0.775237576 0.189753808 0.588352989 0.129772695
100007.182791000 1.392158821 -1.151142386 0.067699376 -0.771073176 0.197527248 0.589135336 0.139099602
100007.216124000 1.447754468 -1.182806561 0.065208202 -0.768894180 0.203122082 0.588338050 0.146292508
100007.249457000 1.504331623 -1.217186297 0.062439914 -0.768106385 0.205234017 0.587362750 0.151316154
100007.282790000 1.562273840 -1.254355420 0.059587392 -0.769323119 0.202297664 0.586291495 0.153231446
100007.316123000 1.621500903 -1.294054325 0.056600326 -0.772057117 0.194112937 0.585976599 0.151259382
100007.349456000 1.681844401 -1.335505714 0.053747954 -0.774370970 0.183316537 0.587762188 0.145877544
100007.382789000 1.743669502 -1.377521577 0.051296594 -0.775122786 0.174081900 0.590979026 0.140085504
100007.416122000 1.807202615 -1.419505658 0.048945383 -0.774859542 0.167144375 0.594302626 0.135866981
100007.449455000 1.988945264 -1.452483417 0.048867678 -0.767714755 0.166042674 0.603613879 0.136726627
100007.482788000 2.034630607 -1.499763635 0.044607832 -0.769899774 0.158377029 0.603172333 0.135477641
100007.516121000 2.137333987 -1.584387590 0.032661639 -0.770216762 0.154118867 0.603268203 0.138133958
100007.549454000 2.213380527 -1.629362380 0.028006419 -0.771578174 0.148728676 0.603124033 0.137070429
100007.582787000 2.291693327 -1.675504644 0.023233955 -0.771887021 0.144663840 0.604032857 0.135672798
100007.616120000 2.371975946 -1.722156441 0.018601638 -0.772280748 0.143084828 0.604367334 0.133601288
100007.649453000 2.454094324 -1.769274685 0.014496078 -0.770460255 0.141793792 0.607472505 0.131387484
100007.682786000 2.538865092 -1.816697654 0.010010744 -0.768689762 0.139909822 0.610103783 0.131585203
100007.716119000 2.723201671 -1.974204324 -0.006669909 -0.763891220 0.132011060 0.616729643 0.136703445
100007.749452000 2.807518228 -2.024718975 -0.012528524 -0.763232951 0.128353783 0.618325759 0.136652937
100007.782785000 2.901495563 -2.081658520 -0.019548056 -0.764795330 0.120434810 0.618847385 0.132708231
100007.816118000 2.997546981 -2.139900335 -0.026617106 -0.767026860 0.108867253 0.619371851 0.127264398
100007.849451000 3.095631059 -2.199530654 -0.033402864 -0.767692761 0.095369051 0.621906106 0.121595085
100007.882784000 3.195455875 -2.260582301 -0.040442147 -0.767761427 0.081806680 0.625080802 0.114560239
100007.916117000 3.297001591 -2.323013173 -0.048051228 -0.768352456 0.067069789 0.627730871 0.105309543
100007.949450000 3.400506594 -2.387028726 -0.056216898 -0.769127385 0.051462538 0.630147798 0.093318946
100007.982783000 3.506377328 -2.452157536 -0.064620276 -0.768963486 0.037251504 0.633056275 0.080914984
100008.016116000 3.456839976 -2.572073860 -0.062652948 -0.771745491 0.025347489 0.631446947 0.071001093
100008.049449000 3.723553010 -2.771427796 -0.083981517 -0.765579863 0.007899465 0.640173979 0.063264117
100008.082782000 3.741993376 -2.821290033 -0.063797646 -0.764017139 -0.010172159 0.643302649 0.048332601
100008.116115000 3.851599655 -2.893609501 -0.069904229 -0.758473820 -0.018144024 0.650211661 0.040162847
100008.149448000 3.965483303 -2.967893640 -0.075538127 -0.752059746 -0.025475419 0.657735735 0.033776381
100008.182781000 4.072386907 -3.027987004 -0.075315165 -0.744077408 -0.028464215 0.666751810 0.031314913
100008.216114000 4.152007064 -3.063817664 -0.064522282 -0.733930488 -0.023508081 0.677980654 0.033699291
100008.249447000 4.275092665 -3.140419311 -0.069450459 -0.723753744 -0.026577929 0.688757810 0.032966805
100008.282780000 4.399133950 -3.216479905 -0.076116249 -0.716764287 -0.028963204 0.695955728 0.032491763
100008.316113000 4.526160804 -3.293085084 -0.084657020 -0.712014463 -0.031251596 0.700670489 0.033460538
100008.349446000 4.656165653 -3.370069198 -0.095259744 -0.709926110 -0.032419368 0.702617942 0.035804066
100008.382779000 4.789168354 -3.447206455 -0.107842636 -0.710623360 -0.031194352 0.701745451 0.039933375
100008.416112000 4.925322586 -3.524084296 -0.122205913 -0.713919091 -0.025922886 0.698148880 0.047282939
100008.449445000 5.064426189 -3.601151735 -0.137532573 -0.718963659 -0.016997954 0.692583366 0.055951838
100008.482778000 5.206509868 -3.678499650 -0.153497014 -0.724845404 -0.004258336 0.685785975 0.065411037
100008.516111000 5.351519858 -3.755790484 -0.170123132 -0.731047895 0.013021473 0.677776454 0.077578960
100008.549444000 5.499828100 -3.833447816 -0.187407202 -0.736895056 0.034969049 0.668977589 0.090729421
100008.582777000 5.651497438 -3.911996156 -0.205097674 -0.741850027 0.060756258 0.659789234 0.103176458
100008.616110000 5.806226058 -3.991433989 -0.223268540 -0.746260836 0.089998250 0.649171516 0.116496448
100008.649443000 5.918605638 -4.021601199 -0.232282608 -0.750122527 0.123081791 0.636663480 0.129717697
100008.682776000 6.079674373 -4.102731113 -0.251282323 -0.752489531 0.153724111 0.624375844 0.142419133
100008.716109000 6.242159939 -4.184492448 -0.271271209 -0.755041368 0.183918249 0.610143056 0.154311575
100008.749442000 6.407610964 -4.267765304 -0.292565129 -0.758234443 0.214086003 0.593240939 0.165266150
100008.782775000 6.551033006 -4.285123166 -0.301539228 -0.759408306 0.250751271 0.573609623 0.177185850
100008.816108000 6.723554299 -4.370056276 -0.324745140 -0.760886665 0.282179951 0.553310534 0.187812172
100008.849441000 6.898675725 -4.456318189 -0.348563560 -0.760904430 0.314006123 0.532200654 0.197957236
100008.882774000 7.077008659 -4.544183603 -0.372642342 -0.759127305 0.345181032 0.511062245 0.208305479
100008.916107000 7.258315563 -4.633769747 -0.396709440 -0.755837564 0.375289621 0.490220019 0.218063319
100008.949440000 7.442522002 -4.725030099 -0.420367137 -0.750104119 0.404430473 0.471181652 0.227525061
100008.982773000 7.629991530 -4.818240124 -0.443847516 -0.742514543 0.432798631 0.453003987 0.236949122
100009.016106000 7.820965299 -4.913629876 -0.467380375 -0.733672336 0.460399031 0.434743297 0.246487124
100009.049439000 8.015561426 -5.011452486 -0.490983423 -0.723488680 0.487856416 0.415622752 0.256550142
100009.082772000 8.213345312 -5.111613408 -0.514404056 -0.711738874 0.514241322 0.397015814 0.267136823
100009.116105000 8.413800346 -5.213797795 -0.537098423 -0.698150218 0.538590154 0.380715764 0.278500315
100009.149438000 8.616662306 -5.318197829 -0.559203785 -0.683794376 0.560628581 0.366430560 0.289567764
100009.182771000 8.821867152 -5.424860156 -0.580871643 -0.668500011 0.580592016 0.354460967 0.300629456
100009.216104000 8.992070200 -5.476826972 -0.588478407 -0.650902630 0.601085636 0.343717066 0.311256169
100009.249437000 9.201144864 -5.586618627 -0.609406052 -0.635314232 0.616235236 0.337565494 0.320436419
100009.282770000 9.410702210 -5.697491321 -0.631431043 -0.620900551 0.629043584 0.332819500 0.328660700
100009.316103000 9.622894887 -5.810856998 -0.652311108 -0.606849065 0.639622610 0.330827197 0.336408226
100009.349436000 9.836902825 -5.925921867 -0.673176017 -0.593102056 0.648750502 0.330637723 0.343557031
100009.382769000 10.056931608 -6.044709106 -0.694568912 -0.580840453 0.655786679 0.331848569 0.349921029
100009.416102000 10.275089198 -6.163294116 -0.715772989 -0.570215160 0.660707490 0.334518857 0.355552271
100009.449435000 10.495261828 -6.283710696 -0.737246807 -0.560645853 0.664153668 0.338587511 0.360464465
100009.482768000 10.717492933 -6.405627100 -0.758748911 -0.551858999 0.665624760 0.344480509 0.365689079
100009.516101000 10.921073387 -6.620030138 -0.785663568 -0.541142038 0.665552251 0.352876733 0.373742568
100009.549434000 11.136755328 -6.741396488 -0.805585013 -0.532429985 0.663081779 0.363801926 0.380117119
100009.582767000 11.270503517 -6.812022040 -0.805038142 -0.525750438 0.657264735 0.377331205 0.386278017
100009.616100000 11.498871705 -6.941512379 -0.824313658 -0.516995087 0.649891889 0.394631269 0.393221024
100009.649433000 11.728529422 -7.072493012 -0.843102280 -0.508438211 0.640513875 0.413793979 0.400008881
100009.682766000 11.960370481 -7.205537087 -0.861567167 -0.500018903 0.628977891 0.435064247 0.406309009
100009.716099000 12.194545491 -7.341103374 -0.880369344 -0.492102228 0.616770368 0.456296250 0.411367770
100009.749432000 12.431419380 -7.479296569 -0.899950189 -0.483970714 0.605029958 0.476041359 0.416047740
100009.782765000 12.671339868 -7.619984546 -0.920339669 -0.475861558 0.593741707 0.493781034 0.420959443
100009.816098000 12.900804436 -7.752990677 -0.942668545 -0.469191001 0.582277911 0.510092915 0.424991127
100009.849431000 13.147167608 -7.898830681 -0.965473703 -0.461711439 0.572801801 0.523922578 0.429215302
100009.882764000 13.395486780 -8.046352915 -0.989109754 -0.454756863 0.563563379 0.536372868 0.433470483
100009.916097000 13.646386808 -8.196094864 -1.013634887 -0.449592890 0.554063195 0.547736396 0.436881047
100009.949430000 13.899934333 -8.347833317 -1.038517364 -0.445073401 0.543370515 0.559028089 0.440619731
100009.982763000 14.156149961 -8.501993678 -1.064197214 -0.441406931 0.533071367 0.569104919 0.443975708
100010.016096000 14.438949187 -8.662034988 -1.094252161 -0.438769664 0.522921860 0.578390250 0.446652694
100010.049429000 14.700964173 -8.820945584 -1.121531901 -0.436737363 0.512155794 0.586941136 0.449952244
100010.082762000 14.965278938 -8.982126698 -1.149179189 -0.435628795 0.500223991 0.595732833 0.452886192
100010.116095000 15.231801875 -9.145528300 -1.176905675 -0.434696607 0.486665957 0.605393826 0.455733936
100010.149428000 15.043000939 -9.320929199 -1.144084527 -0.431704825 0.476565498 0.608357137 0.465207334
100010.182761000 15.302338904 -9.487432045 -1.169452930 -0.431433009 0.459144668 0.620761965 0.466590094
100010.216094000 15.948637588 -9.872508691 -1.293020423 -0.429339111 0.439375188 0.637123476 0.465500857
100010.249427000 16.218535413 -10.048148015 -1.321680121 -0.430122920 0.420920539 0.650048649 0.463957894
100010.282760000 16.494139617 -10.228632240 -1.351730053 -0.431621075 0.402442278 0.662942941 0.460706107
100010.316093000 16.772025374 -10.411813431 -1.383114141 -0.433985317 0.384401880 0.675814781 0.455155272
100010.349426000 17.052123419 -10.597301448 -1.415888119 -0.436175338 0.366173643 0.689148919 0.448042079
100010.382759000 17.334422446 -10.784666533 -1.449634480 -0.436931922 0.346780125 0.703442907 0.440456715
100010.416092000 17.618922936 -10.974085080 -1.484369522 -0.438769361 0.326186483 0.717750751 0.431181731
100010.449425000 17.905809274 -11.165645451 -1.520652666 -0.443094517 0.306294062 0.730531044 0.419732760
100010.482758000 18.195334628 -11.359400518 -1.558978363 -0.450381984 0.288263921 0.740627651 0.406854596
100010.516091000 18.487641864 -11.555221403 -1.598972315 -0.458520298 0.270873086 0.749015796 0.394160178
100010.549424000 18.782486298 -11.753195184 -1.640772045 -0.468871555 0.255061530 0.754805011 0.381277427
100010.582757000 19.079379608 -11.953405638 -1.683837552 -0.480586315 0.239771162 0.758941924 0.368176234
100010.616090000 19.378247946 -12.156146469 -1.727917759 -0.493294575 0.223027023 0.762136262 0.355060174
100010.649423000 19.706282230 -12.370633045 -1.778349832 -0.506650477 0.206316701 0.764375582 0.341275085
100010.682756000 20.010898795 -12.579387863 -1.825678924 -0.521944113 0.189884856 0.765123194 0.325736982
100010.716089000 20.318527650 -12.791247820 -1.873599311 -0.536703197 0.171456335 0.765933327 0.309674898
100010.749422000 20.629190462 -13.005889433 -1.921516404 -0.549912941 0.151129648 0.767079134 0.293845520
100010.782755000 21.043137628 -13.272225309 -1.993970639 -0.560215551 0.129541156 0.769008521 0.279291102
100010.816088000 21.543477942 -12.643294152 -1.963453947 -0.580194433 0.084400555 0.775018605 0.235790434
100010.849421000 21.443812568 -12.514482670 -1.905615158 -0.596191037 0.056457898 0.772657529 0.210639728
100010.882754000 21.467015494 -12.275687521 -1.830796317 -0.608526462 0.031387722 0.770831360 0.185820802
100010.916087000 21.144017659 -12.277736473 -1.663445637 -0.619664882 0.016274146 0.766027604 0.170153740
100010.949420000 21.197022277 -13.090705752 -1.856126109 -0.629118812 0.001528461 0.760076262 0.162761356
100010.982753000 21.517892307 -13.303454916 -1.902576112 -0.636262179 -0.026359278 0.757660372 0.142920918
100011.016086000 21.638446685 -13.648250535 -1.917401930 -0.641586531 -0.044717496 0.754669764 0.129771397
100011.049419000 21.931435388 -13.908594380 -1.948476499 -0.645000151 -0.065244668 0.752877111 0.113551727
100011.082752000 22.212745073 -14.191442180 -1.986453247 -0.649121947 -0.081318304 0.749633719 0.100385852
100011.116085000 22.532089733 -14.410745161 -2.033561365 -0.655234928 -0.094992259 0.744244987 0.087994656
100011.149418000 22.835234158 -14.653060480 -2.076772721 -0.661806164 -0.106493229 0.737876520 0.078803774
100011.182751000 23.157895121 -14.875956673 -2.125738150 -0.669232030 -0.117495555 0.730363453 0.069946485
100011.216084000 23.038558343 -15.671322546 -2.159145849 -0.682898563 -0.111046144 0.717977791 0.076329537
100011.249417000 23.369959616 -15.914781712 -2.211232124 -0.695573101 -0.115128956 0.705587312 0.071203439
100011.282750000 23.692912452 -16.152178089 -2.261455477 -0.705087489 -0.117252435 0.696165660 0.066759816
100011.316083000 24.017742099 -16.391100957 -2.310925899 -0.709233767 -0.117665550 0.692168484 0.063600876
100011.349416000 24.344598973 -16.631680721 -2.360198226 -0.709213241 -0.116025805 0.692587668 0.062264864
100011.382749000 24.674433677 -16.874069446 -2.409983538 -0.708324544 -0.112363767 0.694057400 0.062729976
100011.416082000 25.007744367 -17.118203654 -2.460468586 -0.706984736 -0.105766350 0.696123946 0.066313755
100011.449415000 25.344630698 -17.364191678 -2.511850985 -0.705046446 -0.094975123 0.698944642 0.073250414
100011.482748000 25.685155288 -17.612365847 -2.564330903 -0.702978305 -0.081299225 0.701801910 0.081768073
100011.516081000 26.029519852 -17.862572399 -2.618203232 -0.701311901 -0.065974785 0.703884651 0.091407569
100011.549414000 26.377512660 -18.114862748 -2.673375727 -0.699199948 -0.051144787 0.705988897 0.100415744
100011.582747000 26.728796558 -18.369402700 -2.729694348 -0.695146580 -0.037711641 0.709635243 0.108475277
100011.616080000 27.082896762 -18.626362084 -2.787212609 -0.688354863 -0.024610044 0.715532207 0.116514329
100011.649413000 27.440045786 -18.885697084 -2.845981904 -0.680314592 -0.010785749 0.722043231 0.125336734
100011.682746000 27.800699668 -19.147209652 -2.905969650 -0.673985266 0.004018146 0.726234945 0.135316371
100011.716079000 28.164644400 -19.410800189 -2.966849629 -0.670117675 0.018214573 0.727548634 0.145888711
100011.749412000 28.305732370 -19.920435482 -3.024038328 -0.667431062 0.038572894 0.725633464 0.162800450
100011.782745000 28.670256538 -20.189119172 -3.085834146 -0.665681805 0.055366403 0.722971041 0.176394927
100011.816078000 29.040710126 -20.461448676 -3.148278825 -0.662339423 0.073711713 0.720154554 0.193003860
100011.849411000 29.414065655 -20.735997134 -3.210807078 -0.656832921 0.091490526 0.718163281 0.210811525
100011.882744000 29.790732642 -21.013267223 -3.273798891 -0.649723192 0.108614117 0.716862623 0.228409122
100011.916077000 30.170846979 -21.293517621 -3.337310232 -0.640624868 0.126511005 0.716530628 0.245313276
100011.949410000 30.553730211 -21.576505326 -3.401084108 -0.629622640 0.144246166 0.717124369 0.261726984
100011.982743000 30.939499408 -21.862314927 -3.465282878 -0.616762767 0.161852583 0.718660331 0.277371158
100012.016076000 31.328385635 -22.151156787 -3.530046848 -0.602980885 0.177714889 0.720908008 0.291758658
100012.049409000 31.891505351 -22.258875617 -3.615804498 -0.590568112 0.188525011 0.724618833 0.301023541
100012.082742000 32.524380727 -22.282191227 -3.707904723 -0.579580439 0.197298733 0.728352221 0.307673150
100012.116075000 32.923968197 -22.570647493 -3.775406749 -0.568347343 0.210582416 0.729007749 0.318094397
100012.149408000 33.331408623 -22.865447863 -3.844965384 -0.558724613 0.223989739 0.728267792 0.327538435
100012.182741000 33.742203605 -23.163282316 -3.915690442 -0.551511122 0.236005219 0.726196374 0.335821151
100012.216074000 34.156322242 -23.464231579 -3.987534392 -0.547176705 0.247326159 0.722427643 0.342820252
100012.249407000 34.573534395 -23.768226028 -4.060119235 -0.544753519 0.256737624 0.718384156 0.348214877
100012.282740000 34.993913900 -24.075335210 -4.133195850 -0.543225266 0.264051822 0.714865257 0.352350125
100012.316073000 35.417524338 -24.385577297 -4.206860743 -0.543348316 0.269890214 0.711077025 0.355389004
100012.349406000 35.844369322 -24.698921620 -4.281287494 -0.545212372 0.274373001 0.706935371 0.357358793
100012.382739000 36.274371713 -25.015375952 -4.356319081 -0.548879881 0.276746227 0.702845569 0.357981155
100012.416072000 36.707437091 -25.334915960 -4.432061515 -0.555123652 0.276541646 0.698702910 0.356618414
100012.449405000 37.143500845 -25.657472960 -4.508496982 -0.562907152 0.273764070 0.695039610 0.353707100
100012.482738000 37.582518042 -25.983030018 -4.585534027 -0.571166702 0.268485510 0.692377809 0.349710023
100012.516071000 38.024906291 -26.311744723 -4.663757517 -0.582090876 0.262045420 0.688313646 0.344567462
100012.549404000 38.470877869 -26.643750520 -4.743495629 -0.596472106 0.255249203 0.681626454 0.338310875
100012.582737000 38.920501511 -26.978909331 -4.824825168 -0.613742147 0.248001274 0.672409633 0.331181566
100012.616070000 39.373935703 -27.317167900 -4.907565700 -0.632363620 0.240118518 0.661349940 0.324153677
100012.649403000 39.831207461 -27.658521395 -4.991540661 -0.651701510 0.231115097 0.649092587 0.317095834
100012.682736000 40.289293616 -28.016216479 -5.072613414 -0.672266542 0.220993479 0.635170572 0.309480085
100012.716069000 40.753816384 -28.363901767 -5.158980159 -0.691064415 0.211115908 0.621742361 0.302153082
100012.749402000 41.221505809 -28.714138927 -5.245925998 -0.705682320 0.202229327 0.610568405 0.297190151
100012.782735000 41.692084562 -29.066814739 -5.333273239 -0.715216939 0.194830701 0.603227188 0.294317324
100012.816068000 42.165728629 -29.421943720 -5.421056276 -0.719475491 0.189458951 0.600069783 0.293898926
100012.849401000 42.642924099 -29.779835349 -5.509536347 -0.721312238 0.185629276 0.598624572 0.294786446
100012.882734000 43.123872591 -30.140707730 -5.598867805 -0.723388138 0.181812574 0.597147353 0.295074274
100012.916067000 43.608543338 -30.504574339 -5.689006663 -0.726329715 0.177536397 0.595346272 0.294089764
100012.949400000 44.096979611 -30.871397207 -5.779971860 -0.730355854 0.172623654 0.592868478 0.292041723
100012.982733000 44.589004002 -31.241119880 -5.871802113 -0.735159992 0.166951114 0.589961371 0.289158594
100013.016066000 45.084756493 -31.613823241 -5.964522246 -0.740564035 0.161172206 0.586343523 0.285988992
100013.049399000 45.584032958 -31.989544445 -6.058173747 -0.746126683 0.155551891 0.582605744 0.282257203
100013.082732000 46.086789444 -32.368227165 -6.152695413 -0.750846108 0.149897162 0.579718351 0.278724948
100013.116065000 46.593095505 -32.749982037 -6.248053332 -0.754992663 0.143991872 0.577582967 0.275046061
100013.149398000 46.192345127 -34.180536429 -6.404405863 -0.755044366 0.152691602 0.572249416 0.281289682
100013.182731000 46.698855000 -34.585023373 -6.502877526 -0.757272625 0.147927699 0.571927237 0.278486630
100013.216064000 47.205351993 -34.989875092 -6.601449944 -0.758793142 0.143814068 0.572021146 0.276301086
100013.249397000 47.715507264 -35.397929309 -6.700929438 -0.760125735 0.140028357 0.571966730 0.274690711
100013.282730000 48.229366580 -35.809150334 -6.801495324 -0.761371492 0.136756875 0.571607384 0.273634804
100013.316063000 48.746870278 -36.223588275 -6.903090146 -0.762299136 0.133823504 0.571428216 0.272875596
100013.349396000 49.267995335 -36.641310266 -7.005696672 -0.763105627 0.130568106 0.571570457 0.271898849
100013.382729000 49.792734591 -37.062411146 -7.109328945 -0.764288030 0.126716462 0.571679201 0.270165942
100013.416062000 50.321062701 -37.486870490 -7.213886045 -0.765431149 0.122579091 0.571991973 0.268169172
100013.449395000 51.510733498 -37.121297710 -7.340169404 -0.768167494 0.108535038 0.575351872 0.259054183
100013.482728000 52.977132929 -36.361751373 -7.479375363 -0.771167456 0.089484862 0.580257146 0.246160229
100013.516061000 54.725236999 -35.066399674 -7.610185688 -0.774781780 0.066059405 0.585880561 0.228239604
100013.549394000 55.284266660 -35.472324515 -7.713269741 -0.775281879 0.060187118 0.586865117 0.225621040
100013.582727000 55.863696136 -35.864475811 -7.818206213 -0.776577839 0.053187099 0.587184637 0.222063492
100013.616060000 56.447387616 -36.258700946 -7.922473480 -0.778269203 0.047745311 0.586905281 0.218081690
100013.649393000 57.035368493 -36.654551449 -8.025425331 -0.778409785 0.043380531 0.588560592 0.213992442
100013.682726000 57.627760067 -37.052087907 -8.127377976 -0.776709437 0.038714188 0.593174451 0.208249208
100013.716059000 58.700949176 -36.741838536 -8.240144217 -0.775996977 0.027470395 0.599150523 0.195173562
100013.749392000 59.318003668 -37.139744304 -8.343604197 -0.775007004 0.026458173 0.602837837 0.187751568
100013.782725000 60.000597418 -37.015278920 -8.376069364 -0.776601832 0.030016325 0.603791482 0.177269460
100013.816058000 60.632305546 -37.411366151 -8.481146839 -0.778648076 0.036183053 0.602740184 0.170593761
100013.849391000 61.257341770 -37.802251078 -8.585477270 -0.780369178 0.044266603 0.601431919 0.165360396
100013.882724000 61.887615273 -38.195976532 -8.691202381 -0.781348027 0.054574978 0.600320349 0.161654917
100013.916057000 62.522615676 -38.592815806 -8.798432401 -0.780738852 0.065607846 0.600738875 0.158919037
100013.949390000 63.162088096 -38.993188664 -8.906330342 -0.776706175 0.076030647 0.605259143 0.156870097
100013.982723000 63.805842172 -39.397461933 -9.014998298 -0.769834104 0.085578825 0.613093860 0.155395098
100014.016056000 64.453691789 -39.806063727 -9.124542200 -0.760160801 0.092442606 0.624761770 0.152586539
100014.049389000 65.105485619 -40.218817168 -9.235746596 -0.745820019 0.098778534 0.641314695 0.150700905
100014.082722000 65.760658340 -40.634832008 -9.349786820 -0.725301364 0.105673844 0.662751830 0.153398116
100014.116055000 66.418907686 -41.053534341 -9.467367061 -0.699804773 0.112064486 0.686897918 0.160891522
100014.149388000 67.080385671 -41.474659282 -9.589143095 -0.672264063 0.118149165 0.710253884 0.172166271
100014.182721000 67.744850735 -41.898385905 -9.715244831 -0.645137578 0.123505213 0.730998285 0.184893143
100014.216054000 68.826842642 -41.708315061 -9.868546949 -0.622669563 0.123315166 0.748656620 0.191283170
100014.249387000 69.197704851 -42.648815507 -9.996920274 -0.601430981 0.132995303 0.760477214 0.205590448
100014.282720000 69.876800445 -43.083156493 -10.132457816 -0.583739071 0.138324960 0.771471578 0.212005910
100014.316053000 70.557250114 -43.518708504 -10.268874823 -0.576151297 0.144114349 0.775444675 0.214397513
100014.349386000 71.241997756 -43.957038665 -10.406796559 -0.576562028 0.147058707 0.774432012 0.214953536
100014.382719000 71.930484662 -44.397996296 -10.544631186 -0.574683872 0.146104672 0.775803234 0.215687768
100014.416052000 72.622304803 -44.841748871 -10.681417263 -0.566598321 0.140811963 0.782590009 0.216081493
100014.449385000 73.317938824 -45.288534241 -10.818091266 -0.554806537 0.132731636 0.792549703 0.215492431
100014.482718000 74.018245801 -45.738575065 -10.956359149 -0.545057574 0.123587695 0.801326267 0.213341362
100014.516051000 74.723007192 -46.191644675 -11.096759902 -0.537275706 0.114184126 0.808827800 0.209986643
100014.549384000 75.432094060 -46.647255576 -11.239352379 -0.530062623 0.105372056 0.815474696 0.207198856
100014.582717000 76.145559411 -47.105163752 -11.384235259 -0.524184436 0.098029274 0.820549024 0.205718832
100014.616050000 76.863380321 -47.565560939 -11.531034328 -0.519477174 0.092136969 0.824382850 0.205054047
100014.649383000 77.585107294 -48.028666309 -11.678730352 -0.511976467 0.087973146 0.829495372 0.205129841
100014.682716000 78.310905723 -48.494565568 -11.827835042 -0.505983568 0.085813878 0.833281033 0.205570736
100014.716049000 79.040707263 -48.963158027 -11.979243673 -0.505827574 0.084788699 0.833400360 0.205896045
100014.749382000 79.774653947 -49.434473985 -12.132777583 -0.508687358 0.083740547 0.831693438 0.206181275
100014.782715000 80.513159857 -49.908789554 -12.288428482 -0.512009466 0.082762962 0.829734408 0.206245998
100014.816048000 81.256279790 -50.386151620 -12.446693411 -0.516592308 0.081728253 0.827106080 0.205787301
100014.849381000 82.004474218 -50.866512500 -12.607454619 -0.523764599 0.079349680 0.823120434 0.204565451
100014.882714000 82.757276781 -51.349655006 -12.769586754 -0.536068886 0.075326730 0.816071037 0.202445290
100014.916047000 83.513912083 -51.835113250 -12.932901083 -0.545459909 0.071048880 0.810190089 0.202527934
100014.949380000 84.275170631 -52.323540382 -13.098916494 -0.557030347 0.067799037 0.802586232 0.202424860
100014.982713000 85.041920312 -52.815610829 -13.266992799 -0.569083442 0.067731721 0.794286424 0.201656951
100015.016046000 85.813898855 -53.311164566 -13.435587567 -0.579069143 0.069508147 0.787130649 0.200681059
100015.049379000 86.589874861 -53.809375250 -13.603027238 -0.581996265 0.068669046 0.784966345 0.200979468
100015.082712000 87.370592796 -54.310563911 -13.771585929 -0.585581759 0.066071633 0.782470570 0.201167469
100015.116045000 88.155805122 -54.814745357 -13.942239724 -0.592136131 0.064111120 0.777734748 0.200980665
100015.149378000 88.945232206 -55.321962746 -14.114494486 -0.598501183 0.061491274 0.773245874 0.200264764
100015.182711000 89.738788415 -55.832155179 -14.288624542 -0.605814455 0.058347519 0.768119605 0.198938901
100015.216044000 90.536398939 -56.345501751 -14.464752421 -0.615041279 0.054368706 0.761627534 0.196702232
100015.249377000 91.338006877 -56.861975067 -14.642554012 -0.624593178 0.050299025 0.754787553 0.194033811
100015.282710000 92.143915854 -57.381535345 -14.821867894 -0.633701322 0.046093494 0.748124534 0.191331404
100015.316043000 92.954400428 -57.904450757 -15.002855318 -0.642850786 0.041671265 0.741365979 0.188103316
100015.349376000 93.769499157 -58.430829316 -15.186243746 -0.654217247 0.036186507 0.732783048 0.183628253
100015.382709000 94.588944147 -58.960444255 -15.372383881 -0.668227995 0.029469242 0.721672668 0.178301628
100015.416042000 95.412517048 -59.492999406 -15.560936382 -0.683321811 0.021453157 0.708981697 0.173078067
100015.449375000 96.240483519 -60.028190473 -15.751329582 -0.698850842 0.014231598 0.694852426 0.169071192
100015.482708000 97.073041211 -60.565933977 -15.944004013 -0.715733876 0.008600265 0.678203202 0.166407548
100015.516041000 97.910136729 -61.106464061 -16.138986473 -0.733364828 0.003802030 0.659764238 0.163929023
100015.549374000 98.751451521 -61.649855293 -16.334092444 -0.747691595 -0.000750507 0.643956475 0.162101119
100015.582707000 99.596742358 -62.196175166 -16.528033403 -0.757569896 -0.005291645 0.632471646 0.161367491
100015.616040000 100.446325187 -62.745563102 -16.720930350 -0.763879383 -0.009022316 0.624833772 0.161213038
100015.649373000 101.300148851 -63.298026995 -16.913340038 -0.767035296 -0.012336737 0.620850184 0.161399218
100015.682706000 101.503637275 -64.688605334 -17.036152046 -0.766520408 -0.007527134 0.620314339 0.166132257
100015.716039000 102.010296645 -65.823516498 -17.231208966 -0.763684110 -0.006540734 0.622906691 0.169502369
100015.749372000 102.982089016 -65.996121036 -17.361837271 -0.760169758 -0.012628010 0.627643339 0.167470327
100015.782705000 102.994946865 -68.029734052 -17.595538298 -0.754553577 -0.007778219 0.632758000 0.173797907
100015.816038000 103.865986293 -66.432855574 -17.108436079 -0.755904949 -0.016409095 0.634086812 0.162087518
100015.849371000 104.754309009 -66.855182117 -17.252693892 -0.751585510 -0.021907058 0.639594358 0.159869818
100015.882704000 105.695823040 -67.359472361 -17.470385424 -0.746100542 -0.026986160 0.646253537 0.157993967
100015.916037000 106.483188677 -68.046815008 -17.645330234 -0.739875173 -0.030097373 0.653453653 0.157089785
100015.949370000 107.086091743 -68.579573280 -17.658950178 -0.735045803 -0.031401020 0.659101241 0.155907656
100015.982703000 107.938093819 -69.211603600 -17.846158391 -0.729978488 -0.034996208 0.664775922 0.154853630
100016.016036000 108.732006079 -69.977591867 -18.024880679 -0.726839730 -0.038233480 0.668080150 0.154632212
100016.049369000 109.554985763 -70.814357342 -18.249046720 -0.725478477 -0.040310649 0.669226332 0.155538248
100016.082702000 110.431187904 -71.520103370 -18.449912264 -0.725248842 -0.041098639 0.669021074 0.157276259
100016.116035000 111.346200843 -72.080608815 -18.644678207 -0.726398852 -0.041375395 0.667316685 0.159126451
100016.149368000 112.250709008 -72.674482373 -18.842213182 -0.728905175 -0.042052638 0.664256285 0.160288521
100016.182701000 113.228866161 -73.144764852 -19.038159592 -0.732078885 -0.044152903 0.660805481 0.159521610
100016.216034000 114.232178208 -73.672399077 -19.249589595 -0.734855799 -0.047629937 0.657922898 0.157657236
100016.249367000 115.550026338 -73.627677236 -19.479055800 -0.736405715 -0.052048811 0.656923746 0.153129800
100016.282700000 116.490297684 -74.237205520 -19.677708737 -0.736582580 -0.054309967 0.657164610 0.150436717
100016.316033000 117.527499487 -74.706112092 -19.878910809 -0.734340877 -0.056418332 0.660536124 0.145782295
100016.349366000 118.484746058 -75.319890109 -20.076201055 -0.730997397 -0.056872602 0.665245875 0.140912166
100016.382699000 119.444361901 -75.932311117 -20.273020125 -0.727112243 -0.055175182 0.670745023 0.135516046
100016.416032000 120.411759889 -76.546895351 -20.471599077 -0.723990080 -0.051382295 0.675445349 0.130275876
100016.449365000 121.386454430 -77.163781759 -20.672586020 -0.722884459 -0.045121873 0.677969424 0.125536988
100016.482698000 122.367883580 -77.783295593 -20.876185163 -0.723565947 -0.037015441 0.678391573 0.121930520
100016.516031000 123.355775940 -78.405812266 -21.082501811 -0.725559786 -0.028583820 0.677133615 0.119314836
100016.549364000 124.349925349 -79.031410431 -21.291707204 -0.728660372 -0.019775422 0.674332964 0.118059512
100016.582697000 125.349848380 -79.660095938 -21.504493983 -0.732448456 -0.010437860 0.670378266 0.118335500
100016.616030000 126.355312552 -80.291804073 -21.721815027 -0.737487251 -0.000375842 0.664789397 0.119027191
100016.649363000 127.330749526 -80.927905408 -21.927989589 -0.741628485 0.012044101 0.659652715 0.121245309
100016.682696000 128.344813319 -81.565266291 -22.153382766 -0.744285965 0.024973346 0.655795235 0.123884399
100016.716029000 129.363517132 -82.205977947 -22.382935179 -0.746929812 0.039507115 0.651484921 0.126895391
100016.749362000 130.386308342 -82.849452792 -22.616182325 -0.748390206 0.055219010 0.647780678 0.131313192
100016.782695000 131.412985565 -83.496179057 -22.853014718 -0.747851221 0.069569089 0.646065764 0.135932784
100016.816028000 132.443959049 -84.146287723 -23.093277022 -0.746103106 0.084161960 0.645280954 0.140923420
100016.849361000 133.479529741 -84.799992101 -23.336533701 -0.743186441 0.098643145 0.645489925 0.145897911
100016.882694000 134.520099483 -85.457387262 -23.582702378 -0.739580452 0.112726383 0.646156636 0.150980527
100016.916027000 135.551678211 -86.119911763 -23.825169335 -0.735304819 0.125673456 0.647332250 0.156505478
100016.949360000 136.601736931 -86.784854700 -24.076816130 -0.730847130 0.137423724 0.648859298 0.161117359
100016.982693000 137.656644453 -87.453380154 -24.331141033 -0.726166402 0.149250807 0.650449007 0.165295623
100017.016026000 138.716886943 -88.125741343 -24.588127052 -0.721489243 0.160282439 0.652085957 0.168957737
100017.049359000 139.782189242 -88.801884881 -24.847535642 -0.715870957 0.171104235 0.654671447 0.172213271
100017.082692000 140.852871619 -89.481712067 -25.109729157 -0.709911405 0.183906104 0.656769868 0.175663549
100017.116025000 141.928811215 -90.165233399 -25.374626897 -0.703155924 0.197962631 0.658939840 0.179390163
100017.149358000 143.009820483 -90.852408664 -25.641857163 -0.695005229 0.212242759 0.662024515 0.183423785
100017.182691000 144.085596042 -91.632690012 -25.932459995 -0.686244955 0.227417741 0.664733534 0.188357006
100017.216024000 145.175873881 -92.327188930 -26.205043199 -0.678372127 0.243410522 0.665884543 0.192770202
100017.249357000 146.271354897 -93.024990581 -26.480288122 -0.671915854 0.259281054 0.665328790 0.196570651
100017.282690000 147.371858004 -93.725925738 -26.757964584 -0.668326458 0.274798760 0.662110508 0.198582631
100017.316023000 148.649635802 -94.240509969 -27.080627930 -0.666530011 0.289064203 0.657822982 0.198616604
100017.349356000 149.749473049 -94.937702058 -27.358834871 -0.664813649 0.304158671 0.652483157 0.199439324
100017.382689000 149.576437904 -97.164605599 -27.329531460 -0.660461939 0.324994218 0.644834222 0.205809649
100017.416022000 151.002734369 -97.241289175 -27.532170198 -0.660856156 0.336651662 0.639202606 0.203358864
100017.449355000 152.133279288 -97.967753372 -27.817372574 -0.659365845 0.346942748 0.635576911 0.202260727
100017.482688000 153.258255653 -98.689805313 -28.101237394 -0.657320190 0.356848290 0.632874584 0.200148010
100017.516021000 154.388818660 -99.413932670 -28.386336560 -0.655051515 0.366608846 0.630240997 0.198246694
100017.549354000 155.524927829 -100.139617410 -28.672693733 -0.652060047 0.375516766 0.628287265 0.197635944
100017.582687000 156.666386847 -100.866859556 -28.960596564 -0.649075743 0.383037453 0.626870687 0.197525015
100017.616020000 157.813315941 -101.595743199 -29.250370024 -0.646964127 0.389986021 0.624784047 0.197467000
100017.649353000 158.965810744 -102.326170484 -29.542061498 -0.646114432 0.395927832 0.621918202 0.197471627
100017.682686000 160.123559261 -103.057938320 -29.835410848 -0.646146175 0.400403138 0.619027530 0.197426860
100017.716019000 161.286290039 -103.790958903 -30.130284058 -0.646671405 0.403575592 0.616681221 0.196588677
100017.749352000 162.454233792 -104.525341239 -30.426935461 -0.648205358 0.406235985 0.613848602 0.194915451
100017.782685000 163.627541523 -105.261203209 -30.725529762 -0.650656768 0.408619185 0.610417759 0.192526082
100017.816018000 164.806192923 -105.998779736 -31.026108509 -0.654916637 0.410551676 0.605710947 0.188800870
100017.849351000 165.989931340 -106.737952738 -31.328417308 -0.660290205 0.411914715 0.600424043 0.183940428
100017.882684000 167.178678052 -107.478717413 -31.632444653 -0.666307629 0.412925177 0.594784467 0.178208807
100017.916017000 168.372394509 -108.221187405 -31.938536619 -0.672444504 0.413888167 0.588916682 0.172314003
100017.949350000 169.623385282 -108.932592782 -32.265197127 -0.678564043 0.414772537 0.582917583 0.166498268
100017.982683000 170.861275186 -109.570760709 -32.558393647 -0.685050051 0.415310043 0.576563401 0.160619551
100018.016016000 172.507052655 -110.252004216 -33.076452788 -0.691843131 0.413240174 0.571699871 0.154093794
100018.049349000 173.705102178 -111.023455791 -33.382061707 -0.698772286 0.412839451 0.565153332 0.147927658
100018.082682000 175.891038569 -111.673865695 -34.218956607 -0.705148013 0.408470299 0.562120265 0.141205889
100018.116015000 177.264853416 -112.415223713 -34.611910020 -0.711061252 0.408504285 0.555875977 0.136081017
100018.149348000 178.605672935 -113.154061846 -34.993309405 -0.716928828 0.408601545 0.549195153 0.132070123
100018.182681000 179.860694045 -113.925608652 -35.331803118 -0.722556787 0.408317986 0.542630868 0.129382582
100018.216014000 180.486163776 -114.782452366 -35.328015185 -0.727747722 0.410067599 0.534617482 0.128109194
100018.249347000 181.914287489 -115.335714972 -35.693569635 -0.733673313 0.408702694 0.528064948 0.125829207
100018.282680000 183.199138208 -116.118526837 -36.050318547 -0.739063621 0.407860183 0.521529876 0.124264330
100018.316013000 184.507927488 -116.659428513 -36.349769865 -0.745438027 0.406157870 0.514321386 0.121784416
100018.349346000 185.790146938 -117.453153234 -36.697937161 -0.751530327 0.403885548 0.507626884 0.119973244
100018.382679000 186.964583031 -118.338949078 -37.010559529 -0.756998863 0.400902784 0.502077762 0.118943681
100018.416012000 187.781867007 -119.516419288 -37.217643580 -0.761596909 0.398745221 0.496790245 0.119045576
100018.449345000 189.068725898 -120.322330087 -37.566052318 -0.766405822 0.393358713 0.493834590 0.118399478
100018.482678000 190.311913862 -121.282831460 -37.935192884 -0.770004868 0.386831186 0.493420967 0.118278847
100018.516011000 191.625233292 -122.108685854 -38.289760554 -0.772975344 0.379206870 0.494728558 0.118130953
100018.549344000 193.576835866 -121.367298969 -38.436292679 -0.776914671 0.368180847 0.497528572 0.115376679
100018.582677000 194.964703275 -122.033135993 -38.776768446 -0.777545082 0.359304890 0.502786690 0.116315028
100018.616010000 196.305625768 -122.859974374 -39.134589097 -0.776954578 0.351379436 0.508968775 0.117579172
100018.649343000 197.652556297 -123.690809488 -39.494930822 -0.775420225 0.344861026 0.515426585 0.118868763
100018.682676000 199.820894522 -123.279380185 -39.883259284 -0.774369694 0.337278576 0.522343145 0.117270534
100018.716009000 201.218444872 -124.083749013 -40.253969968 -0.770895355 0.335521368 0.528124701 0.119289832
100018.749342000 202.592835756 -124.916192233 -40.624428122 -0.766413692 0.336361318 0.533317098 0.122653943
100018.782675000 203.975847904 -125.753948333 -40.999058515 -0.761384182 0.338844179 0.538006650 0.126600135
100018.816008000 205.365272428 -126.596029409 -41.377331589 -0.755375757 0.342586195 0.543099156 0.130711404
100018.849341000 206.782061913 -127.522750134 -41.814575862 -0.748087988 0.347554790 0.548969521 0.134916623
100018.882674000 208.183197316 -128.373530193 -42.200878585 -0.739661993 0.353730292 0.555261905 0.139496357
100018.916007000 209.591154442 -129.229209015 -42.591496078 -0.730052811 0.361581747 0.561659912 0.144290252
100018.949340000 211.005104699 -130.089438590 -42.986132193 -0.720571929 0.371226174 0.566567689 0.148216990
100018.982673000 212.462200191 -130.978790192 -43.416627967 -0.711065092 0.382577149 0.570053289 0.151856535
100019.016006000 213.890747670 -131.848956145 -43.819313874 -0.702046769 0.394902004 0.571857240 0.155441430
100019.049339000 215.322935760 -132.721346223 -44.224148946 -0.693570150 0.407134427 0.572732408 0.158680795
100019.082672000 216.760855502 -133.596912615 -44.631386310 -0.686993835 0.419575658 0.571160056 0.160536378
100019.116005000 218.197871533 -134.468543186 -45.035331287 -0.681145776 0.431688758 0.568680047 0.162136526
100019.149338000 219.646088345 -135.347605891 -45.445480424 -0.675209135 0.442814294 0.566614397 0.164183588
100019.182671000 221.102155850 -136.229670298 -45.857806028 -0.669271575 0.453272860 0.564680017 0.166600574
100019.216004000 222.497607671 -137.185363136 -46.257199827 -0.663366914 0.463729454 0.562442398 0.168990765
100019.249337000 223.965106176 -138.071986343 -46.672873697 -0.657732913 0.472949918 0.560726772 0.171146946
100019.282670000 225.440007975 -138.961649354 -47.090688861 -0.651766559 0.481201950 0.559797489 0.173987952
100019.316003000 226.921255895 -139.854084528 -47.510756527 -0.646012581 0.489152507 0.558611388 0.177061815
100019.349336000 228.408603564 -140.749018492 -47.933109631 -0.640472865 0.496604147 0.557366933 0.180335610
100019.382669000 229.901847650 -141.646250255 -48.357737274 -0.635516575 0.502467953 0.556709061 0.183629137
100019.416002000 231.401010897 -142.546043732 -48.784826758 -0.631263123 0.507162064 0.556317569 0.186559032
100019.449335000 232.906119094 -143.448709770 -49.214550357 -0.627850575 0.511288565 0.555739689 0.188523360
100019.482668000 234.417179352 -144.354115111 -49.646889404 -0.625106621 0.514906470 0.555092436 0.189698255
100019.516001000 235.934320243 -145.261935143 -50.081636754 -0.622493958 0.517942345 0.554807948 0.190853715
100019.549334000 237.457678386 -146.172407034 -50.518943221 -0.620182007 0.520282586 0.554874342 0.191819640
100019.582667000 238.987426354 -147.085934221 -50.959058668 -0.618251429 0.522156262 0.555029420 0.192510654
100019.616000000 240.523655907 -148.002488221 -51.401817361 -0.615965395 0.523274892 0.556213928 0.193380677
100019.649333000 242.066575892 -148.922346750 -51.847368704 -0.613802859 0.523565593 0.558054974 0.194164277
100019.682666000 243.616322386 -149.845635984 -52.295764238 -0.612297173 0.523011293 0.559994813 0.194825995
100019.715999000 245.172888401 -150.772401424 -52.746864501 -0.610794778 0.521577184 0.562758031 0.195423588
100019.749332000 246.736239901 -151.702705696 -53.200742601 -0.608236432 0.519627890 0.566852400 0.196757859
100019.782665000 248.306280249 -152.636736231 -53.657462354 -0.605200679 0.517693349 0.571184876 0.198679571
100019.815998000 249.883019569 -153.574930385 -54.116848129 -0.602400446 0.515877382 0.575261413 0.200146287
100019.849331000 251.466694839 -154.517715927 -54.578784548 -0.599548549 0.514181293 0.579339704 0.201307334
100019.882664000 253.057178830 -155.464880482 -55.043225607 -0.596196444 0.513037309 0.583189952 0.203056640
100019.915997000 254.622739215 -156.490290256 -55.520040472 -0.592192509 0.511391174 0.587700903 0.205899848
100019.949330000 256.225515749 -157.445560158 -55.988690994 -0.588813533 0.508281642 0.592877252 0.208434546
100019.982663000 259.311870559 -155.278779160 -56.134412257 -0.590542591 0.500571567 0.599056739 0.204495913
100020.015996000 261.428281769 -155.792293412 -56.768532438 -0.586892473 0.498485553 0.604380244 0.204435564
100020.049329000 262.427779731 -157.208191953 -56.987852331 -0.581370347 0.500191449 0.607468675 0.206878813
100020.082662000 264.055015962 -158.149384758 -57.461452363 -0.576108148 0.501214829 0.611286468 0.207874846
100020.115995000 265.695778931 -159.098177292 -57.940224468 -0.571204025 0.502768278 0.614279863 0.208830724
100020.149328000 267.276169092 -160.268377648 -58.470812819 -0.566736857 0.505148260 0.616034682 0.210085318
100020.182661000 268.767576269 -161.613028314 -59.012920360 -0.562521014 0.507753466 0.617116990 0.211950814
100020.215994000 270.731128070 -162.313190955 -59.563968100 -0.559708406 0.508920569 0.618535588 0.212461952
100020.249327000 272.408409736 -163.284589464 -60.059027986 -0.556078344 0.510733199 0.619821215 0.213892814
100020.282660000 274.078996384 -164.252184417 -60.553005055 -0.551895648 0.512715368 0.621441916 0.215276777
100020.315993000 275.755740954 -165.223802502 -61.049802423 -0.548841876 0.515316933 0.622058354 0.215091744
100020.349326000 277.438794940 -166.199303668 -61.549330493 -0.545695575 0.518535986 0.622299143 0.214663799
100020.382659000 279.128241350 -167.178258617 -62.051607481 -0.541217603 0.520727286 0.624025589 0.215681858
100020.415992000 280.824236703 -168.160809976 -62.557152657 -0.537884612 0.521626089 0.625962411 0.216234659
100020.449325000 282.526847609 -169.147655268 -63.066776942 -0.536716718 0.522847905 0.626547522 0.214484115
100020.482658000 284.236291670 -170.139017470 -63.580733506 -0.536629381 0.525507794 0.625550264 0.211086080
100020.515991000 285.952904452 -171.134565333 -64.098475414 -0.535893391 0.528948132 0.624348212 0.207897707
100020.549324000 287.676921849 -172.134319722 -64.619741580 -0.534637237 0.533062770 0.622762420 0.205363278
100020.582657000 289.408366347 -173.138487428 -65.144419577 -0.533972748 0.537452857 0.620203678 0.203383697
100020.615990000 291.147057978 -174.146868991 -65.672124035 -0.533842244 0.540798416 0.617641573 0.202653443
100020.649323000 292.892762270 -175.159256406 -66.202634250 -0.533642512 0.542635436 0.616114388 0.202917505
100020.682656000 294.645412253 -176.175647369 -66.736203713 -0.532999717 0.543222639 0.615850242 0.203835583
100020.715989000 296.404968816 -177.196170550 -67.273281046 -0.532337891 0.543016307 0.616328250 0.204668383
100020.749322000 298.171494584 -178.220773280 -67.814052980 -0.531771053 0.542528084 0.617077254 0.205179159
100020.782655000 299.945128107 -179.249204216 -68.358343671 -0.530939049 0.541440374 0.618476681 0.205991850
100020.815988000 301.725836582 -180.281543847 -68.906272389 -0.530522135 0.539699120 0.620091978 0.206777809
100020.849321000 303.513514770 -181.317921814 -69.457948760 -0.530626764 0.537355680 0.621900671 0.207180275
100020.882654000 305.308108175 -182.358298903 -70.013444611 -0.531219528 0.534391912 0.623944612 0.207181609
100020.915987000 307.109664513 -183.402613267 -70.572632814 -0.532155926 0.530575787 0.626537414 0.206761394
100020.949320000 308.918296289 -184.450955843 -71.135507352 -0.534107292 0.526311221 0.628892617 0.205475000
100020.982653000 310.734116942 -185.503243305 -71.701875564 -0.535752628 0.522304341 0.631252537 0.204175248
100021.015986000 312.557274082 -186.559631777 -72.271654573 -0.536486356 0.518869323 0.633646643 0.203590145
100021.049319000 314.387748913 -187.620714301 -72.845061984 -0.536667429 0.516091409 0.635846820 0.203313919
100021.082652000 316.225374218 -188.686896010 -73.422292699 -0.536184921 0.513910824 0.638020149 0.203301955
100021.115985000 318.069999860 -189.758470636 -74.003475827 -0.534960476 0.513507801 0.639342466 0.203391834
100021.149318000 319.921539397 -190.835230308 -74.588323233 -0.532343109 0.515253466 0.639882540 0.204144592
100021.182651000 321.779892567 -191.916992471 -75.176759373 -0.528696616 0.518268201 0.639982863 0.205669385
100021.215984000 323.644912551 -193.003832451 -75.768918276 -0.524698034 0.522027244 0.639676961 0.207347330
100021.249317000 325.516530603 -194.096113549 -76.365034815 -0.520763482 0.527245383 0.638449618 0.207845587
100021.282650000 327.394781047 -195.193743557 -76.965225254 -0.515818378 0.534740641 0.636329593 0.207529509
100021.315983000 329.279796888 -196.296464417 -77.569434877 -0.509554390 0.544127654 0.633482709 0.207313960
100021.349316000 331.171440809 -197.404197370 -78.177592990 -0.501725273 0.554609567 0.630600944 0.207418485
100021.382649000 332.644508149 -198.907592038 -78.649979489 -0.492185460 0.566666756 0.627094921 0.208312796
100021.415982000 334.524250638 -200.040332624 -79.256848285 -0.480946581 0.579723909 0.623816072 0.208480418
100021.449315000 336.432037633 -201.167739105 -79.876745842 -0.468709974 0.594534857 0.619398343 0.207809907
100021.482648000 338.345847985 -202.300921463 -80.500902797 -0.454538854 0.611363555 0.613833526 0.206972066
100021.515981000 340.266186289 -203.440210408 -81.129410004 -0.439174138 0.630349277 0.606240238 0.205569063
100021.549314000 342.193239801 -204.585215469 -81.761854672 -0.423699577 0.651303898 0.595841131 0.203113877
100021.582647000 344.127235072 -205.735387888 -82.397649948 -0.407268667 0.673038720 0.583538960 0.201577271
100021.615980000 346.068301768 -206.890661448 -83.036535489 -0.391015469 0.693593846 0.570627179 0.201045027
100021.649313000 348.016270533 -208.050814260 -83.678641518 -0.374534949 0.712657719 0.558027710 0.201115943
100021.682646000 349.970741933 -209.215729848 -84.324239592 -0.356966386 0.731180799 0.545588903 0.200704726
100021.715979000 351.931709964 -210.385374611 -84.973526746 -0.337897098 0.750179509 0.532183001 0.199593359
100021.749312000 353.899155038 -211.559566228 -85.626588263 -0.318146015 0.769042026 0.517752926 0.198215496
100021.782645000 355.872796713 -212.738221617 -86.283499051 -0.298816101 0.787293639 0.502441399 0.196036489
100021.815978000 357.852550658 -213.921246216 -86.944043121 -0.280075310 0.804286797 0.487229520 0.193100916
100021.849311000 359.838390786 -215.108700025 -87.608004716 -0.261949767 0.819831335 0.472561147 0.189591308
100021.882644000 361.830422355 -216.300561764 -88.275286152 -0.244549054 0.834056094 0.458350279 0.185637320
100021.915977000 363.828854603 -217.496886399 -88.945864051 -0.227239682 0.847440859 0.444013506 0.181818929
100021.949310000 365.833693685 -218.697755720 -89.619747181 -0.210234314 0.859939834 0.429604232 0.178171877
100021.982643000 367.844827619 -219.903106710 -90.296860832 -0.193902161 0.871285174 0.415753164 0.174394393
100022.015976000 369.862206089 -221.112836912 -90.977223989 -0.178258372 0.881530236 0.402566135 0.170496050
100022.049309000 371.359333610 -222.863383271 -91.494136805 -0.162721455 0.890936602 0.389536871 0.167375999
100022.082642000 373.384454213 -224.084634718 -92.179664631 -0.149010517 0.899180481 0.377601000 0.163364049
100022.115975000 375.416902889 -225.310978771 -92.868971318 -0.136349016 0.906562543 0.366260022 0.159395413
100022.149308000 377.455709160 -226.542021379 -93.561622604 -0.125290837 0.913211549 0.355421713 0.154991220
100022.182641000 380.553543298 -227.373136587 -94.866119502 -0.115864895 0.918804144 0.346341950 0.149738188
100022.215974000 382.627254294 -228.619405560 -95.574452032 -0.106713962 0.923739530 0.337270019 0.146854841
100022.249307000 384.694019754 -229.862090503 -96.281131534 -0.098620108 0.927811958 0.329423334 0.144635099
100022.282640000 386.767709844 -231.109430878 -96.990890735 -0.091556243 0.930987388 0.322848592 0.143696641
100022.315973000 388.848250231 -232.361367500 -97.703718790 -0.086004155 0.933261974 0.317711512 0.143822004
100022.349306000 390.935640146 -233.617720549 -98.419633951 -0.082156015 0.934460528 0.314613981 0.145092911
100022.382639000 393.029804457 -234.878352691 -99.138698527 -0.080098068 0.934528367 0.313903122 0.147329088
100022.415972000 395.130379873 -236.143239082 -99.860981884 -0.079607533 0.933761657 0.315253744 0.149555625
100022.449305000 397.237233593 -237.412362375 -100.586535130 -0.081066562 0.932207310 0.318638162 0.151286040
100022.482638000 399.350525702 -238.685660449 -101.315372958 -0.084775843 0.929680589 0.324272775 0.152820893
100022.515971000 401.470273203 -239.963182389 -102.047475983 -0.090360346 0.926277319 0.331757146 0.154215866
100022.549304000 403.596437112 -241.244954272 -102.782796908 -0.097587271 0.922041412 0.340799535 0.155473588
100022.582637000 405.729088263 -242.531041321 -103.521327480 -0.106046701 0.916975752 0.351043877 0.157091574
100022.615970000 407.868243172 -243.821575985 -104.263123970 -0.115922073 0.911055839 0.362158064 0.159313741
100022.649303000 410.013742501 -245.116616914 -105.008139071 -0.127064894 0.904186532 0.374275348 0.161923416
100022.682636000 412.165488441 -246.416226616 -105.756315836 -0.139471633 0.896162830 0.387665747 0.164788092
100022.715969000 414.323555676 -247.720524633 -106.507711678 -0.152550524 0.887083526 0.401934152 0.168107386
100022.749302000 416.487935341 -249.029668216 -107.262431079 -0.165783603 0.877080450 0.416681091 0.172112025
100022.782635000 419.871942143 -248.920995696 -108.322644848 -0.180887247 0.865904922 0.432437501 0.174603202
100022.815968000 419.242228003 -253.311573225 -108.244381252 -0.190126378 0.855604648 0.445024676 0.183699985
100022.849301000 421.411408525 -254.644766171 -109.004451431 -0.203528528 0.843789773 0.459441486 0.188436933
100022.882634000 423.589406619 -255.985300290 -109.768927531 -0.217386745 0.831486691 0.473425581 0.192979544
100022.915967000 425.773506135 -257.331490527 -110.536832267 -0.231190771 0.818958521 0.486673739 0.197500482
100022.949300000 427.963977675 -258.683127493 -111.308080730 -0.244693615 0.805912437 0.499538565 0.202710139
100022.982633000 430.160663240 -260.040120209 -112.082685249 -0.257613817 0.792247040 0.512347686 0.208517620
100023.015966000 432.363177893 -261.402583983 -112.860697257 -0.270265357 0.778003736 0.525117000 0.214287096
100023.049299000 434.571337154 -262.770544956 -113.642151081 -0.283243495 0.763083098 0.537740567 0.219800799
100023.082632000 436.785150930 -264.143990957 -114.427164952 -0.297102080 0.747414254 0.549966714 0.225030888
100023.115965000 439.004687375 -265.522798913 -115.215679213 -0.311797489 0.730618629 0.562113717 0.230232305
100023.149298000 441.229983822 -266.907016949 -116.007643332 -0.326920984 0.712802551 0.574187266 0.235253430
100023.182631000 443.461102304 -268.296734668 -116.803123061 -0.342666332 0.693861532 0.586053199 0.240161627
100023.215964000 445.697954831 -269.692024242 -117.602176286 -0.358786060 0.674012565 0.597595461 0.244661585
100023.249297000 447.940595990 -271.092875197 -118.404846378 -0.375208679 0.653444212 0.608586641 0.248699435
100023.282630000 450.189102778 -272.499158225 -119.211146361 -0.391948448 0.632005023 0.619046920 0.252442026
100023.315963000 452.443406465 -273.910797598 -120.021068912 -0.408966258 0.609787617 0.628880942 0.255762433
100023.349296000 454.703309775 -275.327838878 -120.834585362 -0.426330179 0.586787258 0.638137658 0.258270442
100023.382629000 456.968739371 -276.750511405 -121.651714898 -0.444074112 0.563375414 0.646494705 0.259713156
100023.415962000 461.379785796 -275.615446898 -122.955019354 -0.463401348 0.537737129 0.655776985 0.257010732
100023.449295000 463.675599207 -277.038405175 -123.784899549 -0.480007306 0.514279614 0.662362462 0.257653709
100023.482628000 465.971873965 -278.464167131 -124.616580622 -0.495307517 0.490933142 0.668559786 0.258230373
100023.515961000 468.273725803 -279.896143557 -125.452058150 -0.509284445 0.467802017 0.674516051 0.258493180
100023.549294000 470.581166616 -281.334492109 -126.291702020 -0.522089481 0.445651619 0.679863844 0.258074333
100023.582627000 472.894383584 -282.779027245 -127.135564908 -0.533679566 0.424737286 0.684489484 0.257407273
100023.615960000 474.236233114 -285.420710346 -127.755276221 -0.543866352 0.406433905 0.687305142 0.258132745
100023.649293000 476.554301826 -286.883808785 -128.605718228 -0.553499780 0.388904424 0.690021438 0.257413592
100023.682626000 478.879491525 -288.353388649 -129.460635816 -0.562282216 0.372932722 0.691783055 0.257286028
100023.715959000 481.210884705 -289.828596509 -130.319399226 -0.570124989 0.358521416 0.692811801 0.257743477
100023.749292000 483.548352196 -291.309312186 -131.181948802 -0.577624788 0.345625628 0.693013363 0.258118207
100023.782625000 485.891733824 -292.795522688 -132.048280352 -0.584768400 0.334132713 0.692700354 0.258006722
100023.815958000 488.241049100 -294.287165790 -132.918473676 -0.591522095 0.324160141 0.691936010 0.257383707
100023.849291000 492.892288955 -292.879184873 -134.252106707 -0.598955509 0.311962449 0.692863389 0.252729209
100023.882624000 495.275866529 -294.370422947 -135.136819608 -0.606563970 0.304052000 0.690578465 0.250467394
100023.915957000 497.658042495 -295.862070306 -136.022883373 -0.613963545 0.297719781 0.687646731 0.248100122
100023.949290000 500.046765885 -297.358836276 -136.912826601 -0.619996517 0.292883732 0.685045859 0.246039853
100023.982623000 502.442401277 -298.860767745 -137.806460009 -0.624446446 0.289769309 0.682782146 0.244762997
100024.015956000 504.845289360 -300.368016995 -138.703822414 -0.627459444 0.288087615 0.680864464 0.244384436
100024.049289000 507.255504918 -301.880748522 -139.604963737 -0.628589261 0.287490131 0.679906903 0.244850094
100024.082622000 509.672980824 -303.399233338 -140.509769469 -0.627689992 0.287306796 0.680624926 0.245376830
100024.115955000 512.097970205 -304.923652861 -141.418451412 -0.625405182 0.287441034 0.682519954 0.245789590
100024.149288000 514.530626516 -306.453815065 -142.331050494 -0.621576675 0.287714420 0.685596424 0.246617909
100024.182621000 516.970900914 -307.989245539 -143.247546862 -0.615558216 0.287960723 0.690266218 0.248393342
100024.215954000 519.418766908 -309.529734036 -144.168229317 -0.608008494 0.288065241 0.696038208 0.250748681
100024.249287000 521.874106873 -311.075208241 -145.093159135 -0.600197597 0.287715533 0.702030215 0.253251247
100024.282620000 524.336880350 -312.625721471 -146.022163167 -0.592189534 0.286795791 0.708191223 0.255978360
100024.315953000 526.807209579 -314.181531043 -146.955412292 -0.583191189 0.285834118 0.714737732 0.259493486
100024.349286000 529.285141605 -315.742975644 -147.893010217 -0.572899409 0.284174322 0.722043993 0.263976693
100024.382619000 531.770705435 -317.310303611 -148.834810946 -0.562101776 0.281587150 0.729533164 0.269316974
100024.415952000 534.263904754 -318.883703253 -149.779840612 -0.548709609 0.276684686 0.739106691 0.275834460
100024.449285000 536.764859645 -320.463340828 -150.728347845 -0.533064641 0.270011009 0.750070936 0.283425007
100024.482618000 539.273252497 -322.049115134 -151.679954643 -0.514596425 0.260668584 0.762927235 0.291863741
100024.515951000 541.788994183 -323.641008567 -152.634675175 -0.493041615 0.248594567 0.777574437 0.300813400
100024.549284000 544.311790919 -325.238767705 -153.593848643 -0.470908051 0.236595396 0.791624944 0.309189542
100024.582617000 546.841222930 -326.841953737 -154.557934381 -0.448885326 0.226266024 0.804306845 0.316853515
100024.615950000 549.376989120 -328.450242829 -155.526863423 -0.426733411 0.217518044 0.815813893 0.324086701
100024.649283000 551.919006400 -330.063540850 -156.500304569 -0.403640600 0.209448118 0.826782569 0.331113780
100024.682616000 554.467386674 -331.682113134 -157.478059631 -0.380665986 0.201640945 0.836790730 0.337958002
100024.715949000 557.021876745 -333.306144904 -158.461259504 -0.361935609 0.195511034 0.844382343 0.343214961
100024.749282000 559.582104941 -334.935169547 -159.449258117 -0.345392081 0.190931562 0.850401995 0.347945250
100024.782615000 562.148382462 -336.569480866 -160.441296238 -0.328493528 0.186246483 0.856193312 0.352614893
100024.815948000 564.720620565 -338.208917136 -161.437714842 -0.311874610 0.182181325 0.861317236 0.357318921
100024.849281000 567.034779795 -340.101861605 -162.344736516 -0.297316164 0.178817090 0.865265576 0.361860511
100024.882614000 569.615147617 -341.751928330 -163.348918251 -0.284658822 0.175796403 0.868457002 0.365851630
100024.915947000 572.204000469 -343.408898237 -164.358096969 -0.272224242 0.172351352 0.871275312 0.370227369
100024.949280000 574.799202765 -345.071245652 -165.371878540 -0.262232395 0.169798448 0.872849309 0.374882303
100024.982613000 577.400665778 -346.739014287 -166.390202298 -0.254159868 0.168300224 0.873655267 0.379215336
100025.015946000 580.008539698 -348.412395756 -167.412921637 -0.247124125 0.166895138 0.874259838 0.383073642
100025.049279000 582.622788612 -350.091230174 -168.440095306 -0.241207030 0.165237131 0.874627578 0.386707201
100025.082612000 585.243201426 -351.775319705 -169.471951119 -0.237206685 0.164216666 0.874621181 0.389619897
100025.115945000 587.869531610 -353.464372130 -170.508750866 -0.235906815 0.164348012 0.874105812 0.391505728
100025.149278000 590.501649140 -355.158198014 -171.550440439 -0.237468900 0.165952428 0.872966364 0.392425842
100025.182611000 593.139507358 -356.856679668 -172.597067339 -0.242207208 0.169005795 0.871016973 0.392558457
100025.215944000 595.782782204 -358.559581560 -173.649225301 -0.252398742 0.174378125 0.867572608 0.391413993
100025.249277000 598.431644306 -360.267052510 -174.706775308 -0.266450539 0.181504003 0.862984436 0.388996492
100025.282610000 601.086471556 -361.979593198 -175.769542702 -0.282403603 0.189776656 0.857893811 0.385034069
100025.315943000 603.747228307 -363.697274607 -176.838033694 -0.302222269 0.199659208 0.851355749 0.379461842
100025.349276000 606.414347547 -365.420509939 -177.911589885 -0.322555628 0.209005601 0.844212956 0.373602745
100025.382609000 609.087798564 -367.149314575 -178.990625276 -0.345530887 0.218306957 0.835513384 0.367243603
100025.415942000 611.767573545 -368.883749128 -180.074856382 -0.369122617 0.226968276 0.825913111 0.360695757
100025.449275000 614.453779464 -370.624235145 -181.163719537 -0.392796963 0.233891125 0.816241977 0.353206063
100025.482608000 617.146652692 -372.370601302 -182.257306209 -0.416014214 0.241311957 0.805968091 0.345132075
100025.515941000 619.846072719 -374.122917779 -183.355414164 -0.438010140 0.249152475 0.795573227 0.336353091
100025.549274000 622.552088089 -375.881122200 -184.458930275 -0.460368530 0.258242743 0.784076022 0.326490878
100025.582607000 625.264843121 -377.645299114 -185.567938624 -0.482850885 0.269018640 0.770976806 0.316352271
100025.615940000 627.984299039 -379.415712334 -186.682498738 -0.506847877 0.280137827 0.755967421 0.305190575
100025.649273000 630.710809465 -381.192303920 -187.801690186 -0.530035318 0.290826139 0.740302362 0.293998522
100025.682606000 633.444671204 -382.975070574 -188.924663539 -0.550564056 0.300282259 0.725256375 0.284100291
100025.715939000 636.185987813 -384.764093303 -190.051944133 -0.570073879 0.308628302 0.709944109 0.275215744
100025.749272000 638.934893139 -386.559606775 -191.182535617 -0.585721686 0.314674317 0.697198359 0.268001173
