# timestamp tx ty tz qx qy qz qw
105.549474000 0.098757191 -0.072403586 0.066027345 0.861295465 -0.007139294 -0.507971049 0.009195954
105.582807000 0.020982076 -0.124513741 0.076443200 -0.870519616 -0.000557082 0.492108094 0.004991197
105.616140000 0.034862795 -0.158145880 0.077950911 -0.866633263 -0.001863296 0.498763250 0.013361756
105.649473000 0.039694726 -0.178931234 0.078707018 -0.862703722 0.003034542 0.505269427 0.020877876
105.682806000 0.042849092 -0.199509166 0.080512266 -0.858199821 0.003515023 0.512665855 0.025581877
105.716139000 0.044194904 -0.221048838 0.082378738 -0.853440353 -0.002029860 0.520550622 0.025738953
105.749472000 0.044691815 -0.243528153 0.084119283 -0.848753574 -0.001584603 0.528083858 0.027245146
105.782805000 0.045143991 -0.266606470 0.085530093 -0.843949750 0.000664672 0.535689523 0.028019867
105.816138000 0.046364389 -0.290290308 0.086398927 -0.840517273 0.005310821 0.540874583 0.030938568
105.849471000 0.046863117 -0.314921020 0.086962050 -0.839601345 0.009723156 0.541815486 0.037563544
105.882804000 0.047869854 -0.340714364 0.087110606 -0.839278395 0.010926609 0.541712047 0.045171265
105.916137000 0.048656681 -0.368065187 0.087068074 -0.839202662 0.010435162 0.541261035 0.051638086
105.949470000 0.049922842 -0.397369948 0.086471462 -0.839839303 0.012710383 0.539981924 0.054110194
105.982803000 0.051007349 -0.427980821 0.085951696 -0.841135429 0.012780043 0.537901937 0.054675102
106.016136000 0.051695171 -0.459773280 0.085717892 -0.843382066 0.010691294 0.534604683 0.052822539
106.049469000 0.051882159 -0.492297934 0.086084129 -0.844858326 0.006304098 0.532530247 0.050854738
106.082802000 0.051589358 -0.525159507 0.087001512 -0.844969348 0.001613291 0.532363444 0.051121043
106.116135000 0.050627867 -0.558678235 0.087667418 -0.843236524 -0.000677149 0.535029334 0.051916451
106.149468000 0.049569817 -0.593219780 0.087843754 -0.841303135 -0.001332346 0.538035131 0.052205927
106.182801000 0.048572518 -0.628448147 0.087689332 -0.839797633 -0.000756700 0.540239500 0.053671648
106.216134000 0.050363423 -0.697686063 0.084378458 -0.841850569 -0.003495803 0.536395782 0.059623522
106.249467000 0.049451509 -0.731483606 0.083151751 -0.842457578 -0.000181190 0.535131312 0.062447379
106.282800000 0.048844766 -0.771252504 0.081471639 -0.843631027 0.004532730 0.532621622 0.067678298
106.316133000 0.048774930 -0.811934428 0.079721768 -0.844899005 0.011358843 0.529502988 0.075121462
106.349466000 0.048769128 -0.853903054 0.078045286 -0.845674345 0.018615624 0.526796878 0.083506941
106.382799000 0.048920884 -0.897232250 0.076583014 -0.845907903 0.025953970 0.524589104 0.092587707
106.416132000 0.022702690 -0.908293033 0.080210684 -0.845652949 0.038782276 0.522327292 0.102670468
106.449465000 0.021804538 -0.971243851 0.078425778 -0.845725553 0.048901694 0.519283594 0.112700766
106.482798000 0.020722449 -1.020006713 0.077083405 -0.845633024 0.054337562 0.517587134 0.118557063
106.516131000 0.019456354 -1.070995223 0.075708334 -0.845333027 0.058937381 0.516440120 0.123402033
106.549464000 0.018275576 -1.124198556 0.074259662 -0.845169455 0.062423875 0.515402091 0.127092630
106.582797000 0.017058712 -1.179477653 0.073012224 -0.844984103 0.062465502 0.514536377 0.131727915
106.616130000 0.015510578 -1.237432110 0.071181457 -0.844465695 0.063746613 0.514855678 0.133182921
106.649463000 0.013841174 -1.297412879 0.069399993 -0.843737403 0.063959347 0.515603320 0.134794709
106.682796000 0.012204532 -1.359108817 0.067474892 -0.842698473 0.066555088 0.516723763 0.135743346
106.716129000 0.010327772 -1.422473171 0.065590705 -0.841509076 0.068416790 0.518051234 0.137129638
106.749462000 0.008049430 -1.487820650 0.063360227 -0.840441944 0.069615225 0.519741458 0.136674346
106.782795000 -0.074820390 -1.613926701 0.042134361 -0.843320923 0.067794330 0.513137915 0.144579494
106.816128000 -0.083233602 -1.690497883 0.038729687 -0.842343953 0.069691026 0.514619934 0.144104644
106.849461000 -0.079042875 -1.595782898 0.055846245 -0.841158372 0.082200862 0.518747367 0.128828492
106.882794000 -0.086159054 -1.660274100 0.054036361 -0.839290422 0.086010547 0.521135313 0.128886611
106.916127000 -0.115010053 -1.793233528 0.036619575 -0.837137276 0.089137355 0.520810558 0.141464043
106.949460000 -0.122412272 -1.866738601 0.033768669 -0.837881252 0.094604622 0.515729175 0.151751083
106.982793000 -0.130554125 -1.941826578 0.031067434 -0.837988109 0.094810576 0.513144607 0.159591652
107.016126000 -0.138996700 -2.018819061 0.028977216 -0.837009071 0.094235042 0.513534049 0.163763101
107.049459000 -0.148111967 -2.096566567 0.027717828 -0.832554538 0.099818724 0.517651298 0.170077327
107.082792000 -0.158242558 -2.175223042 0.026891213 -0.825071052 0.108776705 0.525220411 0.177676412
107.116125000 -0.168551241 -2.255384863 0.025336113 -0.818156185 0.116609565 0.530990704 0.187273969
107.149458000 -0.178739013 -2.338044733 0.022350747 -0.813207869 0.123619988 0.532979163 0.198353905
107.182791000 -0.189276798 -2.424432483 0.017977935 -0.810468130 0.128875891 0.532371009 0.207637963
107.216124000 -0.200563580 -2.515001649 0.012654660 -0.809224603 0.131702397 0.530747101 0.214749935
107.249457000 -0.212490414 -2.609950957 0.006743976 -0.809832179 0.130142926 0.528505055 0.218899675
107.282790000 -0.224882987 -2.709199444 0.000261257 -0.812542880 0.123630063 0.525790981 0.219165508
107.316123000 -0.238126937 -2.812247614 -0.006688461 -0.816065649 0.113191693 0.524379185 0.215060381
107.349456000 -0.252147095 -2.918094831 -0.013521379 -0.818754516 0.102769736 0.524785566 0.208996493
107.382789000 -0.266723281 -3.025794096 -0.020118913 -0.819936978 0.094653948 0.526379073 0.204129991
107.416122000 -0.274263237 -3.143746464 -0.024310772 -0.820362902 0.086022879 0.528290773 0.201279987
107.449455000 -0.289286993 -3.256525832 -0.031429666 -0.821369617 0.079182539 0.528137350 0.200382180
107.482788000 -0.253958987 -3.361139191 -0.023004884 -0.822545429 0.066227251 0.529250338 0.197299385
107.516121000 -0.267581625 -3.484641404 -0.031442144 -0.824953896 0.059272629 0.526535551 0.196718424
107.549454000 -0.278333707 -3.594349112 -0.038119458 -0.825909704 0.054961728 0.526032439 0.195300390
107.582787000 -0.292364012 -3.714399901 -0.046306915 -0.827237957 0.051891955 0.524732769 0.194010587
107.616120000 -0.307182640 -3.837203061 -0.054006929 -0.827135264 0.050271695 0.525677521 0.192310051
107.649453000 -0.322143940 -3.962192955 -0.061834016 -0.826145206 0.047370447 0.527679597 0.191818617
107.682786000 -0.337133495 -4.089470817 -0.070088118 -0.825006100 0.046162927 0.528301088 0.195273856
107.716119000 -0.353616927 -4.220189156 -0.079224261 -0.824107479 0.042436781 0.529391847 0.196952418
107.749452000 -0.369943913 -4.354693868 -0.089402454 -0.826028273 0.035400383 0.528085710 0.193777159
107.782785000 -0.386868669 -4.492291785 -0.099865754 -0.829199100 0.024463673 0.525774181 0.188127328
107.816118000 -0.404493175 -4.632974366 -0.110324952 -0.831264600 0.011312017 0.525182480 0.181809145
107.849451000 -0.423012935 -4.776924226 -0.121112835 -0.832501885 -0.002255271 0.525906152 0.174236176
107.882784000 -0.442441155 -4.923931710 -0.132731804 -0.834298313 -0.016222438 0.525924731 0.164579264
107.916117000 -0.462562842 -5.074239474 -0.145152420 -0.836562333 -0.031104179 0.525455252 0.151963058
107.949450000 -0.483143292 -5.227550517 -0.158002850 -0.838352461 -0.044797814 0.525310270 0.138590865
107.982783000 -0.504231148 -5.383457799 -0.170767543 -0.838595896 -0.056861958 0.526868511 0.126226829
108.016116000 -0.525474851 -5.541931460 -0.183413586 -0.838111145 -0.067639998 0.528832170 0.115460274
108.049449000 -0.547357441 -5.703235834 -0.195774705 -0.836083212 -0.077089971 0.532817635 0.105486331
108.082782000 -0.570061560 -5.867436659 -0.207658467 -0.832820072 -0.085403428 0.538380218 0.096248238
108.116115000 -0.613582705 -6.048215021 -0.220714039 -0.829059342 -0.092602325 0.544155265 0.089333450
108.149448000 -0.445604178 -6.082866406 -0.213602306 -0.820093949 -0.103649690 0.557351432 0.077859083
108.182781000 -0.464135849 -6.253541312 -0.223718128 -0.813072774 -0.109771214 0.566925913 0.073877969
108.216114000 -0.482795177 -6.424964843 -0.233639668 -0.805071194 -0.114662014 0.577557128 0.071699084
108.249447000 -0.500840964 -6.598876426 -0.244954833 -0.798743261 -0.117995478 0.585759313 0.070514528
108.282780000 -0.518012419 -6.774809858 -0.257616858 -0.794611180 -0.121656020 0.590494095 0.071481530
108.316113000 -0.534756789 -6.952879054 -0.272365569 -0.792410154 -0.124404284 0.592599214 0.073728510
108.349446000 -0.551064935 -7.132819255 -0.288860732 -0.792481484 -0.125336728 0.591752132 0.078059055
108.382779000 -0.566761640 -7.314105644 -0.306849530 -0.794684526 -0.122834270 0.588161967 0.086335079
108.416112000 -0.582215652 -7.497234979 -0.325721138 -0.798408188 -0.116562393 0.582640923 0.097401891
108.449445000 -0.597531735 -7.682632354 -0.345133809 -0.803196440 -0.106849341 0.575712165 0.109609309
108.482778000 -0.612884738 -7.870006767 -0.364911407 -0.807917421 -0.092938066 0.568383346 0.124789139
108.516111000 -0.627988227 -8.059489365 -0.385146540 -0.812559197 -0.074507126 0.560238854 0.142578628
108.549444000 -0.642684635 -8.251794830 -0.405614396 -0.816301170 -0.052046187 0.552569108 0.160034292
108.582777000 -0.657234251 -8.446987636 -0.426458019 -0.819460996 -0.025711370 0.543963995 0.178677846
108.616110000 -0.671888387 -8.645368091 -0.447667556 -0.821643728 0.002195239 0.534654157 0.197589720
108.649443000 -0.686579549 -8.847025058 -0.469412521 -0.822726935 0.030516995 0.524939540 0.215934211
108.682776000 -0.701133192 -9.052032063 -0.492258956 -0.823277350 0.059061001 0.513864938 0.233814088
108.716109000 -0.715468389 -9.260513585 -0.516468761 -0.824368342 0.087867401 0.499796337 0.250798281
108.749442000 -0.729563343 -9.472291996 -0.541868480 -0.824876404 0.117500377 0.483822984 0.267745961
108.782775000 -0.743388076 -9.687495602 -0.568221212 -0.824253162 0.147749069 0.466629973 0.284663672
108.816108000 -0.756882044 -9.906452146 -0.595446209 -0.822306204 0.178873556 0.448564495 0.301009388
108.849441000 -0.770285029 -10.129233947 -0.623096462 -0.818487668 0.209814239 0.430606300 0.317228840
108.882774000 -0.783885824 -10.355959885 -0.651006353 -0.813267220 0.239808878 0.412745344 0.332760293
108.916107000 -0.798039282 -10.586744203 -0.678835249 -0.806090503 0.268779069 0.396649071 0.347340506
108.949440000 -0.812474277 -10.821709154 -0.706582760 -0.797008514 0.296931071 0.382026454 0.361476356
108.982773000 -0.826826680 -11.061034872 -0.734465110 -0.786543762 0.324330020 0.367759489 0.375382347
109.016106000 -0.840914789 -11.304977048 -0.762553113 -0.774744570 0.351533098 0.352883646 0.389446357
109.049439000 -0.855045239 -11.553554997 -0.790815401 -0.761309841 0.378051329 0.338121113 0.403928993
109.082772000 -0.870005041 -11.806664929 -0.818834799 -0.746313362 0.402584642 0.325418549 0.418383483
109.116105000 -0.886159503 -12.064259922 -0.846657567 -0.730460424 0.424560348 0.314862341 0.432478653
109.149438000 -0.903538754 -12.326505779 -0.874600144 -0.714170629 0.444455515 0.306227355 0.445695429
109.182771000 -0.922456323 -12.593094003 -0.902689119 -0.697585002 0.461619520 0.300493511 0.458242549
109.216104000 -0.943115265 -12.863992106 -0.931265589 -0.681657159 0.476330024 0.297512716 0.468976982
109.249437000 -0.965200599 -13.139371602 -0.960544737 -0.666930563 0.489129078 0.295408591 0.478215572
109.282770000 -0.988998884 -13.418832988 -0.990437091 -0.653256808 0.499389298 0.295290503 0.486486784
109.316103000 -1.014635121 -13.702168010 -1.020838113 -0.640223840 0.507846933 0.297163468 0.493861114
109.349436000 -1.041804455 -13.989415800 -1.051859369 -0.628507865 0.514535629 0.299922341 0.500277463
109.382769000 -1.070490014 -14.280517502 -1.083515922 -0.618794156 0.518946107 0.303513879 0.505636288
109.416102000 -1.100816326 -14.575443224 -1.115943694 -0.610522508 0.521673788 0.308203951 0.510028481
109.449435000 -1.132829457 -14.874063442 -1.148985157 -0.603367566 0.522639393 0.314064085 0.513964392
109.482768000 -1.166530225 -15.176088892 -1.182132985 -0.596616507 0.520857263 0.322189304 0.518604385
109.516101000 -1.202206490 -15.481721652 -1.215312901 -0.589927435 0.516880837 0.333099329 0.523320800
109.549434000 -1.240043150 -15.791164649 -1.248663779 -0.584165570 0.510761617 0.346611662 0.527004282
109.582767000 -1.279850493 -16.104395711 -1.281976432 -0.578794331 0.501737301 0.362868314 0.530644315
109.616100000 -1.321390420 -16.421631826 -1.315291140 -0.573837132 0.490461531 0.380940086 0.533894262
109.649433000 -1.364665953 -16.742873008 -1.348728569 -0.569302785 0.476938552 0.400952949 0.536340087
109.682766000 -1.409370169 -17.068360507 -1.382718991 -0.565518425 0.462404735 0.421313826 0.537462028
109.716099000 -1.448869399 -17.494505285 -1.454363333 -0.560895404 0.447187705 0.441419776 0.539043675
109.749432000 -1.495118227 -17.832484992 -1.491374537 -0.556516388 0.433779446 0.458811166 0.540015941
109.782765000 -1.541732489 -18.173018654 -1.529359047 -0.551912443 0.421310545 0.474324503 0.541208227
109.816098000 -1.588846223 -18.517605321 -1.568733656 -0.547554095 0.410233926 0.487734100 0.542225125
109.849431000 -1.636669812 -18.865983735 -1.609152960 -0.543168993 0.399519210 0.499776785 0.543668108
109.882764000 -1.576678416 -19.533147033 -1.774811618 -0.538823097 0.383933518 0.513891965 0.546058397
109.916097000 -1.597729292 -19.999473006 -1.853020981 -0.537046952 0.369874227 0.525152971 0.546797938
109.949430000 -1.646306097 -20.371891376 -1.900208355 -0.535469143 0.358010097 0.534141109 0.547535244
109.982763000 -2.124124104 -21.190682683 -2.096956890 -0.534537987 0.345115626 0.536768994 0.554114963
110.016096000 -2.185125843 -21.577609004 -2.149320342 -0.534374975 0.333479769 0.543436866 0.554897290
110.049429000 -2.247678155 -21.967487551 -2.202411515 -0.535163113 0.320740924 0.549908256 0.555271656
110.082762000 -2.312269828 -22.361450002 -2.256229635 -0.536421624 0.306578509 0.556840681 0.555148552
110.116095000 -2.490063264 -21.868014497 -1.824933162 -0.549319441 0.296458510 0.562454727 0.542222449
110.149428000 -2.562736555 -22.249278949 -1.869315615 -0.551258953 0.278064859 0.572285854 0.539705848
110.182761000 -3.567340204 -23.066687968 -2.226937849 -0.547095065 0.270990502 0.567087856 0.552867526
110.216094000 -3.652298402 -23.416200773 -2.272375855 -0.550605246 0.254528701 0.575885162 0.548092404
110.249427000 -3.765312266 -23.807158306 -2.276783494 -0.556935104 0.234089030 0.586337196 0.539661291
110.282760000 -3.864195173 -24.205268217 -2.329696534 -0.562394395 0.216832105 0.595589038 0.531008550
110.316093000 -4.002466008 -24.614646827 -2.391817866 -0.568140226 0.200453944 0.604496445 0.521170748
110.349426000 -4.116699443 -25.020573612 -2.449178303 -0.572996285 0.183051062 0.615009052 0.509834711
110.382759000 -4.223276758 -25.430363039 -2.506854773 -0.578261289 0.164342192 0.625886391 0.496861903
110.416092000 -4.331839515 -25.843376003 -2.566119361 -0.585437883 0.146205159 0.635249202 0.482021771
110.449425000 -4.441925850 -26.259615866 -2.627458969 -0.595395242 0.130273483 0.641345949 0.466056542
110.482758000 -4.553503423 -26.678947501 -2.690561919 -0.606046412 0.115272488 0.645452478 0.450345532
110.516091000 -4.666666389 -27.101459030 -2.755486578 -0.617991038 0.101592635 0.646837461 0.435163546
110.549424000 -4.782015862 -27.527217160 -2.822268674 -0.631166843 0.089179976 0.645942530 0.420039993
110.582757000 -4.868214875 -27.960366176 -2.877025317 -0.645018895 0.074993546 0.643967269 0.404515451
110.616090000 -4.987666609 -28.394506607 -2.946980777 -0.659466312 0.061012051 0.640487857 0.388789169
110.649423000 -4.955606698 -28.818355577 -2.981628239 -0.674931883 0.044901732 0.636677275 0.370260498
110.682756000 -4.130448261 -29.703662991 -3.133915847 -0.692540573 0.011104582 0.636729293 0.338880583
110.716089000 -4.303257249 -30.235003312 -3.222626152 -0.708048172 -0.006823802 0.629880473 0.319173639
110.749422000 -4.614085473 -30.692177413 -3.295840320 -0.720614914 -0.022641331 0.623581905 0.302236867
110.782755000 -4.695821101 -31.149962116 -3.375915181 -0.732623400 -0.042238964 0.617871746 0.282335490
110.816088000 -4.810374622 -31.617798748 -3.452569035 -0.743883218 -0.061751402 0.611566107 0.262319308
110.849421000 -4.926040625 -32.091724923 -3.530698221 -0.754228482 -0.080188453 0.605235908 0.241658238
110.882754000 -5.042298240 -32.569770722 -3.609901361 -0.764547825 -0.098799061 0.597893917 0.219609272
110.916087000 -5.151872309 -33.056360395 -3.689506529 -0.773919451 -0.119210630 0.590122849 0.196449821
110.949420000 -5.272311359 -33.542641007 -3.770313137 -0.781899375 -0.141180443 0.581947594 0.173316033
110.982753000 -5.367087021 -34.040416873 -3.850584768 -0.788135512 -0.163559910 0.574242732 0.149451847
111.016086000 -5.491908043 -34.533962642 -3.932559724 -0.792424203 -0.180939530 0.568005018 0.129209400
111.049419000 -5.619396191 -35.032073054 -4.015696636 -0.795979009 -0.195586346 0.561881416 0.111591548
111.082752000 -5.748474914 -35.533899057 -4.100427806 -0.800823831 -0.207782768 0.553352712 0.096479472
111.116085000 -5.879603875 -36.039326749 -4.186622149 -0.806518932 -0.217386889 0.543175078 0.085035206
111.149418000 -6.013395367 -36.548712279 -4.274555505 -0.811728043 -0.227273024 0.532742466 0.075033467
111.182751000 -6.149037670 -37.061745025 -4.363991891 -0.819290657 -0.234558204 0.518825962 0.067563961
111.216084000 -6.286786578 -37.578441749 -4.454710264 -0.828737472 -0.239012525 0.502009639 0.063667397
111.249417000 -6.427453054 -38.099045200 -4.546350795 -0.837184693 -0.241232012 0.487004994 0.061278389
111.282750000 -6.571473185 -38.623612289 -4.638386007 -0.842554270 -0.242418130 0.477350148 0.058928684
111.316083000 -6.719060736 -39.152011317 -4.730813873 -0.843995065 -0.242297820 0.474949701 0.058196902
111.349416000 -6.869277044 -39.684398589 -4.824135591 -0.844153307 -0.240843564 0.475301692 0.059058219
111.382749000 -7.021289507 -40.220638250 -4.918236088 -0.843710105 -0.237723510 0.477171561 0.062833850
111.416082000 -7.174763865 -40.760661336 -5.013184797 -0.843019096 -0.232158062 0.480020220 0.070725004
111.449415000 -7.329641365 -41.304705748 -5.109179888 -0.841810025 -0.223411324 0.484456662 0.082127974
111.482748000 -7.485504016 -41.852906413 -5.206423048 -0.840916335 -0.213005965 0.488301700 0.095129524
111.516081000 -7.642404244 -42.405038542 -5.305025281 -0.839858972 -0.201967327 0.491944172 0.108798156
111.549414000 -7.800648491 -42.961417669 -5.404940923 -0.838031664 -0.192018903 0.496235010 0.120757965
111.582747000 -7.960644760 -43.522207764 -5.506418570 -0.834328402 -0.182663444 0.503133425 0.131859547
111.616080000 -8.122554507 -44.087580840 -5.609713214 -0.828698377 -0.173485199 0.512624318 0.142752214
111.649413000 -8.285855635 -44.657315598 -5.714522979 -0.823270229 -0.163306454 0.520987480 0.155335693
111.682746000 -8.450699073 -45.231365195 -5.820613112 -0.819258409 -0.153149848 0.526091665 0.169080881
111.716079000 -8.617374438 -45.809713141 -5.927970698 -0.816438139 -0.143408772 0.528258057 0.183864392
111.749412000 -8.785823825 -46.392186192 -6.036355150 -0.814114455 -0.132497907 0.528487611 0.200904961
111.782745000 -8.956320282 -46.978657546 -6.145507059 -0.810956268 -0.119859354 0.528355970 0.220960709
111.816078000 -9.129321593 -47.569643474 -6.255345466 -0.805624087 -0.107615557 0.529492975 0.242952488
111.849411000 -9.304649374 -48.165641072 -6.366221692 -0.798654673 -0.096414918 0.531824679 0.264607988
111.882744000 -9.481560624 -48.766958294 -6.478166628 -0.790368707 -0.084606945 0.535245853 0.285781121
111.916077000 -9.660697621 -49.373672277 -6.591262163 -0.780482511 -0.072363566 0.540370834 0.305957394
111.949410000 -9.842348686 -49.985725200 -6.705644068 -0.769226804 -0.060356347 0.546684042 0.325244205
111.982743000 -10.025913466 -50.603486177 -6.821399479 -0.756717170 -0.048554100 0.554263784 0.343239394
112.016076000 -10.211618900 -51.226743259 -6.938715598 -0.744288361 -0.038091013 0.561768659 0.359165538
112.049409000 -9.469849655 -52.035673909 -7.074266663 -0.732374733 -0.037864634 0.572650718 0.366421445
112.082742000 -9.642823644 -52.658427196 -7.192339697 -0.721635907 -0.028406935 0.578261148 0.379537493
112.116075000 -9.821558029 -53.301643642 -7.315245020 -0.711851241 -0.018168912 0.582298505 0.392257763
112.149408000 -10.223007081 -53.910565300 -7.435883573 -0.703672183 -0.006179909 0.583262508 0.405724185
112.182741000 -10.409110270 -54.567989662 -7.563238313 -0.697758800 0.002774154 0.582761742 0.416549772
112.216074000 -10.596049800 -55.227011593 -7.691595119 -0.694136148 0.011178316 0.580165555 0.425978851
112.249407000 -10.785293391 -55.891765945 -7.821501032 -0.691801787 0.017567301 0.577291027 0.433401371
112.282740000 -10.976774562 -56.562348082 -7.952820909 -0.690672734 0.022677681 0.573815813 0.439536473
112.316073000 -11.170440143 -57.238679994 -8.085765561 -0.691189216 0.026700362 0.569220139 0.444446837
112.349406000 -11.366353357 -57.920739920 -8.220334344 -0.693238538 0.029352369 0.563752300 0.448042533
112.382739000 -11.564639014 -58.608613887 -8.356556128 -0.697577130 0.030111480 0.557119420 0.449552442
112.416072000 -11.765331198 -59.302188172 -8.494587066 -0.704175213 0.028839413 0.549415146 0.448830208
112.449405000 -11.968684302 -60.001496101 -8.634312970 -0.711561055 0.025260056 0.542225407 0.446132718
112.482738000 -12.174349042 -60.706508561 -8.775916608 -0.720415734 0.020130032 0.534026613 0.442053762
112.516071000 -12.381717710 -61.417222016 -8.919593175 -0.731760120 0.015015540 0.522500309 0.437372939
112.549404000 -12.590706407 -62.133588631 -9.065476605 -0.745611032 0.009897417 0.507277887 0.432013166
112.582737000 -12.801303268 -62.855505607 -9.213404919 -0.760616229 0.004639343 0.489245747 0.426708364
112.616070000 -13.013572703 -63.583027822 -9.363193137 -0.775827985 -0.001356130 0.469640738 0.421339145
112.649403000 -13.227604695 -64.316207615 -9.514831889 -0.791671347 -0.008248820 0.447850612 0.415473543
112.682736000 -13.443673115 -65.054977769 -9.668426277 -0.807182799 -0.015370747 0.425279281 0.409093147
112.716069000 -13.662142697 -65.799236166 -9.823724666 -0.819756605 -0.022395490 0.405476833 0.403839187
112.749402000 -13.883570320 -66.548872866 -9.980591977 -0.828629146 -0.029018565 0.390129866 0.400412724
112.782735000 -14.108227043 -67.303768620 -10.139094592 -0.833460370 -0.035025496 0.381145966 0.398553357
112.816068000 -14.335606374 -68.064078322 -10.299145381 -0.835247148 -0.039973126 0.376611735 0.398657687
112.849401000 -14.565288021 -68.830045554 -10.460757261 -0.836573867 -0.044330668 0.372799383 0.398998216
112.882734000 -14.797254791 -69.601732811 -10.623980835 -0.838557760 -0.048735456 0.368546253 0.398270509
112.916067000 -15.031537106 -70.379133097 -10.788779165 -0.841465901 -0.053213085 0.363252253 0.396423139
112.949400000 -15.268219260 -71.162187915 -10.955261922 -0.845185354 -0.058047347 0.356928166 0.393566394
112.982733000 -15.507362762 -71.950911735 -11.123501303 -0.849327391 -0.063152536 0.349876432 0.390181011
113.016066000 -11.463701731 -73.692358783 -11.422619170 -0.850667161 -0.111297099 0.354728849 0.371679676
113.049399000 -11.557765539 -74.446932166 -11.591612740 -0.854109339 -0.116636901 0.348285925 0.368225454
113.082732000 -11.459736936 -75.346580747 -11.794582609 -0.857179462 -0.124222539 0.342670549 0.363853028
113.116065000 -10.917202773 -76.407547408 -12.060448183 -0.859133344 -0.137407954 0.338649014 0.358225902
113.149398000 -10.954907229 -77.275153917 -12.252471677 -0.861334491 -0.143829596 0.334700197 0.354106934
113.182731000 -10.998330418 -78.153847475 -12.447037344 -0.862842036 -0.149759714 0.331870363 0.350624745
113.216064000 -10.201167349 -79.352168407 -12.775470393 -0.862431657 -0.165361113 0.330603316 0.345787199
113.249397000 -10.242459067 -80.314543546 -13.006746088 -0.863163034 -0.171796462 0.327646892 0.343632167
113.282730000 -10.057424044 -80.964610170 -13.038959146 -0.864222375 -0.175202495 0.327068396 0.339779395
113.316063000 -10.063609921 -81.778993329 -13.173522779 -0.864925611 -0.179469422 0.325422958 0.337334127
113.349396000 -10.003494654 -82.549467845 -13.271944534 -0.865979507 -0.184156790 0.324019633 0.333432222
113.382729000 -9.833611284 -83.372768092 -13.402029827 -0.866956636 -0.190079409 0.322653441 0.328862839
113.416062000 -8.381485332 -84.088219445 -13.412465004 -0.866710157 -0.203511088 0.325567927 0.318437225
113.449395000 -8.882402848 -84.822242637 -13.517563819 -0.868172133 -0.203960114 0.323927901 0.315829280
113.482728000 -9.173837136 -85.713742520 -13.712426601 -0.869068697 -0.208370849 0.322379229 0.312046184
113.516061000 -9.334799790 -86.622345533 -13.908054090 -0.869855425 -0.213957519 0.320905127 0.307560757
113.549394000 -9.498275589 -87.538257396 -14.104679450 -0.870704137 -0.220485752 0.318454489 0.303062828
113.582727000 -10.138266952 -88.404399966 -14.269706329 -0.872988689 -0.222505209 0.314139177 0.299497510
113.616060000 -10.311992102 -89.329216325 -14.466313895 -0.874511901 -0.226852823 0.311106851 0.294922463
113.649393000 -10.489390209 -90.262792983 -14.663375499 -0.875219635 -0.231020410 0.311407387 0.289215490
113.682726000 -10.669472655 -91.202440561 -14.860585271 -0.875955492 -0.234738425 0.313738649 0.281367922
113.716059000 -10.947838324 -92.149557449 -15.062059574 -0.877460203 -0.235825557 0.315338088 0.273882803
113.749392000 -11.702770561 -93.075267959 -15.261482089 -0.880075717 -0.230669024 0.315593591 0.269553741
113.782725000 -11.893565566 -94.032414488 -15.460897944 -0.882934858 -0.226020864 0.314646984 0.265212896
113.816058000 -12.084579928 -94.994454824 -15.661534585 -0.886331161 -0.218743358 0.312173813 0.262899082
113.849391000 -12.276280985 -95.962765015 -15.863542007 -0.889071456 -0.210186250 0.310662440 0.262416721
113.882724000 -12.468642972 -96.937517122 -16.067529050 -0.891150446 -0.200055574 0.310046366 0.264007387
113.916057000 -12.662184092 -97.919228165 -16.273726274 -0.891844224 -0.190639073 0.313023614 0.265116655
113.949390000 -12.857252882 -98.908520188 -16.481913193 -0.890521824 -0.182579262 0.320789532 0.265950692
113.982723000 -12.959411806 -99.905494009 -16.689565668 -0.887926364 -0.176819964 0.331911671 0.264869996
114.016056000 -13.156064397 -100.909972937 -16.902756438 -0.883702470 -0.172868939 0.347840411 0.261138513
114.049389000 -13.353930773 -101.922464617 -17.119722707 -0.876077878 -0.169868395 0.370097750 0.258185855
114.082722000 -13.553023204 -102.941000263 -17.341072301 -0.863419739 -0.168750027 0.399238588 0.258144013
114.116055000 -13.753175104 -103.964859674 -17.567235484 -0.846631101 -0.169581222 0.431625373 0.261069962
114.149388000 -13.954060666 -104.993726243 -17.798464936 -0.827736730 -0.171518698 0.463018702 0.266546288
114.182721000 -14.155804941 -106.027877479 -18.035013817 -0.808812870 -0.173430212 0.491021975 0.273205276
114.216054000 -14.423660926 -107.058987654 -18.273682874 -0.792035473 -0.173769447 0.513562899 0.280601387
114.249387000 -14.628622312 -108.105148113 -18.519156989 -0.777977149 -0.173552233 0.531983576 0.285700286
114.282720000 -14.835481409 -109.158759775 -18.767586503 -0.766849580 -0.171762552 0.546791813 0.288891088
114.316053000 -15.043126634 -110.219284296 -19.018693360 -0.765163790 -0.168297599 0.548611027 0.291935325
114.349386000 -15.253071422 -111.286569248 -19.272239883 -0.765292466 -0.168029599 0.547483305 0.293863108
114.382719000 -15.466319212 -112.361421924 -19.527624146 -0.763065051 -0.171779050 0.549727423 0.293297538
114.416052000 -15.683401928 -113.444220877 -19.784770804 -0.756601991 -0.179493620 0.558443926 0.288921873
114.449385000 -15.902666565 -114.534488913 -20.044242860 -0.749397568 -0.188860503 0.568426432 0.282181479
114.482718000 -16.122904160 -115.631697078 -20.306626813 -0.744517093 -0.198093512 0.575389014 0.274555535
114.516051000 -16.344422565 -116.735446269 -20.572182666 -0.740332720 -0.207175869 0.581293009 0.266615942
114.549384000 -16.567277465 -117.845315663 -20.840861065 -0.736403788 -0.215459491 0.586115989 0.260297362
114.582717000 -16.791488095 -118.961229694 -21.112614156 -0.733172581 -0.222636466 0.589291782 0.256176044
114.616050000 -17.017567497 -120.083776779 -21.387254058 -0.729677999 -0.228690734 0.592637646 0.253083360
114.649383000 -17.246122874 -121.213485849 -21.664627726 -0.724375748 -0.233231867 0.598314586 0.250803366
114.682716000 -17.476404883 -122.349904467 -21.945215216 -0.721674192 -0.235982808 0.600663862 0.250402478
114.716049000 -17.708274118 -123.492739822 -22.229459123 -0.722750852 -0.237875294 0.598092944 0.251657268
114.749382000 -17.941614945 -124.642273019 -22.516948516 -0.724852463 -0.239743979 0.594093164 0.253308198
114.782715000 -18.175998496 -125.798612580 -22.807800533 -0.727572907 -0.241389908 0.589422381 0.254852571
114.816048000 -18.411155852 -126.961577692 -23.102131238 -0.731245592 -0.243188671 0.583551467 0.256138321
114.849381000 -18.647021961 -128.131347372 -23.399412415 -0.738258169 -0.245685467 0.573143357 0.257138524
114.882714000 -18.885385783 -129.308200708 -23.699435466 -0.745925840 -0.249676974 0.560826631 0.258320614
114.916047000 -19.125688075 -130.491673106 -24.002714046 -0.752213358 -0.253700658 0.549288326 0.260947073
114.949380000 -19.366637416 -131.681996799 -24.309554624 -0.759808197 -0.255939891 0.536120678 0.264122880
114.982713000 -19.608153756 -132.880226527 -24.618953608 -0.767801238 -0.254679819 0.523187411 0.268131276
115.016046000 -19.852404972 -134.086748528 -24.930250782 -0.772892307 -0.253891029 0.514482142 0.271081082
115.049379000 -20.100174681 -135.301379587 -25.243470692 -0.773972635 -0.256518514 0.510890412 0.272315256
115.082712000 -20.349263427 -136.523263992 -25.559792297 -0.777011487 -0.259273164 0.504095210 0.273712612
115.116045000 -20.600043003 -137.752267191 -25.879637471 -0.781120928 -0.261410743 0.495597436 0.275495371
115.149378000 -20.852764120 -138.988627429 -26.202959469 -0.785228756 -0.264082416 0.487156450 0.276323851
115.182711000 -21.107283104 -140.232133891 -26.530023431 -0.790331834 -0.266904758 0.476960583 0.276850221
115.216044000 -21.363647543 -141.483019821 -26.860978380 -0.796526405 -0.269830684 0.464890702 0.276791842
115.249377000 -21.622077937 -142.741367585 -27.195551323 -0.802624142 -0.272582423 0.452796838 0.276529082
115.282710000 -21.882394758 -144.007323712 -27.533516360 -0.808365704 -0.275464599 0.441013360 0.275991592
115.316043000 -22.144086706 -145.280943961 -27.875076180 -0.814690059 -0.278364530 0.428163961 0.274716071
115.349376000 -22.406834537 -146.561874926 -28.220691100 -0.822595474 -0.281462589 0.411937385 0.272805953
115.382709000 -22.670840034 -147.849823045 -28.570611667 -0.831575494 -0.285241158 0.392354102 0.270514209
115.416042000 -22.936608028 -149.144836544 -28.924435199 -0.840431163 -0.289430297 0.371044023 0.268759922
115.449375000 -23.204268335 -150.446838749 -29.281687829 -0.848721222 -0.292681827 0.348678424 0.269133781
115.482708000 -23.473287854 -151.755627812 -29.642757653 -0.857337976 -0.294540146 0.323420858 0.271323877
115.516041000 -23.744230074 -153.071750787 -30.007298865 -0.865150604 -0.295676158 0.298315942 0.274039485
115.549374000 -24.018817833 -154.396488006 -30.374454098 -0.870509596 -0.297761385 0.278249052 0.275914236
115.582707000 -24.297444239 -155.730241923 -30.743859060 -0.873591242 -0.300621478 0.263583172 0.277468884
115.616040000 -24.579668487 -157.072976875 -31.115654460 -0.875161518 -0.303654902 0.253725692 0.278404906
115.649373000 -24.865358954 -158.424425320 -31.490199643 -0.875314677 -0.307157283 0.248723912 0.278594750
115.682706000 -25.154706898 -159.784596925 -31.867764797 -0.874161629 -0.311464422 0.248681101 0.277469045
115.716039000 -25.447640893 -161.153165648 -32.248738184 -0.872219016 -0.316613518 0.251008265 0.275653260
115.749372000 -25.744106350 -162.530052748 -32.633806325 -0.870026282 -0.322989503 0.254707463 0.271764894
115.782705000 -26.022312589 -163.931084210 -33.036385151 -0.867903945 -0.329421778 0.258757038 0.266962224
115.816038000 -26.341912785 -165.353790811 -33.454765151 -0.866271449 -0.335213315 0.261252950 0.262588473
115.849371000 -26.647379195 -166.756695697 -33.852581445 -0.864061361 -0.341091282 0.265815244 0.257676073
115.882704000 -26.955663298 -168.167280994 -34.253647198 -0.861547300 -0.346578010 0.271377953 0.252930699
115.916037000 -27.201736614 -169.598940531 -34.664511847 -0.858843888 -0.351447834 0.277918118 0.248260179
115.949370000 -27.638749298 -170.990417708 -35.051750886 -0.856587944 -0.355421039 0.283191100 0.244409041
115.982703000 -31.058934010 -171.862734885 -35.241860743 -0.859099169 -0.345661628 0.285665194 0.246702358
116.016036000 -31.404466429 -173.297999238 -35.654306429 -0.857943359 -0.349504863 0.286351257 0.244504604
116.049369000 -31.751648302 -174.742621130 -36.070287280 -0.857153838 -0.352109734 0.285585511 0.244431890
116.082702000 -32.099813140 -176.194859869 -36.488851262 -0.856378176 -0.354051375 0.283721714 0.246507672
116.116035000 -32.448431572 -177.654925370 -36.909897259 -0.856116543 -0.355699699 0.280039856 0.249238577
116.149368000 -32.128111667 -179.303507940 -37.392922502 -0.855662780 -0.360363296 0.274822284 0.249904409
116.182701000 -32.471758918 -180.787895782 -37.819596726 -0.856711057 -0.362625969 0.268387733 0.250033192
116.216034000 -32.814628879 -182.275031685 -38.245190684 -0.857611461 -0.365165575 0.263068746 0.248900622
116.249367000 -33.182835110 -183.741340368 -38.644144920 -0.858450911 -0.367281412 0.259107671 0.247041723
116.282700000 -33.528376272 -185.247346927 -39.070106497 -0.858785418 -0.369194914 0.258486902 0.243653941
116.316033000 -33.875292601 -186.762341436 -39.495968851 -0.858880383 -0.370577402 0.260784226 0.238722566
116.349366000 -34.223128888 -188.286113144 -39.921997457 -0.859088084 -0.370458687 0.264981865 0.233479415
116.382699000 -34.571427194 -189.817853646 -40.348821230 -0.859633148 -0.368443424 0.270122494 0.228722827
116.416032000 -34.919886058 -191.356924686 -40.777149184 -0.860803340 -0.364476905 0.274340164 0.225636148
116.449365000 -36.111548820 -192.813411238 -41.220418223 -0.863924184 -0.355020929 0.275924632 0.226849603
116.482698000 -36.468123941 -194.366855565 -41.654492826 -0.866328398 -0.347765831 0.276350215 0.228395693
116.516031000 -36.824665763 -195.927257605 -42.091638456 -0.868929771 -0.340435851 0.274716237 0.231506961
116.549364000 -34.911096678 -197.659012836 -42.422642129 -0.869026964 -0.341299651 0.273303427 0.231542480
116.582697000 -35.246079140 -199.230941418 -42.864702900 -0.871358838 -0.333760067 0.269493533 0.238141195
116.616030000 -34.927669881 -200.844289854 -43.275916257 -0.873369607 -0.327403015 0.264792913 0.244780532
116.649363000 -35.257164077 -202.432007398 -43.728103432 -0.874843733 -0.318031642 0.262406014 0.254258531
116.682696000 -35.587358566 -204.028619923 -44.186573103 -0.875976053 -0.308273746 0.260873699 0.263776732
116.716029000 -35.918054961 -205.632035629 -44.650518074 -0.876805653 -0.296896645 0.259822701 0.274875231
116.749362000 -36.249867429 -207.242327911 -45.120112579 -0.876410100 -0.286258206 0.260713140 0.286339369
116.782695000 -36.582458491 -208.859962588 -45.595441729 -0.875194765 -0.276790755 0.263504718 0.296624789
116.816028000 -36.915883028 -210.485162851 -46.076158232 -0.873206509 -0.267346135 0.267815343 0.307101577
116.849361000 -37.249934189 -212.118419097 -46.561919356 -0.870873176 -0.258148390 0.273076611 0.316809856
116.882694000 -37.584599243 -213.759763149 -47.052525347 -0.867935933 -0.249696415 0.278917705 0.326410524
116.916027000 -37.920089716 -215.409300360 -47.548215110 -0.864648648 -0.242545565 0.284983126 0.335170079
116.949360000 -38.256413772 -217.067127899 -48.048936073 -0.861534169 -0.235631802 0.291086158 0.342790573
116.982693000 -38.593237128 -218.733227171 -48.554355896 -0.858454974 -0.228528633 0.297033880 0.350143678
117.016026000 -38.930668121 -220.407841981 -49.064398847 -0.855389095 -0.222090347 0.303161243 0.356480903
117.049359000 -39.268877457 -222.090918210 -49.579157867 -0.852054876 -0.215204478 0.310351695 0.362451855
117.082692000 -39.607499079 -223.782214269 -50.098502861 -0.848320774 -0.206505490 0.317883940 0.369671676
117.116025000 -39.946859932 -225.481937826 -50.622540449 -0.844009064 -0.197241460 0.326511766 0.377007391
117.149358000 -40.287255992 -227.190137234 -51.151268518 -0.838844571 -0.187966738 0.336500930 0.384415680
117.182691000 -40.628600906 -228.906512170 -51.684777461 -0.833276172 -0.177624078 0.346063603 0.392861923
117.216024000 -40.971210285 -230.630803237 -52.223216369 -0.827995077 -0.166526785 0.354177496 0.401561058
117.249357000 -41.315272304 -232.363010581 -52.766449209 -0.823749242 -0.154735114 0.359401006 0.410274478
117.282690000 -41.660588936 -234.103388647 -53.314223442 -0.821183841 -0.142007249 0.361162357 0.418393107
117.316023000 -42.007555140 -235.852149562 -53.866148983 -0.819165925 -0.128536752 0.361435716 0.426391504
117.349356000 -42.356941126 -237.609366239 -54.421887832 -0.817063175 -0.115777026 0.361085869 0.434304551
117.382689000 -42.708439210 -239.374973761 -54.981491838 -0.815486833 -0.104558440 0.359852501 0.441083818
117.416022000 -43.061561306 -241.148923056 -55.544906308 -0.814571030 -0.094384934 0.358190660 0.446391053
117.449355000 -43.416805666 -242.931253495 -56.112158372 -0.813675548 -0.085217976 0.357890347 0.450093877
117.482688000 -43.774196990 -244.721922163 -56.683113975 -0.812999472 -0.075894793 0.358038436 0.452857945
117.516021000 -44.134090495 -246.520585565 -57.257298583 -0.811887785 -0.067019121 0.358423714 0.455937608
117.549354000 -44.496719095 -248.326863323 -57.834738704 -0.810062705 -0.059886905 0.359689423 0.459168260
117.582687000 -44.861880785 -250.140628000 -58.415714783 -0.808390112 -0.053895580 0.360576462 0.462152906
117.616020000 -45.229340572 -251.961740977 -59.000213529 -0.807067127 -0.048286824 0.360213807 0.465356904
117.649353000 -45.599188784 -253.790149804 -59.588184954 -0.806335085 -0.043622520 0.358300616 0.468552532
117.682686000 -45.972004464 -255.625845870 -60.179778236 -0.806123836 -0.040301483 0.355893288 0.471041525
117.716019000 -46.347846126 -257.468824943 -60.775110196 -0.806741293 -0.037583127 0.352905894 0.472454680
117.749352000 -46.726398322 -259.319037359 -61.374112656 -0.808083195 -0.034836294 0.348803188 0.473417700
117.782685000 -47.107434553 -261.176526543 -61.976822341 -0.810155400 -0.031742770 0.343369680 0.474065278
117.816018000 -47.490982870 -263.041444937 -62.583395146 -0.813512761 -0.028378847 0.335752582 0.473985054
117.849351000 -47.877429929 -264.913837925 -63.193897260 -0.817651590 -0.024853277 0.327017759 0.473167598
117.882684000 -48.266738547 -266.793652293 -63.808446037 -0.822240008 -0.021224049 0.317595617 0.471809213
117.916017000 -48.658603924 -268.680798242 -64.427287807 -0.826714751 -0.017447521 0.307978184 0.470518589
117.949350000 -49.052742646 -270.575370771 -65.050754148 -0.830951716 -0.013683176 0.298277294 0.469428027
117.982683000 -49.448752707 -272.477574122 -65.679138795 -0.835318288 -0.010400994 0.288089610 0.468123438
118.016016000 -49.846110885 -274.387664783 -66.312690243 -0.839986769 -0.007617781 0.277385424 0.466284810
118.049349000 -50.244475019 -276.305911149 -66.951395717 -0.844572334 -0.004911784 0.266688643 0.464274288
118.082682000 -50.643620499 -278.232575017 -67.595088628 -0.848458128 -0.002043171 0.256768346 0.462800871
118.116015000 -51.043030104 -280.167948818 -68.243728490 -0.851773084 0.001113338 0.246815962 0.462129045
118.149348000 -51.442497980 -282.112270249 -68.897175756 -0.854601432 0.003608946 0.236581178 0.462247460
118.182681000 -51.842029578 -284.065880439 -69.555462323 -0.856967140 0.004838096 0.226916736 0.462701534
118.216014000 -52.241216001 -286.029108963 -70.218608811 -0.859033794 0.005656275 0.217339388 0.463457158
118.249347000 -52.640028589 -288.002175325 -70.886548894 -0.860903171 0.006604727 0.207218884 0.464609989
118.282680000 -53.038712434 -289.985279814 -71.559199001 -0.862762866 0.006969440 0.197332413 0.465458466
118.316013000 -53.437044021 -291.978677540 -72.236384227 -0.864942103 0.007034291 0.186559450 0.465855394
118.349346000 -53.835401178 -293.982408540 -72.917747891 -0.867067024 0.006122636 0.175977938 0.466035466
118.382679000 -54.234044402 -295.996645682 -73.603042592 -0.869108172 0.003738683 0.166498728 0.465741539
118.416012000 -54.632785045 -298.021673138 -74.291985869 -0.871079434 0.000388438 0.157652086 0.465151898
118.449345000 -55.031971243 -300.057629031 -74.984518630 -0.873242444 -0.004805903 0.150139356 0.463554432
118.482678000 -55.431660366 -302.104626109 -75.680609717 -0.875527451 -0.011681048 0.144648764 0.460860034
118.516011000 -55.831616850 -304.162648302 -76.380141652 -0.877714413 -0.019731094 0.140840823 0.457593657
118.549344000 -56.231809374 -306.231473079 -77.083053092 -0.879540331 -0.029310835 0.139344428 0.454018515
118.582677000 -56.631906873 -308.310828460 -77.789460502 -0.881107766 -0.039538842 0.139791986 0.450048869
118.616010000 -57.702032544 -310.052843838 -78.229293224 -0.882489785 -0.046375576 0.141133106 0.446253887
118.649343000 -58.106825343 -312.150810203 -78.941333128 -0.883283902 -0.054593108 0.143988421 0.442827817
118.682676000 -58.492994724 -314.235312662 -79.632424488 -0.883432686 -0.060785339 0.147877788 0.440436138
118.716009000 -58.896168253 -316.349331458 -80.351121706 -0.882513268 -0.065033528 0.152788009 0.439996360
118.749342000 -59.298977551 -318.471923503 -81.073713870 -0.880540757 -0.067757128 0.158573855 0.441487575
118.782675000 -59.701574503 -320.603179106 -81.800774269 -0.878036786 -0.069327062 0.164903069 0.443905552
118.816008000 -60.104246762 -322.743058420 -82.532689401 -0.875101812 -0.070041838 0.172665632 0.446629084
118.849341000 -60.506983044 -324.891391999 -83.269669982 -0.871786929 -0.070014434 0.181777753 0.449491243
118.882674000 -60.909674737 -327.048077316 -84.011858648 -0.867670513 -0.069023850 0.192610254 0.453083744
118.916007000 -61.312291527 -329.213164368 -84.759417823 -0.863011382 -0.066492432 0.204261981 0.457238618
118.949340000 -61.714837871 -331.386837349 -85.512310447 -0.858260473 -0.061561324 0.214848132 0.461995070
118.982673000 -62.117703049 -333.569079138 -86.270388977 -0.853081848 -0.054820639 0.224736427 0.467696051
119.016006000 -62.521470070 -335.759906832 -87.033386387 -0.847675138 -0.047210364 0.233498871 0.474021434
119.049339000 -62.926877390 -337.959306587 -87.801229325 -0.842516942 -0.039113458 0.240879128 0.480221392
119.082672000 -63.334472968 -340.167195623 -88.573680865 -0.838058336 -0.029569475 0.245124799 0.486515883
119.116005000 -63.745089414 -342.383379157 -89.350259104 -0.833592924 -0.020541008 0.248958075 0.492667009
119.149338000 -64.158735227 -344.607785807 -90.130569741 -0.829019171 -0.012611124 0.252798389 0.498659350
119.182671000 -64.575193710 -346.840419425 -90.914520516 -0.824362228 -0.005213950 0.256535599 0.504568349
119.216004000 -64.994256835 -349.081353214 -91.702171497 -0.819887477 0.001966654 0.259843599 0.510158760
119.249337000 -65.416035028 -351.330662313 -92.493524564 -0.815513861 0.008127364 0.263398136 0.515259653
119.282670000 -65.840372329 -353.588392755 -93.288728824 -0.810972495 0.013112788 0.267362680 0.520258460
119.316003000 -66.266943755 -355.854492205 -94.088047021 -0.806376600 0.017991813 0.270835991 0.525434048
119.349336000 -66.696117658 -358.128663156 -94.891589743 -0.801906947 0.022037287 0.274070541 0.530419593
119.382669000 -67.127983440 -360.410809518 -95.699492483 -0.798067740 0.024547728 0.276917282 0.534604630
119.416002000 -67.562196633 -362.701068507 -96.511870167 -0.794896023 0.026500149 0.279048109 0.538117280
119.449335000 -67.998576535 -364.999511120 -97.328852681 -0.792524889 0.028526076 0.280314798 0.540845798
119.482668000 -68.437319145 -367.306030628 -98.150303768 -0.790714883 0.030399873 0.281020000 0.543022634
119.516001000 -68.878667395 -369.620554723 -98.975985908 -0.789074532 0.031602860 0.281883584 0.544889244
119.549334000 -69.322169797 -371.943242543 -99.805966535 -0.787916554 0.032366724 0.282388695 0.546256829
119.582667000 -69.767565652 -374.274229027 -100.640233663 -0.787022031 0.032675341 0.282869567 0.547278223
119.616000000 -70.214936456 -376.613623337 -101.478668100 -0.786277193 0.031978659 0.284189117 0.547706206
119.649333000 -70.663896903 -378.961569588 -102.321216216 -0.785963136 0.030599877 0.285273124 0.547672202
119.682666000 -71.114472430 -381.318126917 -103.167816598 -0.786105178 0.028402515 0.286009622 0.547202378
119.715999000 -71.566689808 -383.683442188 -104.018499275 -0.786509046 0.025345719 0.287313470 0.546087983
119.749332000 -72.020543159 -386.057449544 -104.873353733 -0.786321866 0.021172193 0.290302845 0.544953135
119.782665000 -72.475871731 -388.440374414 -105.732562839 -0.785926415 0.017092843 0.293281657 0.544071111
119.815998000 -72.932611525 -390.832691498 -106.596179274 -0.785806926 0.013290892 0.296052450 0.542847838
119.849331000 -73.390538435 -393.234713599 -107.464094958 -0.785582426 0.009858588 0.298893874 0.541687652
119.882664000 -73.850137795 -395.646184307 -108.336412192 -0.784654348 0.006361033 0.302286572 0.541202292
119.915997000 -74.312075429 -398.066971307 -109.213250470 -0.783630959 0.001456906 0.306216163 0.540510924
119.949330000 -77.522647324 -400.891578856 -110.879135022 -0.781169652 -0.000280507 0.307569335 0.543300102
119.982663000 -78.008898113 -403.342101082 -111.775938726 -0.780778660 -0.004689006 0.311433900 0.541637908
120.015996000 -78.495474268 -405.793845379 -112.675028365 -0.779876001 -0.007170468 0.315640741 0.540474727
120.049329000 -78.984540601 -408.254013795 -113.579154864 -0.778357981 -0.008724949 0.320461752 0.539802737
120.082662000 -79.476147485 -410.722437079 -114.488485756 -0.776688845 -0.009643698 0.325180909 0.539368903
120.115995000 -79.970222066 -413.199115608 -115.403095318 -0.774933348 -0.009876466 0.329014697 0.539564723
120.149328000 -80.466778226 -415.684126074 -116.322990820 -0.773233148 -0.009494700 0.331664934 0.540387566
120.182661000 -80.965961902 -418.177497296 -117.248164223 -0.771554814 -0.009464471 0.333727180 0.541516170
120.215994000 -81.467782345 -420.679319379 -118.178706685 -0.769975804 -0.009558260 0.335424383 0.542712063
120.249327000 -81.972317864 -423.189767586 -119.114551506 -0.768103746 -0.009657959 0.337903342 0.543824136
120.282660000 -82.479264135 -425.709052971 -120.055630083 -0.766201752 -0.009483714 0.340738417 0.544740549
120.315993000 -82.988139835 -428.237512314 -121.001903632 -0.765313503 -0.007379343 0.341708633 0.545413602
120.349326000 -83.499314650 -430.774933996 -121.953147184 -0.763700451 -0.005590827 0.343859992 0.546342997
120.382659000 -84.012770057 -433.321066922 -122.909196095 -0.761861002 -0.005630415 0.346966083 0.546946660
120.415992000 -87.206586845 -435.394938259 -123.660543008 -0.760365901 -0.000978277 0.346391998 0.549413617
120.449325000 -88.867696536 -437.817829573 -124.647783152 -0.760632992 0.003169206 0.344725990 0.550083084
120.482658000 -89.411007768 -440.386089469 -125.619050143 -0.761688277 0.007033472 0.342948411 0.549697995
120.515991000 -89.955457945 -442.962621458 -126.594529081 -0.762065933 0.011228647 0.341849915 0.549789112
120.549324000 -90.501205581 -445.548245276 -127.574308704 -0.761805490 0.015840631 0.340715673 0.550739775
120.582657000 -91.048355781 -448.143174104 -128.558438502 -0.761366480 0.020142445 0.338568230 0.552527753
120.615990000 -91.597471618 -450.747405803 -129.547012602 -0.760852132 0.022598933 0.336249910 0.554553261
120.649323000 -92.148786069 -453.360842895 -130.540169887 -0.760382576 0.023083067 0.334594009 0.556176554
120.682656000 -92.702043072 -455.983316477 -131.538008920 -0.760034337 0.022124520 0.333736422 0.557205808
120.715989000 -93.256864616 -458.614642780 -132.540665970 -0.760079492 0.020704516 0.332976060 0.557653506
120.749322000 -93.813322444 -461.254712770 -133.548007993 -0.760306587 0.019019533 0.332427256 0.557731360
120.782655000 -94.371601796 -463.903466807 -134.559871337 -0.760618220 0.016518487 0.332178271 0.557534446
120.815988000 -94.931571918 -466.560916245 -135.576394795 -0.761351960 0.013522688 0.331574409 0.556972837
120.849321000 -95.493131727 -469.227053826 -136.597716698 -0.762637625 0.010239437 0.330526860 0.555905569
120.882654000 -96.056364498 -471.901807880 -137.623852179 -0.764453165 0.006476699 0.329256493 0.554219787
120.915987000 -96.621354513 -474.585246727 -138.654726186 -0.766960582 0.002313034 0.327613785 0.551756580
120.949320000 -97.188105917 -477.277446221 -139.690263900 -0.770090201 -0.001647100 0.325094354 0.548882528
120.982653000 -97.756820802 -479.978518591 -140.730307210 -0.772771839 -0.005412989 0.323175310 0.546216169
121.015986000 -98.327317844 -482.688708587 -141.774847844 -0.774677057 -0.009002349 0.321971984 0.544176861
121.049319000 -98.899145682 -485.408320921 -142.824167208 -0.776120058 -0.012218369 0.321208523 0.542506637
121.082652000 -99.471994402 -488.137506859 -143.878554196 -0.776957974 -0.014816160 0.321031643 0.541345982
121.115985000 -100.045818686 -490.876377956 -144.938228081 -0.776826849 -0.015666869 0.321316113 0.541341438
121.149318000 -100.621032277 -493.624880231 -146.003145253 -0.775232901 -0.015154704 0.322713102 0.542808012
121.182651000 -101.197769168 -496.382887405 -147.073411152 -0.772746539 -0.014096792 0.324732141 0.545172545
121.215984000 -101.775842127 -499.150434607 -148.149225130 -0.770008122 -0.012123045 0.326708214 0.547907170
121.249317000 -102.354943062 -501.927599758 -149.230737531 -0.767206645 -0.007802478 0.328415805 0.550886689
121.282650000 -102.935136335 -504.714219440 -150.317832319 -0.763472297 -0.001104012 0.330931607 0.554610768
121.315983000 -103.516620893 -507.510170757 -151.410355715 -0.758562501 0.006988987 0.334352663 0.559233747
121.349316000 -104.099450455 -510.315459542 -152.508523314 -0.752633957 0.015898550 0.339145758 0.564153807
121.382649000 -104.683337210 -513.130156197 -153.612591776 -0.745683712 0.025961044 0.345186462 0.569322520
121.415982000 -105.268090154 -515.954360327 -154.722638876 -0.737388350 0.037511884 0.352486518 0.574982203
121.449315000 -102.983067916 -519.120403269 -155.692482681 -0.729239217 0.047995932 0.362344784 0.578457270
121.482648000 -103.547987180 -521.954318480 -156.808066934 -0.718187674 0.063989393 0.370884543 0.585283246
121.515981000 -104.115785178 -524.809691633 -157.934097289 -0.705763373 0.082947466 0.378699536 0.592962428
121.549314000 -104.684897824 -527.674902502 -159.065686459 -0.691875747 0.104383519 0.385337313 0.601603845
121.582647000 -103.597688224 -531.705905023 -161.079690651 -0.675947893 0.123088256 0.393403107 0.610882740
121.615980000 -104.160490531 -534.604556151 -162.230081219 -0.659862582 0.143084464 0.399067623 0.620365409
121.649313000 -104.724127177 -537.506323036 -163.383273085 -0.643484954 0.161865003 0.404921305 0.629099016
121.682646000 -105.289784459 -540.417405647 -164.542155586 -0.626330711 0.181156213 0.411417618 0.636889167
121.715979000 -105.857392809 -543.337666794 -165.706643760 -0.607768139 0.201628645 0.418067991 0.644346904
121.749312000 -106.427026618 -546.266884705 -166.876818921 -0.588459387 0.222474911 0.424125278 0.651412474
121.782645000 -107.375732090 -549.138001832 -168.048668136 -0.569062701 0.243824607 0.428664891 0.657999708
121.815978000 -107.952448497 -552.085037067 -169.230943143 -0.550543447 0.264103839 0.432963359 0.663094115
121.849311000 -108.531629796 -555.040692992 -170.418994279 -0.532833192 0.283534022 0.436698259 0.667077116
121.882644000 -109.113465783 -558.005449038 -171.612807919 -0.515752542 0.302086046 0.439970629 0.670200852
121.915977000 -109.697876385 -560.979394624 -172.812240734 -0.498363940 0.320078397 0.442829451 0.673116098
121.949310000 -114.759375966 -564.461860745 -175.342294495 -0.476700349 0.338828026 0.442184012 0.680018857
121.982643000 -115.380085312 -567.473738161 -176.570562326 -0.460177590 0.354965107 0.444314979 0.681777498
122.015976000 -116.000442788 -570.478818658 -177.798204288 -0.444587630 0.370129677 0.446098261 0.682892526
122.049309000 -115.993135321 -573.726520131 -179.160123419 -0.430374416 0.383824134 0.448019782 0.683180189
122.082642000 -116.614985552 -576.750688671 -180.399900989 -0.416736842 0.396991707 0.448920586 0.683519054
122.115975000 -115.083160929 -580.288636768 -181.761711464 -0.405890082 0.408104669 0.451178962 0.682012730
122.149308000 -114.560785206 -583.396383571 -182.865128880 -0.395925409 0.419253093 0.451479730 0.680908193
122.182641000 -115.169494877 -586.448643294 -184.119170270 -0.385763889 0.429256022 0.450803117 0.680956709
122.215974000 -115.781589364 -589.513095996 -185.379589504 -0.376613447 0.437957574 0.450112182 0.680995226
122.249307000 -116.396564423 -592.586990482 -186.645171360 -0.368595218 0.445068422 0.449492290 0.681181581
122.282640000 -117.014446715 -595.670276849 -187.915843377 -0.361688656 0.450163519 0.448993421 0.681864378
122.315973000 -117.635328345 -598.762865985 -189.191659374 -0.356498883 0.453341996 0.448427737 0.682863196
122.349306000 -118.259306681 -601.864568786 -190.472536922 -0.353468121 0.454084765 0.448097258 0.684160917
122.382639000 -118.886420595 -604.975213637 -191.758588385 -0.352764756 0.452687936 0.448090360 0.685452908
122.415972000 -119.516684729 -608.094687434 -193.050155620 -0.354440584 0.450147010 0.448160922 0.686215221
122.449305000 -120.150096646 -611.222898450 -194.347241073 -0.358920230 0.446394914 0.448057901 0.686405104
122.482638000 -120.786691871 -614.359833194 -195.649659229 -0.366259185 0.441145698 0.447757992 0.686117675
122.515971000 -121.426472090 -617.505529835 -196.957447610 -0.375858716 0.434676560 0.447206606 0.685414302
122.549304000 -122.069500828 -620.660013980 -198.270588173 -0.387385976 0.426988991 0.446472343 0.684306184
122.582637000 -122.715712114 -623.823358373 -199.589021797 -0.400212819 0.417951977 0.445485588 0.683145984
122.615970000 -123.365034713 -626.995606147 -200.912771299 -0.414274280 0.407463998 0.444021450 0.682051950
122.649303000 -124.017534012 -630.176791452 -202.242015013 -0.429671280 0.395562540 0.442253205 0.680679786
122.682636000 -124.673226877 -633.366968355 -203.576798042 -0.446402577 0.382163746 0.440283314 0.678841818
122.715969000 -125.331993609 -636.566205606 -204.917040939 -0.463665591 0.367417342 0.438304284 0.676689050
122.749302000 -125.993668514 -639.774556205 -206.262828031 -0.480877624 0.351542344 0.436375626 0.674352285
122.782635000 -126.658115288 -642.992126771 -207.614274051 -0.497763089 0.335063011 0.434385502 0.671769247
122.815968000 -127.325257104 -646.219002582 -208.971391031 -0.514405136 0.317978910 0.432173182 0.668956732
122.849301000 -127.994999915 -649.455347913 -210.334269812 -0.531078612 0.300493069 0.429333166 0.665832153
122.882634000 -128.667293540 -652.701256476 -211.702993303 -0.547542328 0.282981237 0.425736619 0.662470641
122.915967000 -129.342172474 -655.956732223 -213.077379259 -0.563366348 0.265377640 0.421681697 0.659073299
122.949300000 -130.019857863 -659.221641954 -214.457182544 -0.578421121 0.246934864 0.417686341 0.655736456
122.982633000 -130.700352879 -662.495920068 -215.842685388 -0.592842660 0.227932768 0.413892715 0.652132697
123.015966000 -131.383632030 -665.779572881 -217.234225066 -0.607053089 0.208592525 0.409999020 0.647978787
123.049299000 -132.778761008 -668.422224102 -218.057541470 -0.621638405 0.190073946 0.404664895 0.643182643
123.082632000 -131.558307179 -674.100876088 -221.688943233 -0.635061955 0.166299838 0.400851260 0.639029690
123.115965000 -132.244334510 -677.434518135 -223.114887768 -0.649981816 0.145199400 0.394189749 0.633289203
123.149298000 -132.930701421 -680.765316690 -224.541712380 -0.664932594 0.123571210 0.386831040 0.626862464
123.182631000 -133.619845256 -684.105451788 -225.974601827 -0.679973056 0.101222233 0.378605123 0.619716761
123.215964000 -134.311701809 -687.454942001 -227.413645402 -0.694894687 0.078687201 0.369584257 0.611831002
123.249297000 -135.006318066 -690.813723496 -228.858746115 -0.709596798 0.055978621 0.359713811 0.603278337
123.282630000 -135.703754986 -694.181698048 -230.309869452 -0.724040729 0.033007858 0.348940847 0.594067159
123.315963000 -136.404104321 -697.558804417 -231.767139917 -0.738190555 0.009943481 0.337305415 0.584124035
123.349296000 -137.107358269 -700.945114226 -233.230756674 -0.752240861 -0.012918215 0.324631187 0.573220202
123.382629000 -137.813344086 -704.340832475 -234.700801016 -0.766021484 -0.034974058 0.310732205 0.561634576
123.415962000 -138.521979458 -707.746149970 -236.177223827 -0.779002670 -0.056262587 0.296107067 0.549827215
123.449295000 -139.233341176 -711.161114013 -237.660056549 -0.790714858 -0.077278596 0.282119437 0.537779374
123.482628000 -140.891094901 -712.670029135 -237.146229561 -0.802879271 -0.095685184 0.268594318 0.523532534
123.515961000 -142.590468449 -714.444928110 -236.969032327 -0.813795787 -0.113414130 0.255900087 0.509302266
123.549294000 -143.320839501 -717.863812478 -238.445652762 -0.822539939 -0.131647324 0.243836903 0.496629233
123.582627000 -144.055832368 -721.309978209 -239.945626381 -0.830126826 -0.148626805 0.232447533 0.484528296
123.615960000 -144.791567441 -724.752925822 -241.436895702 -0.836673627 -0.164051026 0.221466707 0.473304342
123.649293000 -146.112025462 -727.281645809 -242.014040733 -0.842766924 -0.176834303 0.210932655 0.462580756
123.682626000 -146.855747855 -730.735902780 -243.510124321 -0.847057853 -0.189834406 0.200790547 0.454025382
123.715959000 -147.065784858 -734.773673846 -245.548812344 -0.849878679 -0.202641596 0.191385380 0.447229528
123.749292000 -147.812667746 -738.252583134 -247.061464989 -0.852730591 -0.213210987 0.181688869 0.440886345
123.782625000 -148.562405214 -741.740044241 -248.580046809 -0.855299582 -0.222270555 0.172390894 0.435131940
123.815958000 -149.315111150 -745.236591172 -250.104807524 -0.857665488 -0.229903418 0.163197797 0.430024196
123.849291000 -150.070672636 -748.742254623 -251.635862382 -0.860211240 -0.236254203 0.153384036 0.425081065
123.882624000 -150.828873596 -752.256896642 -253.173031501 -0.862772114 -0.241029157 0.142711598 0.420906908
123.915957000 -151.590003879 -755.780423981 -254.716042815 -0.864896558 -0.244612069 0.132592201 0.417777677
123.949290000 -152.354352034 -759.313014177 -256.264694922 -0.866452297 -0.247344184 0.124194390 0.415520185
123.982623000 -153.122031123 -762.854868940 -257.818647165 -0.867239949 -0.249410789 0.117670939 0.414539116
124.015956000 -153.892894130 -766.406125548 -259.377641065 -0.867300646 -0.251102970 0.112929233 0.414709388
124.049289000 -154.666878895 -769.966965516 -260.941745247 -0.866878791 -0.252693271 0.110727010 0.415218980
124.082622000 -155.443875432 -773.537656608 -262.511005042 -0.866430222 -0.254114916 0.110986105 0.415218453
124.115955000 -156.223653354 -777.118224250 -264.085154037 -0.865963349 -0.255420330 0.112893772 0.414877005
124.149288000 -157.006426806 -780.708437019 -265.664116763 -0.865138925 -0.257125815 0.117023736 0.414398843
124.182621000 -157.792398295 -784.307919668 -267.247912446 -0.863798979 -0.259618110 0.123825683 0.413662858
124.215954000 -158.581411125 -787.916380657 -268.836539015 -0.862190200 -0.262561113 0.131975011 0.412640663
124.249287000 -159.373578661 -791.533797266 -270.430155914 -0.860472652 -0.266001946 0.140281990 0.411279398
124.282620000 -160.168875385 -795.160339347 -272.028788842 -0.858586763 -0.269915016 0.148702352 0.409709976
124.315953000 -160.967091991 -798.796170003 -273.632375876 -0.856007541 -0.274568044 0.158705219 0.408259883
124.349286000 -161.767872956 -802.441525399 -275.240904241 -0.852917446 -0.280271359 0.169467072 0.406522702
124.382619000 -162.571575747 -806.096831406 -276.854505428 -0.849183565 -0.287549377 0.181302007 0.404143801
124.415952000 -163.378625888 -809.762683860 -278.473239939 -0.844626318 -0.297221783 0.195848036 0.399886412
124.449285000 -164.188806320 -813.439045052 -280.097100951 -0.839085630 -0.308783073 0.212579158 0.394206065
124.482618000 -165.002597266 -817.126023565 -281.726530583 -0.832420454 -0.322911885 0.232275859 0.385813461
124.515951000 -165.819603813 -820.823397614 -283.361506237 -0.824697169 -0.338516162 0.254003769 0.375184585
124.549284000 -166.638991150 -824.530091171 -285.002225984 -0.816478557 -0.352836360 0.275311315 0.364791651
124.582617000 -169.801790179 -826.417626956 -285.061012471 -0.809256958 -0.362244201 0.296171541 0.355196752
124.615950000 -169.826169235 -831.276937823 -287.843760681 -0.799244460 -0.374667520 0.316486484 0.347374219
124.649283000 -170.663018401 -835.009950856 -289.502465648 -0.789106780 -0.385115058 0.337758796 0.338992445
124.682616000 -171.501759380 -838.748349210 -291.165928337 -0.778987908 -0.394691649 0.357383262 0.331169966
124.715949000 -172.342387320 -842.495138060 -292.836036824 -0.770622830 -0.401868673 0.372524509 0.325372883
124.749282000 -173.185979754 -846.250716404 -294.513111898 -0.762433412 -0.408199126 0.386358730 0.320617681
124.782615000 -174.032697029 -850.015460114 -296.197049573 -0.753838984 -0.414368823 0.400444559 0.315704641
124.815948000 -174.882351313 -853.789136109 -297.887894985 -0.745181889 -0.420058709 0.413730699 0.311579110
124.849281000 -175.734500781 -857.571797919 -299.585653198 -0.737607495 -0.424910312 0.424588164 0.308401201
124.882614000 -176.589514879 -861.363536880 -301.290393965 -0.730240474 -0.429746583 0.434274976 0.305731859
124.915947000 -177.447446472 -865.164718661 -303.001791146 -0.722754801 -0.434963218 0.443153444 0.303393343
124.949280000 -178.308028732 -868.974968501 -304.719836822 -0.716210542 -0.439566536 0.449484739 0.302964007
124.982613000 -179.171404258 -872.794537561 -306.444664914 -0.710316328 -0.443498088 0.454783769 0.303202711
125.015946000 -180.037522500 -876.623530128 -308.176203257 -0.705152850 -0.447226157 0.458903951 0.303571055
125.049279000 -180.906453349 -880.461808848 -309.914510513 -0.700550583 -0.450956561 0.462017806 0.303984554
125.082612000 -181.778077212 -884.308947332 -311.659792383 -0.697348856 -0.453695533 0.463400424 0.305163863
125.115945000 -182.652364478 -888.164597479 -313.412202994 -0.695967210 -0.455155217 0.462537517 0.307444980
125.149278000 -183.529501403 -892.028668450 -315.171864946 -0.696206479 -0.455274270 0.459623551 0.311075665
125.182611000 -184.409359934 -895.900925527 -316.938850729 -0.698527477 -0.453970278 0.453638834 0.316515655
125.215944000 -185.291632215 -899.780862936 -318.713315655 -0.703774858 -0.450552437 0.443106405 0.324592305
125.249277000 -186.176455509 -903.668999304 -320.495101830 -0.710703204 -0.445427383 0.430158635 0.333854686
125.282610000 -187.063525224 -907.565699035 -322.284022030 -0.719224440 -0.438391198 0.415123333 0.343805149
125.315943000 -187.952618514 -911.470887469 -324.080042045 -0.729193791 -0.429697708 0.397037332 0.354961480
125.349276000 -188.843992697 -915.385394480 -325.882961524 -0.739018084 -0.421170538 0.377867767 0.365627680
125.382609000 -189.737296231 -919.308749892 -327.692820132 -0.749365537 -0.412038962 0.355592710 0.377132617
125.415942000 -190.632906750 -923.241585531 -329.509770602 -0.759211666 -0.403351582 0.332721830 0.387558166
125.449275000 -191.530888617 -927.184243239 -331.333812585 -0.769186368 -0.394503934 0.308955450 0.396567153
125.482608000 -192.431445951 -931.136729338 -333.164791946 -0.778346319 -0.384757110 0.285728464 0.405583801
125.515941000 -193.334404538 -935.098994416 -335.002889725 -0.787176005 -0.373752063 0.262959787 0.414144278
125.549274000 -194.239228439 -939.070630458 -336.847791682 -0.795604489 -0.360927927 0.239417735 0.423584321
125.582607000 -195.145810234 -943.051787153 -338.699487889 -0.803281914 -0.346477411 0.214957976 0.434148177
125.615940000 -196.054094509 -947.042699022 -340.558034135 -0.810765013 -0.330830253 0.188134259 0.444766160
125.649273000 -196.965182423 -951.044006971 -342.423335713 -0.816796130 -0.315757441 0.162624803 0.454636661
125.682606000 -197.879325322 -955.056042835 -344.295327575 -0.821330910 -0.302032054 0.138496935 0.463692541
125.715939000 -198.796329823 -959.078775264 -346.173834499 -0.824510637 -0.289980815 0.115523727 0.471961444
125.749272000 -199.716890372 -963.112882024 -348.059253932 -0.826752165 -0.280771222 0.096719536 0.477800911
