# timestamp tx ty tz qx qy qz qw
102.500000000 -0.236348481 -0.104200446 0.057566259 0.028978011 -0.021182061 -0.998620381 0.038326632
102.533333333 -0.215299092 -0.111831131 0.066898276 0.024837217 -0.021698646 -0.998442081 0.045007683
102.566666666 -0.242757471 -0.129576789 0.065124990 0.030049991 -0.020981808 -0.998257187 0.046253120
102.600000000 -0.255265886 -0.135484186 0.071024823 0.031571717 -0.021790812 -0.998070144 0.048830055
102.633333333 -0.268039547 -0.143583406 0.074730791 0.033789686 -0.022958991 -0.997839366 0.051456208
102.666666666 -0.280285833 -0.151515509 0.078284839 0.035940417 -0.024066551 -0.997603850 0.053996718
102.700000000 -0.292333015 -0.159487232 0.081784888 0.038080019 -0.025144068 -0.997358013 0.056521519
102.733333333 -0.304179192 -0.167498959 0.085226737 0.040205842 -0.026189302 -0.997102325 0.059030191
102.766666666 -0.317524119 -0.172029514 0.090112219 0.041208765 -0.027358029 -0.996888469 0.061373908
102.800000000 -0.328425635 -0.179555021 0.093375823 0.043145763 -0.028281846 -0.996632378 0.063737619
102.833333333 -0.335830165 -0.125311930 0.103759749 0.047282325 -0.032084108 -0.996184873 0.065959770
102.866666666 -0.348059474 -0.129779147 0.107775657 0.049622956 -0.032789013 -0.995867449 0.068632836
102.900000000 -0.358961270 -0.133818571 0.111362115 0.051731317 -0.033394084 -0.995570997 0.071042918
102.933333333 -0.353435612 -0.140093594 0.114385018 0.054294138 -0.035045217 -0.995113377 0.074654851
102.966666666 -0.382315077 -0.180233302 0.110368327 0.057205514 -0.035171974 -0.994928070 0.074890565
103.000000000 -0.396669674 -0.187274265 0.115300569 0.059582596 -0.036436191 -0.994606117 0.076687612
103.033333333 -0.409705222 -0.194348370 0.116762357 0.061736608 -0.037354263 -0.994263851 0.078947107
103.066666666 -0.424004353 -0.201384310 0.118985286 0.063811526 -0.037995059 -0.993931423 0.081146730
103.100000000 -0.438694177 -0.207927208 0.121733552 0.065817304 -0.038447720 -0.993614425 0.083187918
103.133333333 -0.454149133 -0.216622122 0.124916405 0.067626330 -0.039059626 -0.993304033 0.085135906
103.166666666 -0.470287757 -0.228442265 0.128677706 0.069472074 -0.039565784 -0.992949087 0.087523089
103.200000000 -0.480333453 -0.218246398 0.132440829 0.071121436 -0.040088101 -0.992744257 0.088280945
103.233333333 -0.496220708 -0.217812283 0.137733487 0.073104347 -0.040490661 -0.992408356 0.090232563
103.266666666 -0.509107262 -0.225649864 0.140501265 0.074768043 -0.041083569 -0.992066513 0.092335875
103.300000000 -0.520789393 -0.233022423 0.144291143 0.076532432 -0.041711555 -0.991717499 0.094336286
103.333333333 -0.532815008 -0.239133290 0.147156686 0.078116612 -0.042332350 -0.991393648 0.096147808
103.366666666 -0.545176349 -0.240050376 0.149673822 0.079775904 -0.042781896 -0.991102381 0.097578607
103.400000000 -0.555504957 -0.246515551 0.151028050 0.081214942 -0.043339704 -0.990743680 0.099763542
103.433333333 -0.564188943 -0.248234212 0.152994867 0.083059405 -0.043446861 -0.990401673 0.101577715
103.466666666 -0.573306756 -0.252232076 0.154602022 0.084654328 -0.043665971 -0.990068727 0.103396533
103.500000000 -0.582848616 -0.256662116 0.156121840 0.086131124 -0.043899375 -0.989727876 0.105323335
103.533333333 -0.591546393 -0.263229926 0.157610096 0.087428669 -0.044208832 -0.989374505 0.107423911
103.566666666 -0.600946302 -0.268517400 0.158933483 0.088710068 -0.044463745 -0.989035596 0.109371333
103.600000000 -0.609714616 -0.275604775 0.160098741 0.090002518 -0.044742292 -0.988685498 0.111349271
103.633333333 -0.619998284 -0.282983883 0.160896268 0.090887169 -0.045074243 -0.988360909 0.113360259
103.666666666 -0.629232985 -0.290547643 0.161739008 0.091941581 -0.045412189 -0.988034959 0.115201558
103.700000000 -0.639159967 -0.297732164 0.162873692 0.092964845 -0.045639610 -0.987710714 0.117056010
103.733333333 -0.646001049 -0.303608284 0.163732505 0.094157582 -0.045813001 -0.987375283 0.118851040
103.766666666 -0.654359569 -0.310050466 0.164365447 0.095160509 -0.046015282 -0.987056138 0.120611985
103.800000000 -0.660810639 -0.315913872 0.164719296 0.096140744 -0.046014711 -0.986746084 0.122359179
103.833333333 -0.668934523 -0.322789558 0.164972749 0.096922959 -0.046057102 -0.986457907 0.124038227
103.866666666 -0.676374223 -0.327948879 0.165042822 0.097643792 -0.045887359 -0.986183475 0.125706775
103.900000000 -0.682752300 -0.333811628 0.165188862 0.098439669 -0.045765666 -0.985916554 0.127215111
103.933333333 -0.688830515 -0.339918893 0.165268059 0.099215809 -0.045687863 -0.985645683 0.128730064
103.966666666 -0.695162518 -0.345511430 0.164455589 0.099580997 -0.045564195 -0.985427622 0.130153487
104.000000000 -0.702117382 -0.351136411 0.164599679 0.100311212 -0.045322761 -0.985178492 0.131555487
104.033333333 -0.707924604 -0.356646596 0.163966803 0.100700968 -0.045038251 -0.984946677 0.133082362
104.066666666 -0.715671175 -0.362413195 0.163528929 0.101132052 -0.044814819 -0.984720229 0.134499113
104.099999999 -0.722147027 -0.368594753 0.163209524 0.101689306 -0.044634362 -0.984477837 0.135906020
104.133333333 -0.728306116 -0.373783784 0.162606776 0.102054569 -0.044206844 -0.984247888 0.137428947
104.166666666 -0.734046952 -0.379038449 0.161792086 0.102369626 -0.043794878 -0.984043239 0.138785348
104.200000000 -0.738868562 -0.383935598 0.161318177 0.102800364 -0.043384160 -0.983805487 0.140273533
104.233333333 -0.744978664 -0.389497519 0.160713551 0.103098706 -0.042980901 -0.983591657 0.141671279
104.266666666 -0.749415297 -0.394260838 0.159579008 0.103381670 -0.042503856 -0.983374410 0.143109829
104.300000000 -0.754211539 -0.398000818 0.158402171 0.103621251 -0.041866095 -0.983176323 0.144479009
104.333333333 -0.759405169 -0.401704602 0.157378474 0.103876756 -0.041190371 -0.982980986 0.145812738
104.366666666 -0.762453635 -0.404642917 0.156457076 0.104118995 -0.040327455 -0.982791886 0.147149718
104.400000000 -0.766215482 -0.408970599 0.154809743 0.104222165 -0.039726628 -0.982609086 0.148455110
104.433333333 -0.768233420 -0.411836104 0.153397919 0.104438450 -0.038941692 -0.982415579 0.149785797
104.466666666 -0.771086739 -0.414871576 0.152002646 0.104423365 -0.038099989 -0.982263410 0.151005778
104.500000000 -0.774179026 -0.417961423 0.150464452 0.104383994 -0.037262872 -0.982119320 0.152174578
104.533333333 -0.777059039 -0.421009440 0.148542412 0.104191433 -0.036394381 -0.981990135 0.153345912
104.566666666 -0.779220979 -0.424063046 0.146608434 0.104050248 -0.035540876 -0.981844697 0.154568375
104.600000000 -0.779741039 -0.426820909 0.144694571 0.104009548 -0.034624695 -0.981694663 0.155752150
104.633333333 -0.780162077 -0.429607471 0.142881806 0.103916607 -0.033708958 -0.981566227 0.156820875
104.666666666 -0.781260575 -0.432526747 0.140813322 0.103713105 -0.032777484 -0.981460585 0.157811115
104.700000000 -0.781597404 -0.435147139 0.138655180 0.103531364 -0.031793600 -0.981340699 0.158873710
104.733333333 -0.781585411 -0.437819938 0.136298559 0.103255697 -0.030772137 -0.981224865 0.159965939
104.766666666 -0.780852718 -0.440075467 0.133917292 0.103021859 -0.029731202 -0.981110808 0.161009736
104.800000000 -0.779895582 -0.442289078 0.131245393 0.102708677 -0.028633208 -0.981021435 0.161950647
104.833333333 -0.779182189 -0.444163629 0.128672368 0.102359403 -0.027470624 -0.980929351 0.162927976
104.866666666 -0.777734368 -0.446022067 0.125954948 0.102015808 -0.026277811 -0.980834146 0.163910429
104.900000000 -0.775272437 -0.447453392 0.123547199 0.101758836 -0.025136132 -0.980714771 0.164960153
104.933333333 -0.772292051 -0.448954887 0.120876798 0.101356808 -0.023976675 -0.980634238 0.165856587
104.966666666 -0.768437600 -0.450530784 0.118280135 0.100823488 -0.022707444 -0.980577652 0.166692722
105.000000000 -0.763616565 -0.451414844 0.115660563 0.100345790 -0.021513196 -0.980524395 0.167450936
105.033333333 -0.758409809 -0.452168600 0.113030740 0.099814488 -0.020297649 -0.980468683 0.168244571
105.066666666 -0.753559926 -0.453064684 0.110162903 0.099250015 -0.019106688 -0.980435391 0.168910665
105.100000000 -0.748304860 -0.453957207 0.107208745 0.098636306 -0.017917308 -0.980407495 0.169561180
105.133333333 -0.742672376 -0.454693839 0.104136877 0.097930278 -0.016740267 -0.980382170 0.170235791
105.166666666 -0.736991660 -0.455088536 0.101245244 0.097281733 -0.015549651 -0.980369638 0.170791820
105.200000000 -0.730862298 -0.455606115 0.098105310 0.096467327 -0.014322492 -0.980358859 0.171421786
105.233333333 -0.724812193 -0.455855968 0.095214483 0.095699756 -0.013085884 -0.980367262 0.171902146
105.266666666 -0.719015487 -0.456144300 0.092060769 0.094816281 -0.011827016 -0.980376605 0.172428845
105.300000000 -0.712629303 -0.456720862 0.088757454 0.093756370 -0.010457000 -0.980430560 0.172789791
105.333333333 -0.706100421 -0.456809348 0.085606221 0.092795559 -0.009189488 -0.980478991 0.173105417
105.366666666 -0.699864164 -0.456733236 0.082314237 0.091792028 -0.007962287 -0.980517934 0.173480276
105.400000000 -0.693294510 -0.456666727 0.078816150 0.090690701 -0.006689589 -0.980578953 0.173768132
105.433333333 -0.686369341 -0.456879770 0.075324963 0.089504520 -0.005402132 -0.980649769 0.174028127
105.466666666 -0.679199850 -0.456879080 0.071786803 0.088310565 -0.004109104 -0.980736181 0.174186404
105.500000000 -0.671853760 -0.457256976 0.068050791 0.086957613 -0.002735124 -0.980862889 0.174180611
105.533333333 -0.663466062 -0.457476359 0.064179848 0.085595411 -0.001394550 -0.980987797 0.174167800
105.566666666 -0.654997837 -0.457447958 0.060388819 0.084247551 -0.000070015 -0.981120415 0.174083532
105.600000000 -0.645845540 -0.456452570 0.057170065 0.083023548 0.001292452 -0.981214525 0.174136372
105.633333333 -0.636864693 -0.455927508 0.053621093 0.081663415 0.002674171 -0.981327296 0.174128324
105.666666666 -0.627930272 -0.455215428 0.050108560 0.080294827 0.004011918 -0.981436801 0.174121943
105.700000000 -0.618669278 -0.454765947 0.046395040 0.078844646 0.005377654 -0.981572707 0.173981678
105.733333333 -0.608930544 -0.454438451 0.042685183 0.077335919 0.006747940 -0.981717443 0.173794368
105.766666666 -0.598987223 -0.453949197 0.038901891 0.075808742 0.008084129 -0.981870669 0.173544432
105.800000000 -0.588878364 -0.453518693 0.035077736 0.074238131 0.009431550 -0.982032096 0.173241763
105.833333333 -0.578401033 -0.453177050 0.031049327 0.072572116 0.010795040 -0.982204401 0.172890917
105.866666666 -0.568736468 -0.452014021 0.027788970 0.071076479 0.012048470 -0.982357938 0.172556803
105.900000000 -0.558251351 -0.451231895 0.024149999 0.069465669 0.013349694 -0.982530252 0.172135442
105.933333333 -0.546881086 -0.450396962 0.020712732 0.067855280 0.014669643 -0.982707188 0.171659677
105.966666666 -0.535758674 -0.449177961 0.017619618 0.066278989 0.015946891 -0.982874007 0.171205952
106.000000000 -0.524551702 -0.448298380 0.014456747 0.064628678 0.017236525 -0.983053610 0.170679922
106.033333333 -0.513679255 -0.447470647 0.011069011 0.062954619 0.018468431 -0.983245199 0.170072078
106.066666666 -0.502139169 -0.446480928 0.007600225 0.061236293 0.019720041 -0.983441715 0.169421455
106.100000000 -0.490296777 -0.445312323 0.004150582 0.059504400 0.020938212 -0.983641720 0.168729915
106.133333333 -0.477776955 -0.443980734 0.000837023 0.057759129 0.022146907 -0.983831402 0.168074897
106.166666666 -0.465561536 -0.442548961 -0.002453686 0.056009321 0.023363792 -0.984032044 0.167326104
106.200000000 -0.453418464 -0.440950714 -0.005708224 0.054236969 0.024584462 -0.984240007 0.166509950
106.233333333 -0.440391002 -0.439891874 -0.009280773 0.052351348 0.025808889 -0.984455274 0.165653409
106.266666666 -0.426881059 -0.438437785 -0.012731404 0.050496602 0.026989517 -0.984673704 0.164740265
106.300000000 -0.413573483 -0.436798713 -0.015961681 0.048635227 0.028122378 -0.984884806 0.163846468
106.333333333 -0.399961725 -0.435104156 -0.019142642 0.046755497 0.029275588 -0.985102196 0.162881941
106.366666666 -0.386177340 -0.433203035 -0.022355863 0.044848329 0.030402634 -0.985313795 0.161929100
106.400000000 -0.372247393 -0.431124874 -0.025242337 0.042984163 0.031546725 -0.985531549 0.160887326
106.433333333 -0.359049178 -0.429040629 -0.028116734 0.041096109 0.032659234 -0.985747173 0.159834273
106.466666666 -0.345816715 -0.426961632 -0.031121707 0.039125934 0.033761115 -0.985962971 0.158765135
106.500000000 -0.331645642 -0.426704451 -0.036002778 0.036931289 0.034854316 -0.986220717 0.157448256
106.533333333 -0.318310091 -0.424792779 -0.039293320 0.034926825 0.035907254 -0.986443601 0.156268383
106.566666666 -0.304993318 -0.422641065 -0.042410487 0.032853748 0.036998615 -0.986666062 0.155054235
106.600000000 -0.290490869 -0.421025687 -0.045536580 0.030664311 0.038516934 -0.986897535 0.153653509
106.633333333 -0.277332227 -0.418339911 -0.048187671 0.028707476 0.039439598 -0.987110031 0.152427641
106.666666666 -0.263506318 -0.415899510 -0.051401364 0.026649908 0.040360459 -0.987337233 0.151082770
106.700000000 -0.250551493 -0.412181652 -0.053189485 0.024718994 0.041227596 -0.987549368 0.149784852
106.733333333 -0.237056745 -0.408856890 -0.055430103 0.022662489 0.042165535 -0.987765886 0.148415072
106.766666666 -0.223221813 -0.405475920 -0.057487120 0.020675298 0.043083707 -0.987982803 0.146990837
106.800000000 -0.209338671 -0.401898141 -0.059229262 0.018690045 0.043998418 -0.988197175 0.145537504
106.833333333 -0.195740038 -0.398316680 -0.060742605 0.016727242 0.044936912 -0.988412547 0.144019131
106.866666666 -0.181798611 -0.395131644 -0.062670791 0.014741682 0.045827381 -0.988637434 0.142402805
106.900000000 -0.168638389 -0.391177600 -0.063375933 0.012868534 0.046700687 -0.988853966 0.140788067
106.933333333 -0.152793168 -0.388044456 -0.066272731 0.011018099 0.047459460 -0.989083876 0.139065766
106.966666666 -0.138002852 -0.384641532 -0.068057473 0.009254355 0.048213729 -0.989305548 0.137347464
107.000000000 -0.123989780 -0.381084097 -0.069622993 0.007437729 0.048932901 -0.989525269 0.135609711
107.033333333 -0.110324889 -0.377176593 -0.071231370 0.005674027 0.049470001 -0.989748654 0.133858608
107.066666666 -0.096310718 -0.373803030 -0.072952744 0.003800369 0.050162083 -0.989971735 0.132004873
107.100000000 -0.081278152 -0.370717808 -0.075530655 0.001908430 0.050879431 -0.990192955 0.130098246
107.133333333 -0.067399690 -0.367212591 -0.076894860 0.000087554 0.051561916 -0.990407166 0.128199092
107.166666666 -0.053734537 -0.363798554 -0.077998800 -0.001774506 0.052264418 -0.990617681 0.126261203
107.200000000 -0.039962836 -0.360342628 -0.079361967 -0.003602666 0.052870443 -0.990830183 0.124287107
107.233333333 -0.025885979 -0.357041161 -0.081355365 -0.005475915 0.053426344 -0.991044086 0.122258984
107.266666666 -0.012118665 -0.353457042 -0.083107388 -0.007343962 0.053921325 -0.991252943 0.120233773
107.300000000 0.002270953 -0.350042995 -0.085611962 -0.009278095 0.054361654 -0.991463583 0.118146907
107.333333333 0.016406046 -0.345787440 -0.087120964 -0.010932169 0.054729198 -0.991668797 0.116095651
107.366666666 0.029986928 -0.342001403 -0.088287843 -0.012719066 0.055221697 -0.991863938 0.113994373
107.400000000 0.043257651 -0.338218162 -0.089121201 -0.014472891 0.055699757 -0.992056365 0.111858126
107.433333333 0.056457593 -0.334146464 -0.090158017 -0.016197200 0.056036640 -0.992251397 0.109702834
107.466666666 0.071853524 -0.330258519 -0.092951593 -0.017980771 0.056403202 -0.992438754 0.107520655
107.500000000 0.084920909 -0.326183783 -0.093857609 -0.019716690 0.056783617 -0.992616115 0.105357109
107.533333333 0.097820302 -0.322136848 -0.094727151 -0.021476038 0.057104392 -0.992793723 0.103143067
107.566666666 0.111489108 -0.317995806 -0.096059954 -0.023237208 0.057412628 -0.992969248 0.100875642
107.600000000 0.124447647 -0.313883124 -0.097168130 -0.024963087 0.057626858 -0.993144477 0.098590246
107.633333333 0.136915781 -0.309319520 -0.098001756 -0.026673525 0.057794378 -0.993313234 0.096317977
107.666666666 0.150127980 -0.304917179 -0.099232383 -0.028348805 0.057922912 -0.993484137 0.093971017
107.700000000 0.167507562 -0.300471708 -0.103899639 -0.030116846 0.058065891 -0.993642780 0.091626164
107.733333333 0.181015462 -0.295925841 -0.105639008 -0.031864037 0.058164047 -0.993797565 0.089263804
107.766666666 0.194340594 -0.291392766 -0.107010240 -0.033572929 0.058248514 -0.993948399 0.086870871
107.800000000 0.207231981 -0.287192094 -0.107977265 -0.035334868 0.058334797 -0.994090278 0.084457193
107.833333333 0.220209655 -0.282874817 -0.108732941 -0.037052959 0.058417156 -0.994227854 0.082009076
107.866666666 0.232341362 -0.278449072 -0.109300477 -0.038728888 0.058403704 -0.994361802 0.079584472
107.900000000 0.244709188 -0.274505078 -0.109524478 -0.040494861 0.058302353 -0.994497974 0.077037532
107.933333333 0.256951553 -0.270348226 -0.109824465 -0.042196657 0.058229884 -0.994623936 0.074511395
107.966666666 0.269907267 -0.265580107 -0.111179760 -0.043826532 0.058109011 -0.994745471 0.072000177
108.000000000 0.281875628 -0.261144199 -0.111486616 -0.045464658 0.057982955 -0.994860470 0.069452055
108.033333333 0.293320547 -0.256474546 -0.111538721 -0.047092182 0.057827409 -0.994966611 0.066931014
108.066666666 0.304960152 -0.251635152 -0.111843214 -0.048705001 0.057646796 -0.995068153 0.064374217
108.100000000 0.319682754 -0.246474331 -0.113589433 -0.050221595 0.057455143 -0.995170455 0.061745155
108.133333333 0.332448234 -0.241495748 -0.114145820 -0.051759430 0.057262649 -0.995260684 0.059144916
108.166666666 0.343629279 -0.236582102 -0.114385239 -0.053187476 0.057021758 -0.995346881 0.056605629
108.199999999 0.354835401 -0.231540933 -0.114040365 -0.054713008 0.056729261 -0.995422988 0.054049543
108.233333333 0.365298121 -0.226765217 -0.113829687 -0.056118439 0.056363325 -0.995502269 0.051469682
108.266666666 0.375799499 -0.221985215 -0.113495184 -0.057498958 0.056017832 -0.995572795 0.048894612
108.300000000 0.386201047 -0.217305211 -0.112872506 -0.058919743 0.055672179 -0.995633020 0.046302944
108.333333333 0.397060214 -0.212518030 -0.111807315 -0.060387044 0.055272501 -0.995686815 0.043659160
108.366666666 0.407155621 -0.207836162 -0.110292477 -0.061831194 0.054860274 -0.995732919 0.041026904
108.400000000 0.418270509 -0.202776423 -0.109425617 -0.063247862 0.054405135 -0.995774005 0.038391655
108.433333333 0.428244272 -0.197598297 -0.108327851 -0.064580558 0.053961555 -0.995808555 0.035816535
108.466666666 0.439020819 -0.192289711 -0.107605853 -0.065900707 0.053459821 -0.995840276 0.033185663
108.500000000 0.449472612 -0.187076340 -0.106497280 -0.067168056 0.052896354 -0.995871263 0.030509931
108.533333333 0.459322577 -0.181993790 -0.105069310 -0.068409139 0.052378817 -0.995891412 0.027873734
108.566666666 0.469391604 -0.176466058 -0.104159209 -0.069590614 0.051789058 -0.995910639 0.025239638
108.600000000 0.481910062 -0.170286359 -0.104740994 -0.070646854 0.051175794 -0.995933320 0.022514029
108.633333333 0.491546861 -0.164995365 -0.103217230 -0.071786636 0.050550878 -0.995940642 0.019837474
108.666666666 0.499388041 -0.160020326 -0.100981409 -0.072946825 0.049911861 -0.995936817 0.017245954
108.700000000 0.507093048 -0.154932714 -0.098870737 -0.074053684 0.049267575 -0.995928746 0.014652303
108.733333333 0.515722806 -0.149437633 -0.097337546 -0.075133332 0.048580057 -0.995916834 0.012025777
108.766666666 0.523749540 -0.143891646 -0.095716301 -0.076187699 0.047869256 -0.995899018 0.009440103
108.800000000 0.532391242 -0.138227341 -0.094028594 -0.077264690 0.047123227 -0.995873120 0.006804260
108.833333333 0.540780567 -0.132647376 -0.092395829 -0.078307533 0.046326314 -0.995843531 0.004179000
108.866666666 0.549446046 -0.126442407 -0.092141481 -0.079017034 0.045602525 -0.995828571 0.001474674
108.900000000 0.557922957 -0.120423245 -0.091169365 0.079955969 -0.044808460 0.995790172 0.001085626
108.933333333 0.565058539 -0.115114634 -0.089223176 0.080933328 -0.043901444 0.995745385 0.003686267
108.966666666 0.571707500 -0.110018797 -0.086915956 0.081893736 -0.042954719 0.995694980 0.006309856
109.000000000 0.578548058 -0.104740134 -0.084564125 0.082823898 -0.042042232 0.995637124 0.008908960
109.033333333 0.585385444 -0.099325117 -0.082331156 0.083712700 -0.041081879 0.995575906 0.011536000
109.066666666 0.591520683 -0.093904458 -0.080495895 0.084555895 -0.040029848 0.995514007 0.014134115
109.100000000 0.597767038 -0.088288211 -0.078183451 0.085442973 -0.038998856 0.995439778 0.016680394
109.133333333 0.604460398 -0.082545096 -0.075750068 0.086312785 -0.037958293 0.995358258 0.019266792
109.166666666 0.610837637 -0.076759505 -0.073226280 0.087165879 -0.036902086 0.995271038 0.021815305
109.200000000 0.616802865 -0.071227735 -0.070560129 0.087909711 -0.035895419 0.995182303 0.024404603
109.233333333 0.622419527 -0.065493775 -0.068149076 0.088602837 -0.034894695 0.995091117 0.026936355
109.266666666 0.627576347 -0.060032919 -0.065255707 0.089348210 -0.033804234 0.994990894 0.029449816
109.300000000 0.631048110 -0.054973033 -0.061963103 0.089967693 -0.032787627 0.994890745 0.031987349
109.333333333 0.634775393 -0.049697516 -0.059313322 0.090612620 -0.031666057 0.994787648 0.034411470
109.366666666 0.639371258 -0.044121325 -0.056507933 0.091274385 -0.030488934 0.994673746 0.036926290
109.400000000 0.643397212 -0.038705434 -0.053697322 0.091873902 -0.029336063 0.994557456 0.039421409
109.433333333 0.647258820 -0.033401680 -0.051239620 0.092382797 -0.028170667 0.994440970 0.041940300
109.466666666 0.651208692 -0.027994501 -0.048850742 0.092861906 -0.026992100 0.994319999 0.044450346
109.500000000 0.654601286 -0.022578586 -0.046459769 0.093347178 -0.025756927 0.994196683 0.046859792
109.533333333 0.657871643 -0.017066276 -0.044421615 0.093761959 -0.024506888 0.994071177 0.049301140
109.566666666 0.661266538 -0.011581039 -0.042331298 0.094141532 -0.023268359 0.993940334 0.051754873
109.600000000 0.663948059 -0.006049885 -0.040536671 0.094465563 -0.022047733 0.993809975 0.054146909
109.633333333 0.666959965 -0.000567372 -0.038125558 0.094809605 -0.020816131 0.993670516 0.056539655
109.666666666 0.668059197 0.004412272 -0.036104045 0.095059669 -0.019602180 0.993537208 0.058849223
109.700000000 0.668627805 0.009272730 -0.034103825 0.095275348 -0.018335968 0.993399633 0.061184714
109.733333333 0.668659394 0.014174261 -0.032221014 0.095478380 -0.017058197 0.993261526 0.063438459
109.766666666 0.668590966 0.019225680 -0.030643355 0.095638482 -0.015767735 0.993120988 0.065691419
109.800000000 0.668446381 0.024040920 -0.028600242 0.095808448 -0.014435301 0.992972902 0.067949823
109.833333333 0.667726958 0.028681072 -0.026237607 0.095955159 -0.013126417 0.992822524 0.070169370
109.866666666 0.666814707 0.033236755 -0.024197070 0.096038060 -0.011818889 0.992670267 0.072406814
109.900000000 0.666148584 0.037973316 -0.022089173 0.096108919 -0.010505969 0.992513591 0.074628902
109.933333333 0.665926187 0.043214474 -0.019823882 0.096176789 -0.009197270 0.992351824 0.076832888
109.966666666 0.666466410 0.049283716 -0.017215455 0.096312138 -0.007831189 0.992185097 0.078939077
110.000000000 0.666012613 0.054540620 -0.014241210 0.096381130 -0.006453918 0.992011502 0.081130785
110.033333333 0.665355969 0.060228176 -0.011784321 0.096401786 -0.005109120 0.991843417 0.083229977
110.066666666 0.665557055 0.066242067 -0.009232667 0.096401516 -0.003744977 0.991665884 0.085390260
110.100000000 0.666405183 0.072484397 -0.006615031 0.096392053 -0.002338782 0.991480749 0.087572974
110.133333333 0.665562661 0.078168950 -0.003892535 0.096326376 -0.000980787 0.991303221 0.089655958
110.166666666 0.664306138 0.083865626 -0.001338716 0.096217909 0.000389024 0.991125112 0.091722274
110.200000000 0.662956088 0.089475711 0.001269446 0.096068040 0.001758729 0.990941545 0.093822666
110.233333333 0.660773149 0.094660623 0.003804973 0.095871630 0.003100905 0.990763363 0.095848701
110.266666666 0.658056003 0.099753745 0.006319482 0.095639577 0.004453245 0.990583747 0.097862553
110.300000000 0.655727561 0.105016449 0.008875086 0.095392601 0.005815057 0.990398974 0.099881473
110.333333333 0.652724828 0.110265692 0.011452789 0.095116672 0.007171116 0.990217942 0.101832322
110.366666666 0.650245313 0.115459027 0.014101071 0.094791306 0.008517706 0.990025751 0.103880075
110.400000000 0.648272646 0.120994231 0.016776470 0.094452672 0.009876139 0.989828986 0.105923242
110.433333333 0.645575924 0.126180986 0.019571014 0.094062013 0.011186287 0.989633486 0.107947984
110.466666666 0.642537082 0.131513252 0.022181685 0.093641800 0.012476465 0.989439725 0.109929891
110.500000000 0.639167986 0.136611558 0.024748103 0.093183739 0.013785032 0.989243929 0.111907158
110.533333333 0.635441512 0.142046218 0.027069245 0.092716399 0.015119511 0.989053101 0.113793819
110.566666666 0.631388176 0.147185159 0.029814175 0.092209560 0.016417781 0.988859247 0.115694611
110.600000000 0.626816274 0.151958530 0.032412012 0.091661646 0.017720690 0.988669330 0.117546056
110.633333333 0.622445401 0.157542692 0.035145872 0.091125521 0.019006591 0.988479275 0.119346606
110.666666666 0.618042731 0.162849555 0.037709898 0.090511977 0.020288682 0.988281441 0.121226010
110.700000000 0.613342382 0.167984381 0.039951604 0.089855818 0.021545809 0.988085250 0.123082282
110.733333333 0.608600838 0.172900289 0.042026309 0.089152875 0.022778512 0.987889757 0.124926911
110.766666666 0.603610625 0.177959185 0.044507315 0.088450233 0.023971045 0.987700061 0.126690704
110.800000000 0.598257819 0.182752919 0.046748774 0.087693111 0.025176380 0.987509178 0.128458914
110.833333333 0.592337783 0.187347832 0.048668982 0.086882609 0.026359586 0.987321514 0.130202964
110.866666666 0.586562960 0.191911765 0.050375101 0.086026342 0.027522921 0.987132835 0.131949699
110.900000000 0.580192959 0.196451932 0.051650124 0.085138255 0.028661006 0.986953966 0.133610975
110.933333333 0.573214912 0.200983412 0.053207109 0.084222330 0.029808950 0.986776224 0.135243148
110.966666666 0.566171939 0.205609390 0.054790111 0.083268578 0.030907771 0.986597191 0.136883295
111.000000000 0.558849557 0.210123658 0.056265002 0.082272569 0.031973391 0.986421446 0.138497863
111.033333333 0.551621148 0.214677021 0.057894509 0.081263049 0.033036140 0.986247919 0.140071313
111.066666666 0.544051433 0.219162403 0.059412638 0.080218740 0.034071226 0.986080313 0.141597042
111.100000000 0.536546876 0.223740677 0.060779499 0.079129339 0.035090230 0.985905448 0.143170077
111.133333333 0.529146920 0.228385264 0.062143033 0.078008066 0.036080237 0.985734527 0.144707983
111.166666666 0.521967624 0.233735569 0.063338817 0.076865577 0.037122600 0.985564081 0.146208885
111.200000000 0.514097285 0.238240897 0.064532770 0.075669546 0.038045178 0.985399164 0.147699599
111.233333333 0.506343698 0.243105456 0.065752519 0.074457965 0.038962789 0.985234257 0.149168935
111.266666666 0.498076522 0.247653539 0.066949236 0.073220116 0.039855931 0.985081598 0.150547547
111.300000000 0.489166375 0.251800445 0.068164710 0.071952544 0.040694589 0.984933511 0.151897202
111.333333333 0.480353362 0.255895322 0.069169009 0.070631791 0.041522431 0.984781019 0.153275511
111.366666666 0.471205696 0.259576163 0.069937661 0.069271403 0.042281403 0.984629472 0.154656259
111.400000000 0.462174589 0.263917752 0.070856303 0.067929001 0.043067220 0.984484791 0.155950511
111.433333333 0.453053748 0.268086679 0.071559744 0.066502097 0.043799178 0.984334270 0.157305903
111.466666666 0.443606548 0.272089264 0.071985187 0.065065490 0.044503596 0.984189480 0.158609519
111.500000000 0.434084405 0.276203383 0.072317470 0.063594430 0.045187295 0.984045161 0.159903028
111.533333333 0.424327218 0.280144529 0.072426415 0.062084221 0.045828002 0.983905578 0.161168106
111.566666666 0.414563072 0.284029981 0.072602955 0.060553245 0.046440802 0.983770261 0.162396522
111.600000000 0.404899924 0.287971640 0.072974958 0.059007699 0.047023779 0.983641163 0.163575417
111.633333333 0.394717857 0.293360282 0.072919958 0.057477763 0.047717399 0.983547966 0.164477215
111.666666666 0.384338308 0.297530774 0.072948968 0.055847646 0.048269273 0.983442719 0.165503883
111.700000000 0.373995603 0.301979905 0.073014496 0.054229448 0.048791824 0.983341833 0.166485326
111.733333333 0.363657737 0.306499305 0.073175658 0.052581214 0.049289519 0.983243513 0.167445374
111.766666666 0.352978311 0.311350808 0.073126578 0.050912835 0.049783301 0.983164045 0.168279429
111.800000000 0.342058995 0.314812056 0.072984200 0.049184039 0.050176146 0.983076158 0.169187922
111.833333333 0.331217573 0.318107533 0.072848771 0.047448957 0.050520249 0.982990184 0.170078215
111.866666666 0.320010904 0.321373370 0.072431692 0.045695448 0.050839204 0.982915889 0.170890774
111.900000000 0.308797356 0.324587081 0.071992483 0.043899017 0.051111974 0.982842221 0.171702099
111.933333333 0.297585413 0.327650125 0.071356867 0.042076076 0.051333068 0.982771325 0.172496501
111.966666666 0.286319986 0.330503602 0.070593767 0.040234536 0.051505965 0.982704443 0.173263658
112.000000000 0.275075104 0.333463239 0.069831497 0.038377667 0.051652953 0.982642764 0.173989442
112.033333333 0.263788912 0.336588087 0.069226440 0.036506605 0.051786789 0.982583175 0.174687437
112.066666666 0.252431752 0.339216460 0.068291210 0.034596716 0.051847790 0.982532428 0.175342242
112.100000000 0.241021056 0.342360581 0.067469139 0.032684067 0.051907837 0.982483333 0.175965419
112.133333333 0.229483746 0.345340247 0.066589673 0.030740329 0.051915657 0.982437565 0.176567910
112.166666666 0.217891463 0.348083803 0.065429325 0.028787650 0.051874045 0.982395810 0.177140699
112.200000000 0.205604504 0.352286024 0.064641266 0.026841904 0.051904052 0.982378707 0.177531851
112.233333333 0.193515537 0.355272766 0.063187742 0.024833322 0.051803860 0.982357877 0.177968165
112.266666666 0.181364212 0.358265950 0.061621678 0.022823308 0.051674075 0.982347099 0.178334138
112.300000000 0.169033829 0.361666280 0.060198998 0.020800198 0.051534409 0.982342301 0.178648147
112.333333333 0.156547710 0.365485348 0.058918923 0.018723310 0.051342261 0.982325123 0.179027267
112.366666666 0.144292142 0.368993264 0.057558077 0.016714494 0.051149817 0.982334855 0.179227663
112.400000000 0.131865939 0.372045378 0.055906156 0.014622817 0.050869912 0.982341841 0.179451753
112.433333333 0.119542992 0.375069492 0.054291850 0.012549056 0.050569453 0.982354824 0.179622527
112.466666666 0.107150898 0.378347858 0.052827995 0.010480247 0.050250400 0.982376642 0.179725330
112.500000000 0.094563054 0.381479855 0.050921909 0.008381968 0.049869366 0.982408954 0.179764946
112.533333333 0.080674644 0.387371529 0.050874894 0.006224064 0.049568506 0.982400722 0.179980681
112.566666666 0.068704906 0.389831080 0.049103400 0.004156131 0.049113296 0.982429616 0.180007390
112.600000000 0.056471697 0.392409529 0.047362600 0.002041707 0.048617661 0.982461405 0.180004841
112.633333333 0.044339214 0.394630868 0.045314915 -0.000067095 0.048074231 0.982504625 0.179926447
112.666666666 0.032172533 0.396891218 0.043250806 -0.002200766 0.047489389 0.982546255 0.179840960
112.700000000 0.020268336 0.398887374 0.041060621 -0.004319272 0.046870742 0.982597043 0.179687308
112.733333333 0.008068037 0.401283519 0.038921636 -0.006441569 0.046233809 0.982656046 0.179465976
112.766666666 -0.003927474 0.403525212 0.036773538 -0.008564642 0.045563754 0.982719390 0.179201539
112.800000000 -0.015609289 0.405415390 0.034482017 -0.010686800 0.044846606 0.982785549 0.178905393
112.833333333 -0.027344326 0.407242784 0.032207898 -0.012808703 0.044102961 0.982855471 0.178566482
112.866666666 -0.039318782 0.409483587 0.030151764 -0.014935847 0.043336346 0.982917686 0.178246189
112.900000000 -0.051141461 0.411426073 0.027815143 -0.017048419 0.042527831 0.982992102 0.177840551
112.933333333 -0.063562527 0.414207564 0.025903687 -0.019173983 0.041721405 0.983057817 0.177451433
112.966666666 -0.075248977 0.416161119 0.023541488 -0.021271125 0.040856818 0.983139964 0.176957821
113.000000000 -0.086841854 0.417890712 0.021303092 -0.023371581 0.039959337 0.983224055 0.176429809
113.033333333 -0.098566292 0.419865406 0.018993096 -0.025457868 0.039040720 0.983315020 0.175838822
113.066666666 -0.111297081 0.422136235 0.017167050 -0.027587362 0.038096136 0.983385517 0.175329824
113.100000000 -0.122688763 0.423735928 0.014871413 -0.029630872 0.037127618 0.983478494 0.174681432
113.133333333 -0.134770225 0.425650692 0.012539467 -0.031718771 0.036112935 0.983566297 0.174031937
113.166666666 -0.146296473 0.427094120 0.010075838 -0.033766478 0.035070976 0.983663503 0.173308867
113.200000000 -0.157518897 0.428235026 0.007273471 -0.035809473 0.033989064 0.983770446 0.172505463
113.233333333 -0.170410568 0.430310188 0.004852527 -0.037886275 0.032894500 0.983859457 0.171764813
113.266666666 -0.181563465 0.431495422 0.002284848 -0.039874788 0.031789754 0.983969536 0.170889920
113.300000000 -0.192661647 0.432863045 -0.000355668 -0.041867290 0.030655416 0.984078440 0.169991175
113.333333333 -0.203687845 0.433988421 -0.003071006 -0.043842445 0.029493685 0.984196179 0.169014333
113.366666666 -0.214870964 0.435254196 -0.005686431 -0.045800361 0.028315608 0.984317155 0.167988964
113.400000000 -0.226080875 0.436507436 -0.008323268 -0.047746169 0.027109039 0.984436031 0.166946411
113.433333333 -0.237201774 0.437532115 -0.010960727 -0.049671726 0.025880137 0.984555342 0.165872592
113.466666666 -0.248429652 0.438487426 -0.013683064 -0.051574089 0.024626225 0.984683084 0.164720634
113.500000000 -0.259178837 0.439230641 -0.016548863 -0.053450682 0.023348275 0.984813638 0.163523643
113.533333333 -0.269491264 0.439702599 -0.019520085 -0.055300876 0.022048692 0.984947615 0.162277123
113.566666666 -0.279672359 0.440131120 -0.022382570 -0.057125875 0.020733789 0.985082900 0.160992002
113.600000000 -0.290018686 0.440725875 -0.025134750 -0.058927570 0.019405252 0.985219190 0.159668799
113.633333333 -0.300147629 0.441334781 -0.027816175 -0.060700435 0.018063264 0.985357756 0.158301193
113.666666666 -0.310604496 0.441762049 -0.030640667 -0.062460161 0.016687466 0.985497492 0.156891525
113.700000000 -0.320851556 0.442004563 -0.033510543 -0.064192007 0.015296837 0.985633109 0.155475937
113.733333333 -0.330720636 0.442200389 -0.036214340 -0.065875769 0.013913323 0.985773738 0.154003055
113.766666666 -0.340380751 0.442079758 -0.039011726 -0.067544406 0.012500539 0.985907937 0.152535340
113.800000000 -0.349763620 0.441926292 -0.041820208 -0.069166856 0.011084101 0.986048585 0.151000918
113.833333333 -0.359573825 0.441658805 -0.044927446 -0.070785698 0.009629617 0.986185724 0.149446890
113.866666666 -0.368378677 0.441080379 -0.047798008 -0.072348129 0.008184543 0.986322107 0.147876513
113.900000000 -0.377581059 0.440503075 -0.050840486 -0.073888202 0.006714499 0.986463328 0.146237994
113.933333333 -0.386632438 0.439824308 -0.053899604 -0.075408397 0.005233352 0.986595502 0.144621927
113.966666666 -0.395255025 0.438899517 -0.056983647 -0.076873139 0.003752683 0.986735425 0.142932285
114.000000000 -0.403436038 0.437975660 -0.060176499 -0.078309226 0.002262154 0.986872617 0.141226718
114.033333333 -0.411924789 0.437012321 -0.063330132 -0.079715864 0.000757314 0.987011648 0.139473349
114.066666666 -0.424262609 0.437235885 -0.066678822 -0.081131179 -0.000749622 0.987158836 0.137603058
114.100000000 -0.431651786 0.435785990 -0.069846345 -0.082451316 -0.002265592 0.987301719 0.135764367
114.133333333 -0.439704579 0.434425360 -0.072780596 -0.083736640 -0.003780452 0.987444160 0.133895161
114.166666666 -0.447264606 0.432915864 -0.075795054 -0.084976530 -0.005293207 0.987587345 0.131993212
114.200000000 -0.454136943 0.431122250 -0.078831101 -0.086170968 -0.006806376 0.987730637 0.130063162
114.233333333 -0.461292965 0.429312503 -0.081774107 -0.087332959 -0.008323658 0.987872320 0.128109131
114.266666666 -0.470094642 0.427494302 -0.084947078 -0.088493595 -0.009853508 0.988000648 0.126200282
114.300000000 -0.477065131 0.425366067 -0.088189615 -0.089583196 -0.011366079 0.988131956 0.124261422
114.333333333 -0.483978929 0.423053738 -0.091474239 -0.090632025 -0.012885350 0.988267326 0.122259952
114.366666666 -0.490991677 0.420806458 -0.094752243 -0.091647622 -0.014392397 0.988398824 0.120255303
114.400000000 -0.497356372 0.418310154 -0.097901211 -0.092605907 -0.015889958 0.988533872 0.118205076
114.433333333 -0.503782045 0.415748098 -0.101076537 -0.093530934 -0.017384334 0.988666706 0.116137391
114.466666666 -0.510666929 0.413212695 -0.104332600 -0.094416557 -0.018875662 0.988801132 0.114024318
114.500000000 -0.518364235 0.410750833 -0.107924220 -0.095278909 -0.020366904 0.988934949 0.111869502
114.533333333 -0.524086038 0.407989818 -0.111362613 -0.096064817 -0.021831903 0.989071766 0.109690295
114.566666666 -0.530441934 0.405356619 -0.115102845 -0.096829791 -0.023286847 0.989203748 0.107506554
114.600000000 -0.536564366 0.402487098 -0.118725575 -0.097540929 -0.024740136 0.989340595 0.105256258
114.633333333 -0.542124037 0.399756826 -0.122278742 -0.098209078 -0.026160944 0.989475639 0.102997773
114.666666666 -0.547583496 0.396866957 -0.125772325 -0.098835243 -0.027569736 0.989609194 0.100723118
114.700000000 -0.552725011 0.393948652 -0.129381103 -0.099409780 -0.028961572 0.989743156 0.098424627
114.733333333 -0.558730726 0.391030430 -0.132983547 -0.099956832 -0.030340630 0.989873822 0.096113968
114.766666666 -0.561427196 0.387673899 -0.135814564 -0.100419711 -0.031651733 0.990002959 0.093851961
114.800000000 -0.564849623 0.384269678 -0.138891879 -0.100829599 -0.032967811 0.990136603 0.091520616
114.833333333 -0.568256901 0.380846267 -0.142000853 -0.101206802 -0.034258833 0.990266206 0.089198415
114.866666666 -0.570958398 0.377266530 -0.145012948 -0.101524009 -0.035516576 0.990397412 0.086858590
114.900000000 -0.573383377 0.373570102 -0.147846935 -0.101792403 -0.036753788 0.990528910 0.084498193
114.933333333 -0.575633501 0.369707454 -0.150527402 -0.102005543 -0.037973246 0.990661815 0.082110113
114.966666666 -0.577189082 0.365763261 -0.153300955 -0.102171408 -0.039162048 0.990793760 0.079718652
115.000000000 -0.579127053 0.361833950 -0.155954132 -0.102296819 -0.040324781 0.990924467 0.077317361
115.033333333 -0.580935751 0.357792409 -0.158616796 -0.102380465 -0.041466317 0.991054704 0.074895653
115.066666666 -0.584172980 0.353600740 -0.161091902 -0.102427829 -0.042593609 0.991182058 0.072473803
115.100000000 -0.585610972 0.349254694 -0.163437852 -0.102413503 -0.043673506 0.991310960 0.070047700
115.133333333 -0.586808760 0.344785773 -0.165727384 -0.102351333 -0.044723404 0.991440438 0.067600885
115.166666666 -0.587269268 0.340351527 -0.168025116 -0.102242452 -0.045733334 0.991569935 0.065146046
115.200000000 -0.588604916 0.335799023 -0.170190197 -0.102101161 -0.046722171 0.991696511 0.062693071
115.233333333 -0.588897408 0.330917155 -0.172085717 -0.101904120 -0.047672473 0.991822951 0.060250479
115.266666666 -0.588578035 0.326137324 -0.174163501 -0.101666907 -0.048578255 0.991949362 0.057796677
115.300000000 -0.588446305 0.321191438 -0.176359755 -0.101374049 -0.049468551 0.992078094 0.055292128
115.333333333 -0.587727817 0.316075334 -0.178155240 -0.101036595 -0.050313622 0.992205309 0.052808804
115.366666666 -0.586835265 0.310805576 -0.179920069 -0.100649115 -0.051130591 0.992333196 0.050301563
115.400000000 -0.585960560 0.305518865 -0.181542318 -0.100225241 -0.051908452 0.992459547 0.047796036
115.433333333 -0.585111500 0.300153186 -0.183294815 -0.099761294 -0.052651385 0.992584408 0.045295800
115.466666666 -0.584001733 0.294640609 -0.184822175 -0.099252406 -0.053357189 0.992709247 0.042782256
115.500000000 -0.583033024 0.289001954 -0.186288305 -0.098703967 -0.054028967 0.992833022 0.040261499
115.533333333 -0.580689962 0.283473537 -0.187680271 -0.098094221 -0.054638971 0.992959554 0.037728387
115.566666666 -0.578755883 0.277830482 -0.189090040 -0.097452510 -0.055221719 0.993083794 0.035187338
115.600000000 -0.576151466 0.272220299 -0.190219961 -0.096779454 -0.055751976 0.993206386 0.032657772
115.633333333 -0.572695565 0.266511213 -0.191585916 -0.096040311 -0.056230130 0.993331124 0.030128208
115.666666666 -0.567872809 0.260655476 -0.192788473 -0.095238132 -0.056651913 0.993457813 0.027601308
115.700000000 -0.563216055 0.254694544 -0.193898864 -0.094397736 -0.057035270 0.993583148 0.025071382
115.733333333 -0.558307021 0.248660091 -0.194918911 -0.093516864 -0.057371691 0.993707660 0.022542646
115.766666666 -0.553489272 0.242686527 -0.196056363 -0.092601494 -0.057663722 0.993830883 0.020000850
115.800000000 -0.548479675 0.236614836 -0.197193104 -0.091652192 -0.057916990 0.993952191 0.017451055
115.833333333 -0.543093497 0.230507900 -0.198271450 -0.090663402 -0.058121180 0.994072406 0.014903964
115.866666666 -0.537987363 0.224334470 -0.199469838 -0.089628472 -0.058288765 0.994191736 0.012326775
115.900000000 -0.532779084 0.217991227 -0.200493409 -0.088559068 -0.058410924 0.994309014 0.009748847
115.933333333 -0.526978431 0.211602023 -0.201428394 -0.087449934 -0.058482943 0.994424828 0.007177396
115.966666666 -0.520871353 0.205334919 -0.202260127 -0.086320619 -0.058503876 0.994537448 0.004616476
116.000000000 -0.514391160 0.198813159 -0.202861459 -0.085150821 -0.058479385 0.994648289 0.002068803
116.033333333 -0.508210889 0.192386365 -0.203490498 0.083951593 0.058416187 -0.994755955 0.000519567
116.066666666 -0.501499475 0.185911939 -0.204179609 0.082714716 0.058300181 -0.994861682 0.003098056
116.100000000 -0.494708640 0.179249671 -0.204155071 0.081471838 0.058152898 -0.994961611 0.005654462
116.133333333 -0.487455755 0.172527561 -0.204286675 0.080184619 0.057939664 -0.995061093 0.008175835
116.166666666 -0.479879879 0.165703778 -0.204394380 0.078865435 0.057680379 -0.995157722 0.010692331
116.200000000 -0.472134415 0.158847182 -0.204616457 0.077515769 0.057370696 -0.995251619 0.013195619
116.233333333 -0.464285209 0.151929193 -0.204958137 0.076127380 0.057012294 -0.995342769 0.015716013
116.266666666 -0.455989292 0.144967132 -0.205074078 0.074716910 0.056606604 -0.995430039 0.018223963
116.300000000 -0.447135687 0.138020896 -0.204923222 0.073285112 0.056147880 -0.995514041 0.020700290
116.333333333 -0.438194770 0.131040981 -0.204671951 0.071827667 0.055641273 -0.995594089 0.023178547
116.366666666 -0.428675849 0.124098212 -0.204337473 0.070340320 0.055081895 -0.995670660 0.025654653
116.399999999 -0.419192207 0.117345696 -0.204127961 0.068830781 0.054471155 -0.995742655 0.028138614
116.433333333 -0.408813004 0.110469363 -0.203562349 0.067293032 0.053803899 -0.995811774 0.030589193
116.466666666 -0.397928009 0.103318185 -0.203081503 0.065727294 0.053097101 -0.995877265 0.033001429
116.500000000 -0.387369462 0.096320481 -0.202599059 0.064144344 0.052355550 -0.995935279 0.035458707
116.533333333 -0.376381916 0.089338588 -0.201342681 0.062563916 0.051573246 -0.995987634 0.037875972
116.566666666 -0.365374634 0.082459452 -0.200124968 0.060952328 0.050744872 -0.996033770 0.040329904
116.600000000 -0.354178077 0.075414490 -0.199232492 0.059306741 0.049858841 -0.996076420 0.042761814
116.633333333 -0.343036991 0.068434937 -0.198033304 0.057642388 0.048940053 -0.996110479 0.045234269
116.666666666 -0.331005149 0.061469329 -0.196367488 0.055963085 0.047962286 -0.996140815 0.047657407
116.700000000 -0.318534585 0.054573736 -0.194996047 0.054255858 0.046923509 -0.996166971 0.050058482
116.733333333 -0.305814717 0.047542469 -0.193502563 0.052530630 0.045853029 -0.996185871 0.052457067
116.766666666 -0.293032098 0.040575125 -0.192016869 0.050799180 0.044732989 -0.996199411 0.054819128
116.800000000 -0.280393441 0.033290242 -0.190265048 0.049052557 0.043594962 -0.996204501 0.057183198
116.833333333 -0.267871176 0.026129222 -0.188320573 0.047309202 0.042421370 -0.996200946 0.059547805
116.866666666 -0.255232679 0.018868125 -0.186809527 0.045528402 0.041192512 -0.996191498 0.061909941
116.899999999 -0.242006138 0.011202698 -0.185197591 0.043726165 0.039927290 -0.996177170 0.064225228
116.933333333 -0.228784275 0.003722257 -0.182976038 0.041938879 0.038641147 -0.996153194 0.066534253
116.966666666 -0.215279735 -0.003953088 -0.180685230 0.040133900 0.037308293 -0.996124376 0.068801087
117.000000000 -0.201480245 -0.011464877 -0.178677775 0.038319637 0.035938072 -0.996086971 0.071069027
117.033333333 -0.187424948 -0.018950561 -0.176236283 0.036511895 0.034536408 -0.996043585 0.073289113
117.066666666 -0.172897035 -0.026425921 -0.174120641 0.034684026 0.033084904 -0.995994420 0.075481937
117.100000000 -0.158576866 -0.033937210 -0.171769300 0.032862458 0.031619591 -0.995934879 0.077678679
117.133333333 -0.144432164 -0.041391165 -0.169260609 0.031051296 0.030124829 -0.995869606 0.079825055
117.166666666 -0.129840823 -0.048911433 -0.166846019 0.029231296 0.028595094 -0.995798669 0.081932056
117.200000000 -0.115852248 -0.056102190 -0.164335590 0.027411922 0.027039919 -0.995715943 0.084066580
117.233333333 -0.102037959 -0.062982462 -0.161009217 0.025614558 0.025477426 -0.995622101 0.086205732
117.266666666 -0.087675517 -0.069918539 -0.158318280 0.023787298 0.023859922 -0.995520684 0.088337056
117.300000000 -0.073144196 -0.076847339 -0.155621384 0.021959048 0.022221173 -0.995411385 0.090444424
117.333333333 -0.058564607 -0.083702343 -0.152808284 0.020134488 0.020566463 -0.995293692 0.092531566
117.366666666 -0.043833828 -0.090765665 -0.150503512 0.018283425 0.018862802 -0.995166062 0.094627793
117.400000000 -0.029587556 -0.097505560 -0.147732769 0.016464880 0.017170488 -0.995027141 0.096721618
117.433333333 -0.014902275 -0.104162010 -0.144564334 0.014649786 0.015452166 -0.994884998 0.098744397
117.466666666 -0.000221726 -0.110512490 -0.141414338 0.012841599 0.013712332 -0.994733530 0.100758468
117.500000000 0.014285878 -0.117129021 -0.138204870 0.011033658 0.011962863 -0.994574470 0.102746153
117.533333333 0.028864490 -0.123752538 -0.134794033 0.009231085 0.010202008 -0.994408586 0.104700863
117.566666666 0.043378491 -0.130328776 -0.131352812 0.007431130 0.008423717 -0.994234591 0.106636754
117.600000000 0.057977561 -0.136775633 -0.127897935 0.005639043 0.006636800 -0.994053006 0.108548493
117.633333333 0.072511981 -0.143227047 -0.124345382 0.003853229 0.004839373 -0.993864999 0.110426881
117.666666666 0.087964326 -0.149797727 -0.121423438 0.002043845 0.002999786 -0.993669852 0.112281121
117.700000000 0.102762972 -0.156206103 -0.117929732 0.000268640 0.001183293 -0.993468794 0.114097693
117.733333333 0.117285969 -0.162536027 -0.114265349 -0.001496895 -0.000638451 -0.993260383 0.115892899
117.766666666 0.131953323 -0.168782820 -0.110719595 -0.003260693 -0.002469029 -0.993043973 0.117673017
117.800000000 0.146444773 -0.175098886 -0.107032060 -0.005016272 -0.004301648 -0.992822059 0.119418140
117.833333333 0.161186860 -0.181875188 -0.103660870 -0.006784448 -0.006144833 -0.992594221 0.121131850
117.866666666 0.175865509 -0.188310710 -0.100273726 -0.008535142 -0.007985206 -0.992357215 0.122843583
117.900000000 0.190182023 -0.195037681 -0.096864668 -0.010282319 -0.009818530 -0.992112411 0.124542500
117.933333333 0.204881885 -0.201663023 -0.093783466 -0.012028523 -0.011660570 -0.991860183 0.126224888
117.966666666 0.219408197 -0.207943404 -0.090251447 -0.013747918 -0.013493341 -0.991605665 0.127855891
118.000000000 0.233771651 -0.214520698 -0.086917098 -0.015462882 -0.015315843 -0.991346939 0.129451032
118.033333333 0.248154205 -0.221033101 -0.083739185 -0.017171063 -0.017138455 -0.991080437 0.131038143
118.066666666 0.262624159 -0.227384226 -0.080463324 -0.018865225 -0.018953277 -0.990810001 0.132591171
118.100000000 0.277072483 -0.233968011 -0.077093672 -0.020554753 -0.020761667 -0.990536667 0.134102820
118.133333333 0.291661715 -0.240658454 -0.073936931 -0.022238101 -0.022562689 -0.990260472 0.135575035
118.166666666 0.306610371 -0.247514043 -0.071186981 -0.023920413 -0.024360200 -0.989979848 0.137019323
118.200000000 0.320990987 -0.254040165 -0.068172229 -0.025575383 -0.026135580 -0.989692821 0.138459202
118.233333333 0.335054234 -0.260468642 -0.064967282 -0.027213155 -0.027893649 -0.989402950 0.139868480
118.266666666 0.348915082 -0.266861477 -0.061759493 -0.028835300 -0.029631348 -0.989111658 0.141239644
118.300000000 0.362718726 -0.272961593 -0.058360271 -0.030436717 -0.031354462 -0.988818828 0.142575694
118.333333333 0.376642552 -0.278961852 -0.055103804 -0.032026676 -0.033061384 -0.988523891 0.143881044
118.366666666 0.390011683 -0.284828386 -0.051668966 -0.033594878 -0.034740664 -0.988225626 0.145170874
118.400000000 0.404583724 -0.291016722 -0.048537750 -0.035167642 -0.036417160 -0.987927263 0.146412948
118.433333333 0.417891404 -0.297098100 -0.045305542 -0.036708462 -0.038047218 -0.987630803 0.147615362
118.466666666 0.431177723 -0.302842685 -0.041920312 -0.038234941 -0.039663038 -0.987329746 0.148811645
118.500000000 0.444087670 -0.308147466 -0.038397631 -0.039732944 -0.041248910 -0.987029908 0.149972599
118.533333333 0.457314551 -0.313283800 -0.034989766 -0.041217586 -0.042817027 -0.986733633 0.151077960
118.566666666 0.470475105 -0.318731557 -0.031717456 -0.042691774 -0.044355723 -0.986436930 0.152158355
118.600000000 0.483941400 -0.324013814 -0.028446426 -0.044152198 -0.045873788 -0.986144556 0.153183204
118.633333333 0.496318495 -0.329018405 -0.024898422 -0.045581710 -0.047347323 -0.985853577 0.154185811
118.666666666 0.508204061 -0.333796575 -0.021171932 -0.046989172 -0.048788962 -0.985565439 0.155152890
118.700000000 0.519988842 -0.338513032 -0.017629408 -0.048381109 -0.050198421 -0.985278950 0.156092210
118.733333333 0.532044142 -0.343457807 -0.014027852 -0.049763358 -0.051578261 -0.984998205 0.156977155
118.766666666 0.543054271 -0.347758079 -0.010198505 -0.051109967 -0.052915197 -0.984718690 0.157850738
118.800000000 0.553718476 -0.351975122 -0.006543955 -0.052438866 -0.054213714 -0.984443015 0.158691486
118.833333333 0.564487959 -0.356418728 -0.003039887 -0.053756578 -0.055480965 -0.984174126 0.159478471
118.866666666 0.574881450 -0.360697963 0.000495697 -0.055053197 -0.056710504 -0.983909531 0.160234514
118.900000000 0.585052182 -0.364774267 0.004062897 -0.056330479 -0.057904833 -0.983652050 0.160942695
118.933333333 0.590812343 -0.366653586 0.007714205 -0.057531524 -0.059031034 -0.983395663 0.161673842
118.966666666 0.600721131 -0.370895645 0.010712221 -0.058783532 -0.060149734 -0.983150944 0.162298266
119.000000000 0.610851614 -0.375049826 0.013597243 -0.060014170 -0.061229868 -0.982909554 0.162904915
119.033333333 0.620489424 -0.379541270 0.016517992 -0.061226256 -0.062261798 -0.982677744 0.163460289
119.066666666 0.629741853 -0.381828616 0.019135546 -0.062396141 -0.063279816 -0.982441338 0.164046956
119.100000000 0.639195320 -0.385486133 0.021639822 -0.063562862 -0.064235771 -0.982228653 0.164500462
119.133333333 0.647568474 -0.388553489 0.024031826 -0.064700075 -0.065145707 -0.982019935 0.164944790
119.166666666 0.657102047 -0.392684958 0.026228588 -0.065839198 -0.066016231 -0.981822323 0.165323873
119.200000000 0.665785167 -0.396552126 0.028550593 -0.066949359 -0.066835701 -0.981633020 0.165672526
119.233333333 0.675085156 -0.400598360 0.030632812 -0.068046293 -0.067616883 -0.981452799 0.165976093
119.266666666 0.683359792 -0.404297522 0.032844403 -0.069113126 -0.068344671 -0.981283680 0.166236940
119.300000000 0.691623468 -0.407881574 0.034863828 -0.070159662 -0.069026610 -0.981125301 0.166451471
119.333333333 0.699735525 -0.411147078 0.036847348 -0.071182755 -0.069663936 -0.980977302 0.166623782
119.366666666 0.707712874 -0.414367896 0.038687444 -0.072182438 -0.070254422 -0.980842355 0.166740177
119.400000000 0.715614260 -0.417722999 0.040496202 -0.073161498 -0.070793593 -0.980718914 0.166811495
119.433333333 0.723588583 -0.420921609 0.042285555 -0.074119453 -0.071289815 -0.980605279 0.166845304
119.466666666 0.731315616 -0.424154628 0.043949375 -0.075054861 -0.071734584 -0.980501328 0.166847424
119.500000000 0.739158809 -0.427337856 0.045610343 -0.075967987 -0.072133218 -0.980411650 0.166789268
119.533333333 0.746761238 -0.430404158 0.047298497 -0.076856801 -0.072482127 -0.980334567 0.166683863
119.566666666 0.753566467 -0.433210768 0.048414507 -0.077717599 -0.072778816 -0.980266870 0.166553540
119.600000000 0.760970425 -0.436344690 0.049241284 -0.078563220 -0.073029864 -0.980210778 0.166376953
119.633333333 0.767503397 -0.439165198 0.050054477 -0.079378746 -0.073226235 -0.980167215 0.166160052
119.666666666 0.773989268 -0.442280831 0.050884921 -0.080173427 -0.073371525 -0.980135133 0.165903470
119.700000000 0.779674707 -0.444859118 0.051469853 -0.080935138 -0.073468546 -0.980113103 0.165620598
119.733333333 0.784533276 -0.447198050 0.051911123 -0.081665150 -0.073506959 -0.980104144 0.165297907
119.766666666 0.789555796 -0.449587248 0.052437051 -0.082371762 -0.073495341 -0.980106073 0.164940638
119.800000000 0.794348236 -0.451847506 0.052738053 -0.083053802 -0.073433829 -0.980121522 0.164533705
119.833333333 0.798631988 -0.453853869 0.053010668 -0.083704290 -0.073319260 -0.980149938 0.164085271
119.866666666 0.803093517 -0.456091301 0.053444859 -0.084333716 -0.073153047 -0.980191796 0.163586367
119.900000000 0.807232427 -0.458546627 0.053643572 -0.084935885 -0.072930815 -0.980246663 0.163044385
119.933333333 0.811184644 -0.460857486 0.053778678 -0.085508231 -0.072657335 -0.980316338 0.162447322
119.966666666 0.814757103 -0.463086507 0.053900873 -0.086052003 -0.072331656 -0.980398459 0.161808672
120.000000000 0.818332328 -0.465246934 0.054126362 -0.086569839 -0.071959309 -0.980492124 0.161129499
120.033333333 0.821895551 -0.467538390 0.053970896 -0.087059033 -0.071538488 -0.980597530 0.160410269
120.066666666 0.824639032 -0.469672493 0.053976673 -0.087514430 -0.071061295 -0.980713091 0.159666372
120.100000000 0.827659498 -0.472000769 0.054010768 -0.087944574 -0.070537762 -0.980842437 0.158865634
120.133333333 0.831447705 -0.474487405 0.053825024 -0.088350469 -0.069970237 -0.980983111 0.158020555
120.166666666 0.834286305 -0.476724454 0.053254838 -0.088721153 -0.069350895 -0.981136839 0.157128972
120.200000000 0.836499684 -0.478838105 0.053195350 -0.089058813 -0.068678072 -0.981300754 0.156207173
120.233333333 0.838552057 -0.480678259 0.052673901 -0.089362624 -0.067962291 -0.981476746 0.155238025
120.266666666 0.840573224 -0.482684200 0.052209855 -0.089638072 -0.067198000 -0.981662798 0.154232280
120.300000000 0.840195292 -0.482314538 0.050943192 -0.089857193 -0.066412470 -0.981849630 0.153252645
120.333333333 0.841937081 -0.484025871 0.050032024 -0.090068973 -0.065558246 -0.982055749 0.152171621
120.366666666 0.843832875 -0.485707085 0.048882759 -0.090249092 -0.064664168 -0.982268929 0.151067528
120.400000000 0.845690124 -0.486950628 0.047735109 -0.090396813 -0.063739758 -0.982485682 0.149958472
120.433333333 0.846756263 -0.488400738 0.046715291 -0.090507195 -0.062753831 -0.982718855 0.148775190
120.466666666 0.848148542 -0.489985209 0.045551441 -0.090586570 -0.061724813 -0.982960487 0.147556097
120.500000000 0.848433129 -0.491165781 0.044316885 -0.090626676 -0.060652052 -0.983210814 0.146303212
120.533333333 0.848467898 -0.492575064 0.043135036 -0.090633012 -0.059532076 -0.983469939 0.145011961
120.566666666 0.848127278 -0.493795007 0.041918377 -0.090604282 -0.058369570 -0.983740737 0.143659387
120.600000000 0.848145293 -0.494974248 0.040637569 -0.090542196 -0.057173584 -0.984015579 0.142290660
120.633333333 0.847517536 -0.496045297 0.039186904 -0.090443434 -0.055937466 -0.984297870 0.140885375
120.666666666 0.846434880 -0.496881812 0.037531654 -0.090307209 -0.054661663 -0.984585189 0.139458651
120.700000000 0.844812457 -0.497480497 0.035898551 -0.090132694 -0.053348600 -0.984881116 0.137982652
120.733333333 0.843383693 -0.498218686 0.034000641 -0.089924908 -0.052000562 -0.985182586 0.136472432
120.766666666 0.841946061 -0.498856062 0.032124161 -0.089682294 -0.050619493 -0.985487378 0.134942140
120.800000000 0.839790102 -0.499299027 0.030221951 -0.089397849 -0.049200706 -0.985800588 0.133358599
120.833333333 0.837738659 -0.499643801 0.028251708 -0.089078783 -0.047751542 -0.986113794 0.131773846
120.866666666 0.835294812 -0.500031135 0.025986003 -0.088723829 -0.046271617 -0.986432513 0.130145751
120.900000000 0.832344839 -0.500148733 0.023885942 -0.088327631 -0.044758833 -0.986754592 0.128492224
120.933333333 0.828754670 -0.500134113 0.021614694 -0.087892298 -0.043213274 -0.987082625 0.126788992
120.966666666 0.824012430 -0.499766375 0.019166038 -0.087414701 -0.041635857 -0.987415763 0.125040938
121.000000000 0.819588061 -0.499580820 0.016792933 -0.086902315 -0.040034220 -0.987749361 0.123273878
121.033333333 0.814572301 -0.499218316 0.014346777 -0.086350603 -0.038405594 -0.988085194 0.121475235
121.066666666 0.809676340 -0.498717564 0.011774880 -0.085762721 -0.036756972 -0.988419473 0.119668814
121.100000000 0.804317848 -0.498249010 0.009161671 -0.085134533 -0.035078942 -0.988759240 0.117799593
121.133333333 0.798541528 -0.497638431 0.006596236 -0.084469009 -0.033378955 -0.989097683 0.115916368
121.166666666 0.792581719 -0.496850088 0.003833696 -0.083764161 -0.031660478 -0.989436166 0.114005497
121.200000000 0.785863172 -0.495718773 0.001030960 -0.083018635 -0.029923091 -0.989774319 0.112068338
121.233333333 0.779489406 -0.494785190 -0.001915885 -0.082238863 -0.028168225 -0.990111285 0.110104330
121.266666666 0.772488778 -0.493386311 -0.004910316 -0.081417278 -0.026394253 -0.990445649 0.108129487
121.300000000 0.765244508 -0.491880380 -0.007900769 -0.080559606 -0.024610778 -0.990775969 0.106148189
121.333333333 0.757492548 -0.490293105 -0.011160969 -0.079661260 -0.022810631 -0.991106633 0.104122048
121.366666666 0.749748605 -0.488464056 -0.014418999 -0.078726221 -0.021001355 -0.991433817 0.102078951
121.400000000 0.741767013 -0.486632658 -0.017850810 -0.077754269 -0.019180552 -0.991757411 0.100018092
121.433333333 0.733854092 -0.484886306 -0.021383326 -0.076745869 -0.017348343 -0.992078069 0.097929625
121.466666666 0.724983060 -0.482696331 -0.024889240 -0.075695417 -0.015507989 -0.992392968 0.095843121
121.500000000 0.716378004 -0.480643462 -0.028470142 -0.074613399 -0.013664175 -0.992703122 0.093737088
121.533333333 0.707145749 -0.478642946 -0.032018894 -0.073492336 -0.011812074 -0.993013050 0.091566556
121.566666666 0.697588926 -0.476103245 -0.035552331 -0.072333651 -0.009958052 -0.993314568 0.089413921
121.600000000 0.687699270 -0.473255802 -0.039329488 -0.071138109 -0.008104019 -0.993609662 0.087255569
121.633333333 0.677114776 -0.470421811 -0.043428782 -0.069900978 -0.006250257 -0.993905213 0.085013034
121.666666666 0.666251903 -0.467580749 -0.047491416 -0.068626376 -0.004389967 -0.994194710 0.082752812
121.700000000 0.655529092 -0.464734143 -0.051502597 -0.067319574 -0.002535970 -0.994476651 0.080485000
121.733333333 0.644591900 -0.461750845 -0.055596405 -0.065978108 -0.000686398 -0.994751781 0.078200459
121.766666666 0.633521006 -0.458832878 -0.059664197 -0.064601362 0.001157755 -0.995021202 0.075882355
121.800000000 0.622095037 -0.455895925 -0.063692393 -0.063187211 0.002997052 -0.995285520 0.073519568
121.833333333 0.610520405 -0.452914339 -0.067852364 -0.061740632 0.004829226 -0.995540638 0.071159051
121.866666666 0.598629177 -0.449454069 -0.072090568 -0.060262808 0.006646125 -0.995786360 0.068802241
121.900000000 0.586439530 -0.445829550 -0.076271063 -0.058751115 0.008453538 -0.996022680 0.066450470
121.933333333 0.574156082 -0.442123784 -0.080775029 -0.057205435 0.010246935 -0.996252315 0.064061406
121.966666666 0.561545892 -0.438041647 -0.085024558 -0.055637094 0.012025533 -0.996466838 0.061755493
122.000000000 0.548538948 -0.434138203 -0.089161508 -0.054029498 0.013791454 -0.996676894 0.059378265
122.033333333 0.535471796 -0.430198877 -0.093367514 -0.052395404 0.015541205 -0.996877457 0.056995867
122.066666666 0.521778944 -0.426079520 -0.097513060 -0.050726630 0.017269956 -0.997070874 0.054573170
122.100000000 0.508230427 -0.421953217 -0.101628931 -0.049033804 0.018976997 -0.997253360 0.052166049
122.133333333 0.494475393 -0.417729410 -0.105816019 -0.047311449 0.020663420 -0.997427029 0.049739033
122.166666666 0.480474835 -0.413374180 -0.110041161 -0.045561200 0.022327231 -0.997590696 0.047312527
122.200000000 0.466011868 -0.408728439 -0.114304846 -0.043780620 0.023964357 -0.997745254 0.044870655
122.233333333 0.451642287 -0.404012310 -0.118585601 -0.041977675 0.025575887 -0.997890061 0.042416686
122.266666666 0.436824444 -0.399279902 -0.122830452 -0.040140995 0.027165678 -0.998025233 0.039954478
122.300000000 0.422153783 -0.394437796 -0.127066877 -0.038285577 0.028721335 -0.998151036 0.037467431
122.333333333 0.407284346 -0.389579659 -0.131394137 -0.036401932 0.030251117 -0.998266877 0.034971584
122.366666666 0.392377646 -0.385137115 -0.135407177 -0.034491846 0.031751758 -0.998374851 0.032400557
122.400000000 0.377480324 -0.380253778 -0.139451036 -0.032569615 0.033212898 -0.998469855 0.029901044
122.433333333 0.362483033 -0.375281744 -0.143602570 -0.030620502 0.034646163 -0.998554829 0.027391286
122.466666666 0.347415804 -0.370212730 -0.147567582 -0.028653433 0.036042410 -0.998629657 0.024874369
