# timestamp tx ty tz qx qy qz qw
173373.663450729 0.036028220 0.004988133 0.012171173 -0.896462381 -0.057898891 0.436157832 0.052623797
173373.696784678 0.055101504 -0.000946462 0.026628459 -0.935318348 -0.086282686 0.336678779 0.066198833
173373.730118628 0.072755094 -0.011593997 0.047740917 -0.958053713 -0.093148841 0.260808083 0.073725987
173373.763452577 0.086052818 -0.026973983 0.072973129 -0.968211209 -0.066752348 0.228081793 0.078037641
173373.796786526 0.093427271 -0.045358962 0.099078539 -0.966566218 -0.008744224 0.242883476 0.081736781
173373.830120475 0.094284278 -0.064515744 0.124628424 -0.949282269 0.069323244 0.295396693 0.082451530
173373.863454424 0.089980658 -0.082619221 0.152354939 -0.914984678 0.149006971 0.365821538 0.082307736
173373.896788374 0.083894026 -0.098043584 0.184441592 -0.871202792 0.209354495 0.436255806 0.082808592
173373.930122323 0.079434236 -0.112542363 0.219924211 -0.830685921 0.235639804 0.497398938 0.083839609
173373.963456272 0.079542403 -0.122402539 0.257629088 -0.805938652 0.224681055 0.540493159 0.088591527
173373.996790221 0.083392885 -0.143631509 0.295395616 -0.797041081 0.177192963 0.568111070 0.102849314
173374.030124171 0.093643844 -0.155236865 0.335743200 -0.802248906 0.100096927 0.575291202 0.124166545
173374.063458120 0.106326291 -0.168042470 0.368142869 -0.811118174 0.023491630 0.564750852 0.150306108
173374.096792069 0.121622586 -0.184664022 0.395465091 -0.816742535 -0.040158973 0.548350815 0.175015063
173374.130126018 0.138759954 -0.205720652 0.415689949 -0.816333870 -0.073194254 0.541218677 0.187946688
173374.163459967 0.157407456 -0.230571769 0.427741326 -0.811823063 -0.069046079 0.549532182 0.184906285
173374.196793917 0.177135916 -0.258087446 0.432254248 -0.805405283 -0.037450758 0.568201923 0.164518527
173374.230127866 0.199360143 -0.287405616 0.432332805 -0.799291146 0.002072983 0.583879813 0.142175002
173374.263461815 0.224391182 -0.316818308 0.429068110 -0.801971969 0.032220716 0.584374781 0.119619821
173374.296795764 0.251466398 -0.344861704 0.423150780 -0.812011409 0.046827734 0.573271965 0.099014587
173374.330129713 0.280805112 -0.371510048 0.415246134 -0.826290903 0.052970928 0.554588048 0.082882580
173374.363463663 0.310851957 -0.397246064 0.404578539 -0.838803811 0.062804266 0.537254479 0.061817599
173374.396797612 0.340728134 -0.422470497 0.390829583 -0.843235707 0.090817858 0.528553736 0.036559645
173374.430131561 0.371240233 -0.446729879 0.374978311 -0.842183787 0.134680039 0.521976915 0.011307342
173374.463465510 0.403020331 -0.469153955 0.357837331 0.838328782 -0.188777779 -0.511370046 0.008275265
173374.496799460 0.434814956 -0.487768818 0.340502363 0.840166965 -0.233341946 -0.489195918 0.018930416
173374.530133409 0.461078458 -0.502356473 0.329381463 0.857903733 -0.228358758 -0.460001748 0.015869890
173374.563467358 0.475457226 -0.517598355 0.323460119 0.875315650 -0.186002091 -0.445792638 0.022240945
173374.596801307 0.482804365 -0.532827595 0.316011521 0.881325303 -0.156023363 -0.444544984 0.036085690
173374.630135256 0.489641399 -0.547941483 0.310492808 0.874863766 -0.159906945 -0.454925303 0.045674155
173374.663469206 0.496200206 -0.559721456 0.306260604 0.862277462 -0.173848525 -0.471951563 0.059295789
173374.696803155 0.503357117 -0.566669045 0.303330838 0.848571488 -0.188370802 -0.489400781 0.070212143
173374.730137104 0.512007743 -0.569400343 0.301428120 0.832695386 -0.207396700 -0.507793412 0.075834384
173374.763471053 0.520035951 -0.571764470 0.301893904 0.814263617 -0.229120540 -0.527636226 0.077965082
173374.796805002 0.519171317 -0.576789825 0.305783925 0.803206075 -0.205511030 -0.551841516 0.089978659
173374.830138952 0.515874476 -0.583038413 0.308764275 0.787998639 -0.191748629 -0.575195919 0.106959165
173374.863472901 0.511620261 -0.589058834 0.312422663 0.774089383 -0.181659182 -0.594442371 0.120099282
173374.896806850 0.504756130 -0.594366656 0.316528440 0.762778728 -0.168985051 -0.610329501 0.130807358
173374.930140799 0.494818817 -0.599024251 0.321876331 0.750276172 -0.162636411 -0.625303797 0.140107906
173374.963474749 0.481529922 -0.603328948 0.329470160 0.732193864 -0.167741122 -0.643221656 0.148394617
173374.996808698 0.837339597 -0.698149574 0.339307628 0.695784018 -0.171806888 -0.682143194 0.145078104
173375.030142647 0.836581734 -0.706885790 0.353563370 0.664334551 -0.191851946 -0.708183814 0.142576719
173375.063476596 0.834930108 -0.714326564 0.367313972 0.636826907 -0.201537082 -0.731778484 0.135405116
173375.096810545 0.945717079 -0.717199721 0.341606284 0.607848215 -0.206736690 -0.755968968 0.127637799
173375.130144495 0.947710234 -0.726793339 0.355999449 0.581275387 -0.211363817 -0.777410600 0.114354801
173375.163478444 0.949675593 -0.737837915 0.369963610 0.557955068 -0.209246430 -0.796597690 0.101657241
173375.196812393 0.971779239 -0.721782838 0.376596133 0.543781284 -0.206746159 -0.806964346 0.101815937
173375.230146342 0.976669052 -0.737981810 0.385273922 0.546174578 -0.201051020 -0.805593557 0.110864057
173375.263480291 0.980621027 -0.755965696 0.393363264 0.547658923 -0.188453441 -0.806086008 0.121574474
173375.296814241 0.983790389 -0.774422139 0.401473557 0.545832082 -0.167495056 -0.811144993 0.126714424
173375.330148190 0.975251354 -0.791009390 0.415009917 0.545526060 -0.144206750 -0.816087515 0.124927573
173375.363482139 0.978933102 -0.809428434 0.422060957 0.545801524 -0.120242552 -0.822007152 0.109300807
173375.396816088 0.983108773 -0.828191502 0.428909482 0.547625799 -0.095031478 -0.826712738 0.087298635
173375.430150038 0.987631865 -0.846301198 0.437144968 0.544633937 -0.069048379 -0.834030355 0.054768268
173375.463483987 0.993677542 -0.865225088 0.447330256 0.538928586 -0.042477166 -0.841065733 0.018976365
173375.496817936 1.002563417 -0.886957043 0.459337967 -0.537030395 0.024210199 0.843208494 0.003414351
173375.530151885 1.014684458 -0.911206687 0.473114385 -0.541780675 0.019166120 0.840210192 0.012377153
173375.563485834 1.030004200 -0.937151206 0.487343023 -0.556680685 0.017376622 0.830389438 0.016063941
173375.596819784 1.048764922 -0.963856013 0.502904128 -0.576606482 0.015022754 0.816639448 0.019982334
173375.630153733 1.070586056 -0.991449258 0.521664494 -0.595009638 0.018993719 0.803222921 0.020873627
173375.663487682 1.095349996 -1.019976334 0.543900532 -0.609110032 0.026081994 0.792479948 0.016740073
173375.696821631 1.115652884 -1.048396250 0.560227601 -0.613263859 0.030581620 0.789166647 0.013718881
173375.730155580 1.145202062 -1.075038793 0.587700426 -0.612553576 0.032627892 0.789652979 0.012716532
173375.763489530 1.176241713 -1.100767507 0.616728971 -0.605600722 0.035502648 0.794880859 0.012318575
173375.796823479 1.208606093 -1.125781575 0.645950900 -0.592179039 0.037182636 0.804854067 0.012303147
173375.830157428 1.242222680 -1.150507756 0.674114766 -0.575246374 0.037788819 0.817032769 0.011003127
173375.863491377 1.300765804 -1.172111759 0.687430489 -0.561188605 0.032688006 0.827016068 0.006577699
173375.896825327 1.338697991 -1.197565972 0.716165869 -0.550179472 0.031355911 0.834457091 0.000847832
173375.930159276 1.375111848 -1.222667584 0.737568299 0.538662147 -0.030557908 -0.841958535 0.003889924
173375.963493225 1.412033489 -1.247264069 0.757626623 0.524894748 -0.027102411 -0.850726499 0.003922677
173375.996827174 1.449135687 -1.271091958 0.776735325 -0.507008273 0.022561855 0.861645844 0.000115093
173376.030161123 1.486939723 -1.293884205 0.793942752 -0.490028349 0.017706727 0.871509285 0.005500436
173376.063495073 1.524946338 -1.316357984 0.807833710 -0.478817498 0.013234532 0.877758695 0.009915872
173376.096829022 1.562456510 -1.338817636 0.819294475 -0.472944118 0.013383378 0.880907759 0.012094086
173376.130162971 1.620130883 -1.363169800 0.819929765 -0.465508308 0.008993997 0.884916029 0.012031029
173376.163496920 1.650957373 -1.388230114 0.831647677 -0.456160157 0.008895965 0.889700238 0.016500298
173376.196830869 1.684834055 -1.415100389 0.841285936 -0.446281670 0.006548976 0.894703597 0.017182993
173376.230164819 1.717073946 -1.445314016 0.848918541 -0.441254524 0.001101042 0.897319710 0.010515213
173376.263498768 1.743322811 -1.488892986 0.845333062 0.453785825 0.015518098 -0.890967537 0.003802819
173376.296832717 1.770510504 -1.529417768 0.839403331 0.465641043 0.026254243 -0.884469614 0.014235053
173376.330166666 1.811961311 -1.570392834 0.844395165 0.477180619 0.042205348 -0.877441858 0.024761872
173376.363500616 1.836602751 -1.614267254 0.844600580 0.485751925 0.053108791 -0.872005143 0.028836691
173376.396834565 1.860021861 -1.660034203 0.844625627 0.491504733 0.062241090 -0.868155699 0.029237433
173376.430168514 1.882162876 -1.707977177 0.843431415 0.498630180 0.072192687 -0.863446970 0.024809075
173376.463502463 1.902638442 -1.756870160 0.842240150 0.504365695 0.078424092 -0.859742645 0.017535437
173376.496836412 1.920901005 -1.806425674 0.842431901 0.505864747 0.081517139 -0.858719028 0.007579196
173376.530170362 1.937210051 -1.857247049 0.842525049 -0.507977272 -0.085674873 0.857093884 0.002997040
173376.563504311 1.951335412 -1.908652243 0.841555171 -0.514155595 -0.087355939 0.853140070 0.012844622
173376.596838260 1.963782222 -1.960299990 0.839925670 -0.525424911 -0.085352023 0.846310827 0.020041938
173376.630172209 1.974150575 -2.012935313 0.839036727 -0.534349108 -0.081566295 0.841035578 0.021843243
173376.663506158 1.982383709 -2.066891007 0.839423232 -0.537583741 -0.079843593 0.839118636 0.022552977
173376.696840108 1.990019644 -2.121029931 0.840464669 -0.536410777 -0.078860246 0.839804322 0.027807208
173376.730174057 1.997723964 -2.175743570 0.841444050 -0.532471942 -0.078214815 0.842049119 0.036185001
173376.763508006 2.005969924 -2.231007317 0.841943908 -0.526663186 -0.078087297 0.845219380 0.046178593
173376.796841955 2.015769543 -2.286520604 0.841199972 -0.523193544 -0.076259768 0.847192756 0.052128663
173376.830175905 2.027624813 -2.341927817 0.839201618 -0.522137840 -0.072843380 0.847889917 0.056112438
173376.863509854 2.042590538 -2.396705593 0.836761719 -0.519890363 -0.069961089 0.849047186 0.062756131
173376.896843803 2.061520958 -2.450805501 0.833563659 -0.517089505 -0.065856356 0.850311619 0.072467481
173376.930177752 2.084423483 -2.505146837 0.828540805 -0.516987638 -0.059451272 0.849836739 0.083467634
173376.963511701 2.111541222 -2.560332252 0.821585004 -0.521019582 -0.049645744 0.846997968 0.093103910
173376.996845651 2.142808826 -2.616767589 0.813814054 -0.525817518 -0.037867757 0.843640799 0.101745633
173377.030179600 2.178234325 -2.674929854 0.806062355 -0.529130683 -0.027066415 0.841082727 0.108940237
173377.063513549 2.218214477 -2.734819064 0.798473317 -0.532516676 -0.018147257 0.838532989 0.113838012
173377.096847498 2.262885316 -2.796799426 0.790995052 -0.535980753 -0.010758549 0.835970854 0.117309917
173377.130181447 2.312593654 -2.861683770 0.783319109 -0.540419080 -0.005786002 0.833228384 0.116808393
173377.163515397 2.367675090 -2.929359215 0.775153682 -0.545035775 -0.004688566 0.830610567 0.114018015
173377.196849346 2.427903026 -2.998977930 0.765388577 -0.550515503 -0.007522763 0.827269096 0.111812035
173377.230183295 2.492806828 -3.070016494 0.752989160 -0.558662579 -0.008716233 0.821969914 0.110388455
173377.263517244 2.561144339 -3.141949166 0.738755541 -0.565995038 -0.003587939 0.816958044 0.110527363
173377.296851194 2.629875479 -3.214545376 0.723975808 -0.568226701 0.005459114 0.815523362 0.109591333
173377.330185143 2.697090234 -3.287329556 0.709418840 -0.567222817 0.013469556 0.815996733 0.110572052
173377.363519092 2.763109787 -3.360033461 0.695080593 -0.568036853 0.021637453 0.814807540 0.113818393
173377.396853041 2.827909798 -3.433147218 0.681604555 -0.570359273 0.029376279 0.812208280 0.118932938
173377.430186990 2.890882353 -3.507151348 0.669510664 -0.572652120 0.032288442 0.809940601 0.122569279
173377.463520940 2.952140740 -3.581980278 0.658905992 -0.573862325 0.030991253 0.808765026 0.124982828
173377.496854889 3.012044622 -3.658227461 0.649057931 -0.575268799 0.029282540 0.807813514 0.125082651
173377.530188838 3.069785749 -3.736491447 0.639966758 -0.576216515 0.027721076 0.807663819 0.122005026
173377.563522787 3.125062070 -3.816399279 0.631989003 -0.574281911 0.025463075 0.809733287 0.117830057
173377.596856736 3.177660150 -3.897761831 0.624948348 -0.570530110 0.024196672 0.813050545 0.113396323
173377.630190686 3.227828727 -3.980842609 0.618665923 -0.566021265 0.024555812 0.816706478 0.109578594
173377.663524635 3.276364603 -4.065233987 0.612974370 -0.561631365 0.025261960 0.820426456 0.104079171
173377.696858584 3.323558538 -4.150724033 0.607603003 -0.557646753 0.024365448 0.824259965 0.095036488
173377.730192533 3.369681264 -4.236702796 0.602911342 -0.553662711 0.019925654 0.828208062 0.084451029
173377.763526483 3.415214328 -4.322595313 0.598789811 -0.550394079 0.012083008 0.831241521 0.077187381
173377.796860432 3.460376326 -4.408028661 0.594637619 -0.549891037 0.003417910 0.831899098 0.074512119
173377.830194381 3.505214892 -4.492660670 0.590632228 -0.550995835 -0.004031233 0.831062019 0.075652234
173377.863528330 3.496505782 -4.466325922 0.596572314 -0.551054640 0.001149699 0.830238410 0.083914511
173377.896862279 3.539962232 -4.544868746 0.594000485 -0.549929808 -0.002108130 0.830615069 0.087472105
173377.930196229 3.583597703 -4.622169402 0.592637555 -0.545952775 -0.005553839 0.832462319 0.094399203
173377.963530178 3.028218036 -4.877958563 0.519117838 -0.558773790 -0.031362941 0.823814271 0.090101416
173377.996864127 3.051391887 -4.963527262 0.518233971 -0.552747016 -0.031801541 0.826589180 0.101043186
173378.030198076 3.074720744 -5.044631761 0.517798281 -0.547653876 -0.030365943 0.828387485 0.113698358
173378.063532025 3.099798797 -5.124234354 0.517669166 -0.543468069 -0.025785309 0.829271339 0.127619047
173378.096865975 3.127185930 -5.202308259 0.518106081 -0.538738264 -0.017100778 0.829784893 0.144657103
173378.130199924 3.157470664 -5.279001600 0.519248233 -0.531646718 -0.007654652 0.830454373 0.166248930
173378.163533873 3.191818817 -5.354892562 0.519961638 -0.525247110 0.004063413 0.829019460 0.191900228
173378.196867822 3.230464172 -5.430461686 0.520145763 -0.517443806 0.016970548 0.826420046 0.221345469
173378.230201772 3.273260778 -5.506284466 0.519159814 -0.508093823 0.030916652 0.822822234 0.252682407
173378.263535721 3.319906471 -5.583180723 0.516006903 -0.499166318 0.047254745 0.817719362 0.282727821
173378.296869670 3.370196225 -5.661636229 0.510275443 -0.491721765 0.066403755 0.810426577 0.311462696
173378.330203619 3.424132097 -5.742379127 0.501786095 -0.486844568 0.089282772 0.800202245 0.338655166
173378.363537568 3.481648928 -5.826038772 0.491031401 -0.481834741 0.114971132 0.787574013 0.366529801
173378.396871518 3.541934328 -5.913425077 0.478204739 -0.475142200 0.142920922 0.773804338 0.393751631
173378.430205467 3.603880170 -6.005096803 0.463646235 -0.466786831 0.171782462 0.759517858 0.419205754
173378.463539416 3.666653925 -6.101136564 0.447662603 -0.458195766 0.198971851 0.744633208 0.442705577
173378.496873365 3.729351929 -6.201750990 0.430515061 -0.450672181 0.222732537 0.728629729 0.465170421
173378.530207314 3.790645312 -6.307023585 0.412591685 -0.445505803 0.242664350 0.711954721 0.485550274
173378.563541264 3.849318502 -6.416672690 0.394454211 -0.442939287 0.257304783 0.695469825 0.503905506
173378.596875213 3.903965107 -6.530518852 0.376436611 -0.443833265 0.264791333 0.679735606 0.520439322
173378.630209162 4.438998384 -6.701864757 0.380358664 -0.440964498 0.275092953 0.668001906 0.532585797
173378.663543111 4.494066390 -6.822629523 0.361285291 -0.451996776 0.278426192 0.656643771 0.535720756
173378.696877061 4.543054770 -6.947958372 0.340804310 -0.468183128 0.281497107 0.649192552 0.529256996
173378.730211010 4.586027421 -7.075876305 0.319614592 -0.487593833 0.280016450 0.643537736 0.519328628
173378.763544959 4.624065509 -7.206249464 0.298474854 -0.507742691 0.267166854 0.638418195 0.513070599
173378.796878908 4.657114969 -7.338952294 0.277641779 -0.525840947 0.239449404 0.636800592 0.510529418
173378.830212857 4.685442352 -7.474750230 0.256065719 -0.542916746 0.200699142 0.637831844 0.508066728
173378.863546807 4.859314231 -7.794035291 0.226899789 -0.559584775 0.151766772 0.645595529 0.497029315
173378.896880756 5.245902034 -8.353903762 0.168527430 -0.575547138 0.096827878 0.659686829 0.473479822
173378.930214705 5.277022420 -8.521684245 0.138752918 -0.593928213 0.058410303 0.667043802 0.445970940
173378.963548654 5.308858057 -8.695565014 0.107619179 -0.610234306 0.024714238 0.674965096 0.414035527
173378.996882603 5.342165061 -8.874338852 0.076888521 -0.621341644 -0.006062818 0.684446484 0.381353922
173379.030216553 5.377345121 -9.058013290 0.046835136 -0.628210848 -0.035674021 0.696001873 0.345918903
173379.063550502 5.865360602 -9.711064277 -0.006897660 -0.630619161 -0.082821810 0.711365330 0.299030750
173379.096884451 5.916991407 -9.914837546 -0.035486564 -0.635735435 -0.106904754 0.720002376 0.256921016
173379.130218400 5.972263416 -10.121569294 -0.061350556 -0.637111740 -0.128420524 0.728572604 0.216283982
173379.163552350 6.030754245 -10.329540899 -0.084305191 -0.633875756 -0.149018605 0.737498743 0.179138455
173379.196886299 6.091699038 -10.538531887 -0.104722707 -0.627120553 -0.167759433 0.746974429 0.143547159
173379.230220248 6.154699339 -10.747556969 -0.123915424 -0.620208754 -0.184292547 0.754446611 0.110397778
173379.263554197 6.219077703 -10.955534358 -0.141880524 -0.615454919 -0.194709878 0.759247599 0.082742910
173379.296888146 6.284427621 -11.163489634 -0.158340056 -0.611064162 -0.204705824 0.762088589 0.062586725
173379.330222096 6.312425332 -11.345112184 -0.163920590 -0.606242737 -0.213331678 0.764532853 0.049485922
173379.363556045 6.378470617 -11.552483870 -0.179406354 -0.598703769 -0.224146092 0.767981210 0.038951100
173379.396889994 6.444996047 -11.761242895 -0.195475236 -0.589748371 -0.235092596 0.772100038 0.028104466
173379.430223943 6.511452483 -11.970488832 -0.212490699 -0.582187072 -0.247108843 0.774461071 0.014334667
173379.463557892 6.578475229 -12.179189125 -0.230863270 -0.578554288 -0.257805211 0.773826377 0.002036492
173379.496891842 6.645816487 -12.386529450 -0.250522002 0.579081425 0.265454981 -0.770813881 0.006657067
173379.530225791 6.712833776 -12.592431693 -0.270030576 0.577231934 0.270416006 -0.770436770 0.010279167
173379.563559740 6.779123735 -12.796607227 -0.289099444 0.572102234 0.271104592 -0.774025796 0.009241288
173379.596893689 6.844827359 -12.998804848 -0.307902955 0.565805916 0.268153998 -0.779709738 0.003134218
173379.630227639 6.910289028 -13.199415602 -0.326860610 -0.560151593 -0.260593370 0.786305634 0.006688636
173379.663561588 6.975756479 -13.399181951 -0.345940010 -0.556282079 -0.250513599 0.792136854 0.017674528
173379.696895537 7.041813335 -13.598903684 -0.364676989 -0.552552099 -0.239157056 0.797860678 0.030140003
173379.730229486 7.108789443 -13.799459364 -0.382991884 -0.548428814 -0.228204851 0.803227115 0.044436288
173379.763563435 7.177299143 -14.001122867 -0.401616728 -0.547517921 -0.215904499 0.806118988 0.061494309
173379.796897385 7.247190082 -14.204484421 -0.420435883 -0.548450456 -0.202453726 0.807340305 0.080101298
173379.830231334 7.318141722 -14.410602778 -0.439342357 -0.548776176 -0.190782481 0.807983051 0.098031336
173379.863565283 7.390125629 -14.620246206 -0.458885662 -0.548569463 -0.179700658 0.808495312 0.114518767
173379.896899232 7.462920579 -14.834212710 -0.479539620 -0.548011565 -0.168905301 0.809215329 0.127768835
173379.930233181 7.536535277 -15.053277472 -0.501462319 -0.547200369 -0.159137875 0.810157978 0.137444329
173379.963567131 7.610932967 -15.277655771 -0.524466752 -0.546704558 -0.152571186 0.810402390 0.145203739
173379.996901080 7.686176545 -15.507122370 -0.548686540 -0.547956915 -0.148527198 0.809119255 0.151686921
173380.030235029 7.762296664 -15.741437637 -0.574196243 -0.551247357 -0.145580436 0.806121857 0.158430553
173380.063568978 7.838849242 -15.980512559 -0.600805349 -0.555360657 -0.143581029 0.802416013 0.164583024
173380.096902928 7.915524073 -16.224240872 -0.628279774 -0.558761078 -0.141379072 0.799431941 0.169430181
173380.130236877 7.991978916 -16.472409945 -0.656684148 -0.561755874 -0.138316322 0.797357459 0.171813900
173380.163570826 8.068001419 -16.724867101 -0.685770584 -0.564513729 -0.135061810 0.796073466 0.171317231
173380.196904775 8.143512872 -16.981470588 -0.715364847 -0.567447163 -0.132496602 0.794982117 0.168676616
173380.230238724 8.218511795 -17.242124570 -0.745410638 -0.570957492 -0.130894883 0.793717715 0.163970308
173380.263572674 8.293114334 -17.506925110 -0.775745759 -0.574499542 -0.129912647 0.792670253 0.157311316
173380.296906623 8.367468423 -17.775861411 -0.806028377 -0.577419829 -0.129753956 0.792104338 0.149402040
173380.330240572 8.441772283 -18.048864633 -0.835845379 -0.578646703 -0.130280340 0.792512057 0.141843811
173380.363574521 8.516304123 -18.325786716 -0.865299129 -0.579083411 -0.130551696 0.793254783 0.135519395
173380.396908470 8.591178059 -18.606413577 -0.894540554 -0.579850350 -0.129745394 0.793617533 0.130808696
173380.430242420 8.666195539 -18.890661079 -0.923526904 -0.580633237 -0.129302671 0.793831469 0.126401990
173380.463576369 8.741323121 -19.178436341 -0.952327576 -0.580545962 -0.129849827 0.794539311 0.121707397
173380.496910318 8.816699607 -19.469502068 -0.981246815 -0.579383834 -0.130365093 0.796083197 0.116494030
173380.530244267 9.176138246 -19.962094618 -1.076913384 -0.577239238 -0.135526479 0.798102535 0.107050354
173380.563578217 9.256750426 -20.262731423 -1.108743074 -0.575465337 -0.132182225 0.800565002 0.102289701
173380.596912166 9.337969239 -20.566071889 -1.141495960 -0.572868555 -0.128226667 0.803628843 0.097776393
173380.630246115 9.419693538 -20.871861416 -1.175134559 -0.569876149 -0.124629652 0.806885594 0.092974530
173380.663580064 10.780813118 -21.857677229 -1.498686946 -0.565453709 -0.148972976 0.808516868 0.066103172
173380.696914013 10.881352129 -22.183515217 -1.539635277 -0.564840571 -0.146638660 0.809832046 0.060202076
173380.730247963 11.215493290 -22.269278851 -1.545434328 -0.564107273 -0.152021537 0.810230918 0.046885990
173380.763581912 11.320433949 -22.596517119 -1.586894153 -0.563819938 -0.154881320 0.810016722 0.044629185
173380.796915861 11.346435590 -22.779340713 -1.576981783 -0.566198101 -0.157041354 0.807919862 0.044980207
173380.830249810 11.450306235 -23.104416760 -1.619206349 -0.569554136 -0.160460231 0.804747028 0.047358439
173380.863583759 11.554447690 -23.432614137 -1.662153831 -0.572958119 -0.164842202 0.801247656 0.050480063
173380.896917709 11.657931642 -23.761442887 -1.705598955 -0.577006118 -0.169583961 0.797085920 0.054399044
173380.930251658 11.760727270 -24.090500508 -1.749507284 -0.581947484 -0.173109269 0.792378559 0.059215928
173380.963585607 11.862691131 -24.419590291 -1.793631216 -0.587612650 -0.176034142 0.787087780 0.064932125
173380.996919556 11.963559088 -24.748616520 -1.837451430 -0.592393341 -0.177896901 0.782482399 0.071722502
173381.030253506 12.063362607 -25.077850411 -1.880765823 -0.595804443 -0.179468360 0.778838645 0.078857705
173381.063587455 12.162750820 -25.408022514 -1.923870520 -0.599778515 -0.180714087 0.774852563 0.084921477
173381.096921404 12.262240797 -25.739968104 -1.966320570 -0.603233800 -0.182733015 0.771165372 0.089563368
173381.130255353 12.362406906 -26.074667331 -2.007767717 -0.604790522 -0.186342852 0.768676713 0.092956316
173381.163589302 12.463878550 -26.412649484 -2.048088133 -0.603668661 -0.190809395 0.767863274 0.097785042
173381.196923252 12.567361046 -26.754350708 -2.088074821 -0.601640347 -0.194578157 0.767488374 0.105498006
173381.230257201 12.673024189 -27.100128890 -2.128395620 -0.600418764 -0.196866676 0.766663334 0.113877796
173381.263591150 12.780580438 -27.450377843 -2.168865360 -0.597957332 -0.199038988 0.766839441 0.121605026
173381.296925099 12.889888451 -27.805433358 -2.210177773 -0.595113939 -0.201670493 0.767374247 0.127691723
173381.330259049 13.000919397 -28.165230108 -2.252870520 -0.593049016 -0.202469996 0.768160978 0.131253489
173381.363592998 13.113443527 -28.529716399 -2.296755354 -0.590833435 -0.202987953 0.769376452 0.133310232
173381.396926947 13.227199355 -28.898694268 -2.342077105 -0.589411479 -0.204153934 0.770074869 0.133790793
173381.430260896 13.342216605 -29.271861064 -2.388817362 -0.588641784 -0.205123569 0.770437129 0.133610636
173381.463594845 13.458386069 -29.648842722 -2.437139249 -0.589423827 -0.205441478 0.769922229 0.132639030
173381.496928795 13.575473982 -30.029671428 -2.486884524 -0.590709830 -0.205188115 0.769284989 0.130997480
173381.530262744 13.692953821 -30.414448175 -2.537633060 -0.590959270 -0.205139932 0.769849465 0.126556510
173381.563596693 13.810758861 -30.803063023 -2.589035586 -0.589048208 -0.205234508 0.772501743 0.118920405
173381.596930642 13.929212195 -31.195192607 -2.641358215 -0.586597539 -0.204448661 0.775850182 0.110274964
173381.630264591 14.273083759 -31.493707018 -2.702566646 -0.584109241 -0.206207008 0.779017998 0.097087707
173381.663598541 14.395414814 -31.892162179 -2.756591669 -0.581152618 -0.204431718 0.782692293 0.088668382
173381.696932490 14.518479783 -32.293953687 -2.811756625 -0.579687129 -0.203649561 0.784943001 0.079713068
173381.730266439 14.642511479 -32.699218490 -2.868172386 -0.579924122 -0.203126327 0.785761269 0.070759705
173381.763600388 14.799652686 -33.087154200 -2.928569664 -0.580739389 -0.203613505 0.785781745 0.061889841
173381.796934338 14.925987243 -33.499697938 -2.986936658 -0.581165677 -0.204668095 0.785684255 0.055296284
173381.830268287 15.052942067 -33.915689100 -3.045925717 -0.580400948 -0.206797184 0.786021862 0.050391440
173381.863602236 15.180353726 -34.335080925 -3.105759526 -0.579812144 -0.209047020 0.786102107 0.046483308
173381.896936185 15.308008062 -34.757824653 -3.166392657 -0.579928589 -0.211468101 0.785547486 0.043349982
173381.930270134 15.435611597 -35.184036506 -3.227597445 -0.580284784 -0.214901837 0.784531652 0.039960702
173381.963604084 15.563119162 -35.613751022 -3.289281878 -0.581094170 -0.219158890 0.782927767 0.036373856
173381.996938033 15.690622927 -36.047023556 -3.351450337 -0.583028805 -0.223547486 0.780405155 0.032737264
173382.030271982 15.818119326 -36.484036266 -3.413781497 -0.585262709 -0.229154502 0.777243936 0.029114242
173382.063605931 15.945730361 -36.924934680 -3.476154222 -0.586808542 -0.235914050 0.774147411 0.026383368
173382.096939880 16.073457865 -37.369837815 -3.538776077 -0.587633332 -0.243515164 0.771241177 0.023968288
173382.130273830 16.201490481 -37.818632493 -3.601945833 -0.588278383 -0.250829264 0.768476407 0.021383092
173382.163607779 16.329934661 -38.271219403 -3.665786888 -0.588966433 -0.257548070 0.765792638 0.018686054
173382.196941728 16.458867800 -38.727574775 -3.730304288 -0.589224281 -0.264084718 0.763421557 0.016172031
173382.230275677 16.588481177 -39.187489280 -3.795611512 -0.589428840 -0.269921358 0.761252903 0.014495545
173382.263609627 17.684435150 -39.747257657 -3.954768340 -0.587506836 -0.287492024 0.756425973 0.001949512
173382.296943576 17.805755322 -40.624082949 -4.087939363 -0.589160421 -0.290986147 0.753781755 0.005488738
173382.330277525 18.095064525 -42.319302103 -4.343924020 -0.590723892 -0.295970637 0.750511464 0.013386846
173382.363611474 18.237596534 -42.809698139 -4.417619056 -0.593229320 -0.298644562 0.747462695 0.013781106
173382.396945423 18.382989958 -43.310704299 -4.493133311 -0.595970375 -0.300088767 0.744700633 0.013675204
173382.430279373 18.529354716 -43.815531210 -4.569289830 -0.598778394 -0.300188676 0.742402112 0.013794844
173382.463613322 18.676701455 -44.323909053 -4.645973145 -0.601036735 -0.298485157 0.741214982 0.016180404
173382.496947271 18.824715313 -44.835511737 -4.723249703 -0.602643361 -0.293726103 0.741678612 0.021419449
173382.530281220 18.972947334 -45.350011521 -4.801218252 -0.604220495 -0.283921205 0.743992114 0.027965626
173382.563615169 19.120740328 -45.867826928 -4.879226628 -0.602986353 -0.270057692 0.749914676 0.033230711
173382.596949119 19.267786586 -46.389494713 -4.956450796 -0.596403357 -0.254313756 0.760494087 0.035725253
173382.630283068 19.414568219 -46.914973037 -5.032355857 -0.585304307 -0.237606385 0.774312304 0.037450372
173382.663617017 19.562137866 -47.444391375 -5.106861129 -0.572421268 -0.220378490 0.788737262 0.040752243
173382.696950966 19.711530744 -47.978293998 -5.179972174 -0.559608069 -0.205046832 0.801645410 0.046467640
173382.730284916 19.863438243 -48.517442798 -5.251351437 -0.544720909 -0.193928660 0.813924436 0.056549251
173382.763618865 20.018440418 -49.062240175 -5.321477172 -0.526997183 -0.187641877 0.825857395 0.070880597
173382.796952814 20.176306448 -49.613631707 -5.391368839 -0.507767266 -0.185245322 0.836398540 0.091071715
173382.830286763 20.332759905 -50.174692780 -5.461821985 -0.487160292 -0.191695267 0.845827090 0.102490530
173382.863620712 20.489669111 -50.742844891 -5.534773249 -0.467080785 -0.196001168 0.855790838 0.105076755
173382.896954662 20.649465378 -51.314912114 -5.609919824 -0.449582770 -0.192933509 0.865604837 0.106678298
173382.930288611 20.813429055 -51.890861428 -5.684318241 -0.423209315 -0.188278970 0.878933141 0.113672502
173382.963622560 20.980271680 -52.473080148 -5.756825079 -0.387459818 -0.184933891 0.894537511 0.124406542
173382.996956509 21.149131789 -53.057692822 -5.832428540 -0.355317484 -0.184042698 0.906979298 0.131401385
173383.030290458 21.317429572 -53.648603095 -5.909562493 -0.330320995 -0.186461795 0.915571203 0.133601693
173383.063624408 21.485724922 -54.243734851 -5.988923696 -0.309635113 -0.188884370 0.922693922 0.130708521
173383.096958357 21.622353063 -54.933909542 -6.079129417 -0.293758690 -0.192432612 0.927156874 0.130597295
173383.130292306 21.726518596 -55.675293438 -6.178493898 -0.283389221 -0.199444309 0.928592808 0.132770157
173383.163626255 21.770085773 -56.397126591 -6.272415719 -0.284338591 -0.207744413 0.926059785 0.135672763
173383.196960205 21.928949156 -57.027544527 -6.379509302 -0.299612276 -0.214643609 0.919530666 0.136469627
173383.230294154 22.088671922 -57.641702873 -6.479722216 -0.322321625 -0.220601127 0.910196776 0.137788759
173383.263628103 22.247647125 -58.255132617 -6.583931818 -0.348041425 -0.223956071 0.899228111 0.141773229
173383.296962052 22.406939794 -58.870743197 -6.692032913 -0.375099955 -0.226416843 0.886657297 0.147899544
173383.330296001 22.565455364 -59.489536131 -6.803434983 -0.400649065 -0.230463494 0.873806709 0.151091826
173383.363629951 22.724322911 -60.110767289 -6.918380417 -0.425973104 -0.233966312 0.860176496 0.154606195
173383.396963900 22.884812632 -60.733488757 -7.037150848 -0.454472211 -0.230684240 0.845251755 0.160590355
173383.430297849 23.047128031 -61.357664526 -7.159793024 -0.490005660 -0.218798662 0.826700332 0.169080336
173383.463631798 23.211925720 -61.983555897 -7.286442637 -0.535619872 -0.199704765 0.800553556 0.179842605
173383.496965747 23.380268892 -62.611493864 -7.416257276 -0.588130734 -0.173228772 0.765494052 0.195225225
173383.530299697 23.552381071 -63.242486363 -7.547876356 -0.641573820 -0.146036252 0.721924733 0.214198801
173383.563633646 23.727730702 -63.877647658 -7.679170857 -0.689344570 -0.126628686 0.673327646 0.235370179
173383.596967595 23.905482389 -64.517888434 -7.807946609 -0.725420728 -0.117340411 0.627440308 0.257516321
173383.630301544 24.083266918 -65.164221855 -7.933546491 -0.748355463 -0.119014972 0.592303268 0.273818145
173383.663635494 24.260453632 -65.815330768 -8.056183710 -0.761289134 -0.127116741 0.567241046 0.287259088
173383.696969443 24.438817906 -66.470409830 -8.176606649 -0.770076632 -0.134247803 0.546141165 0.301146701
173383.730303392 24.618382900 -67.129113058 -8.294574438 -0.776471947 -0.138600251 0.527650792 0.315382192
173383.763637341 24.799069719 -67.792354322 -8.410467464 -0.782340186 -0.130286253 0.513445949 0.327631780
173383.796971290 24.979556667 -68.462621757 -8.522965081 -0.783248554 -0.120559951 0.511414092 0.332329094
173383.830305240 25.157674171 -69.139388526 -8.632348347 -0.774993609 -0.115036946 0.525132886 0.332245179
173383.863639189 25.332682963 -69.822395582 -8.739326123 -0.756884713 -0.110270008 0.553710966 0.329196329
173383.896973138 25.506552320 -70.512064139 -8.843837914 -0.731826332 -0.105148833 0.590041440 0.324384097
173383.930307087 25.680959767 -71.208130155 -8.945827544 -0.703581902 -0.095610353 0.629031417 0.316465865
173383.963641036 25.856929671 -71.911367024 -9.045543495 -0.675896328 -0.086749775 0.666586865 0.302159859
173383.996974986 26.034417070 -72.622314251 -9.142775091 -0.648208915 -0.079754222 0.702255639 0.283375167
173384.030308935 26.213575640 -73.340989619 -9.237552390 -0.616850130 -0.075932469 0.738202027 0.262274560
173384.063642884 26.743943551 -73.892819680 -9.360831822 -0.581681716 -0.081284426 0.774406364 0.235231816
173384.096976833 26.930933763 -74.627643144 -9.454536493 -0.541557582 -0.095133400 0.808239469 0.210746250
173384.130310783 27.119607677 -75.367990798 -9.549714224 -0.498724485 -0.115867488 0.838951103 0.184417081
173384.163644732 27.310753222 -76.114967534 -9.647817870 -0.453443830 -0.137792000 0.866106108 0.158941079
173384.196978681 27.504171148 -76.868228615 -9.750230531 -0.406932575 -0.159054936 0.889290862 0.135163493
173384.230312630 27.699288962 -77.627051270 -9.857868553 -0.361375992 -0.176080965 0.908795290 0.111776597
173384.263646579 27.895126205 -78.390667264 -9.970898269 -0.319971867 -0.188927007 0.924125304 0.088977599
173384.296980529 28.091002872 -79.159330330 -10.089644255 -0.283670962 -0.204130369 0.934607521 0.066108690
173384.330314478 28.286805603 -79.932446771 -10.214348144 -0.250765927 -0.223575115 0.940687019 0.047313317
173384.363648427 28.481975544 -80.709363248 -10.345149506 -0.228610885 -0.241996373 0.942511182 0.029111685
173384.396982376 28.676332262 -81.489474697 -10.479704518 -0.218686500 -0.251112193 0.942870490 0.010682735
173384.430316325 28.507576954 -81.962276784 -10.470921643 0.214852809 0.259093279 -0.941642599 0.004261270
173384.463650275 28.494510416 -83.008143458 -10.629261881 0.212868184 0.268632652 -0.939327278 0.013707614
173384.496984224 28.515779263 -84.028137491 -10.797228411 0.218690226 0.276027056 -0.935647008 0.023416361
173384.530318173 28.760431934 -84.755034991 -10.930618496 0.228014067 0.282152606 -0.931203215 0.035497387
173384.563652122 28.912550261 -85.627025420 -11.093154717 0.242219008 0.284370963 -0.926538587 0.044602171
173384.596986072 29.098333617 -86.429895147 -11.249166125 0.267448886 0.284888516 -0.919170842 0.049341558
173384.630320021 29.282890828 -87.235004406 -11.410320097 0.306313923 0.287884026 -0.906150147 0.046759810
173384.663653970 29.467534652 -88.042140018 -11.576511230 0.356705774 0.290890610 -0.886930544 0.038702112
173384.696987919 29.653413424 -88.850897132 -11.746956329 0.412717327 0.293031119 -0.862046579 0.025939664
173384.730321868 29.840950097 -89.662073049 -11.921012757 0.472371037 0.298431503 -0.829279277 0.010006091
173384.763655818 30.030328890 -90.477350486 -12.097786485 -0.532698271 -0.306704667 0.788770349 0.002477063
173384.796989767 30.222673653 -91.297383340 -12.275980910 -0.588253054 -0.313253878 0.745486473 0.008959373
173384.830323716 30.417486455 -92.122623869 -12.453574895 -0.636697905 -0.321621544 0.700687394 0.014578606
173384.863657665 30.613442744 -92.953864952 -12.629055511 -0.673175668 -0.330360330 0.661358739 0.017354869
173384.896991614 30.810435814 -93.791487980 -12.802156286 -0.699278430 -0.338096726 0.629641637 0.015864776
173384.930325564 31.008208609 -94.635077614 -12.971709648 -0.717133760 -0.342645110 0.606722389 0.014192974
173384.963659513 31.205728441 -95.484579096 -13.137028676 -0.724508016 -0.342307055 0.598094936 0.014016488
173384.996993462 31.402040470 -96.339717323 -13.298712657 -0.721937205 -0.338611947 0.603275246 0.014408287
173385.030327411 31.597257908 -97.199588629 -13.457370889 -0.710824429 -0.332268830 0.619741713 0.015692832
173385.063661361 31.791911900 -98.062796288 -13.613566210 -0.693579097 -0.324124755 0.643042945 0.019671068
173385.096995310 31.987016755 -98.928073977 -13.768127578 -0.673656941 -0.313579022 0.668658480 0.027392681
173385.130329259 32.183537305 -99.795063092 -13.921762639 -0.653485586 -0.299586514 0.694007680 0.039469596
173385.163663208 32.382206555 -100.663630761 -14.075563158 -0.635464463 -0.281467334 0.716949041 0.054269036
173385.196997157 32.583153060 -101.533780927 -14.229735180 -0.619024686 -0.259959291 0.737392772 0.074037195
173385.230331107 32.786649900 -102.406214055 -14.384413659 -0.603545388 -0.238220768 0.754537236 0.098272019
173385.263665056 32.992712608 -103.281604716 -14.540060542 -0.590604632 -0.215394469 0.767380744 0.126167294
173385.296999005 33.201486150 -104.161209385 -14.696835525 -0.578760496 -0.194951944 0.776621395 0.154561433
173385.330332954 34.302149631 -105.364080332 -15.074385913 -0.566001236 -0.182681854 0.783601767 0.179550029
173385.363666903 34.522163854 -106.254983513 -15.234925983 -0.553302911 -0.167438758 0.789693903 0.205435367
173385.397000853 34.743925089 -107.154783675 -15.397335532 -0.538239838 -0.155778636 0.796141686 0.228449797
173385.430334802 34.967300650 -108.060299926 -15.561729678 -0.523634934 -0.144804943 0.801320429 0.250446709
173385.463668751 35.192544843 -108.971426029 -15.728400495 -0.510960675 -0.133552436 0.804309851 0.272339125
173385.497002700 35.419063381 -109.888143470 -15.897551015 -0.500502779 -0.121686598 0.805462954 0.293119037
173385.530336650 35.646771122 -110.810187345 -16.069109219 -0.492652967 -0.108452043 0.804726896 0.312962986
173385.563670599 35.875670163 -111.737613004 -16.242972645 -0.486501851 -0.093674868 0.802336651 0.332861633
173385.597004548 36.105825414 -112.670855135 -16.419509429 -0.481539873 -0.078440967 0.799118235 0.351249786
173385.630338497 36.337567853 -113.610133696 -16.598592762 -0.476531174 -0.060818309 0.795286891 0.369780928
173385.663672446 36.569707817 -114.555488842 -16.780190135 -0.471452589 -0.042745647 0.791709288 0.386136852
173385.697006396 36.802265098 -115.507047189 -16.963956495 -0.465285587 -0.025756198 0.789456424 0.399505313
173385.730340345 37.036051836 -116.464582912 -17.149579857 -0.458510126 -0.009097121 0.787283384 0.412153589
173385.763674294 37.271287495 -117.427706323 -17.337040528 -0.452686056 0.007601243 0.783521678 0.425571774
173385.797008243 37.508187257 -118.396522394 -17.526303771 -0.448959180 0.024300123 0.777353941 0.439961372
173385.830342192 37.746838665 -119.371179441 -17.717322807 -0.446588751 0.040450086 0.768884590 0.455783683
173385.863676142 37.986833124 -120.352025036 -17.910229611 -0.443983011 0.056549395 0.759762607 0.471637608
173385.897010091 38.227906426 -121.339469365 -18.105000867 -0.438948110 0.072849767 0.751690352 0.486804974
173385.930344040 38.470074545 -122.333728457 -18.301836641 -0.430682400 0.089981778 0.745120652 0.501209700
173385.963677989 38.713268575 -123.334764189 -18.500782893 -0.417878888 0.108045128 0.740257161 0.515483095
173385.997011939 38.957589121 -124.342492720 -18.701917157 -0.400304933 0.126668423 0.736808811 0.529928153
173386.030345888 39.203566529 -125.356876952 -18.905624844 -0.378816298 0.146465452 0.733189464 0.545416624
173386.063679837 39.451509267 -126.377886424 -19.112428447 -0.355318074 0.168531365 0.727686208 0.561977782
173386.097013786 39.701165512 -127.405518877 -19.322463546 -0.332600004 0.193973423 0.719435112 0.578069779
173386.130347735 39.952424096 -128.440102802 -19.535825010 -0.310315598 0.221891954 0.709202180 0.592874742
173386.163681685 40.205650207 -129.482439320 -19.752605247 -0.287942185 0.251808586 0.696720577 0.606846086
173386.197015634 40.460438050 -130.531938769 -19.971762902 -0.265921625 0.281196875 0.681778651 0.620799386
173386.230349583 40.716169081 -131.588071897 -20.192616949 -0.244656824 0.307241036 0.666332884 0.633834736
173386.263683532 40.972794752 -132.650970729 -20.415397393 -0.224748523 0.330241498 0.650788426 0.645680322
173386.297017481 41.230588513 -133.720900521 -20.640197546 -0.205373678 0.350430592 0.634725704 0.657376097
173386.330351431 41.489461928 -134.797747362 -20.866797740 -0.186784024 0.367953020 0.617240690 0.669877775
173386.363685380 41.748971793 -135.881117123 -21.095527607 -0.168500821 0.384547478 0.598612723 0.682197565
173386.397019329 42.008930301 -136.970957791 -21.326276779 -0.150019716 0.400373819 0.578909780 0.694304225
173386.430353278 42.268899776 -138.067065999 -21.558949705 -0.131973791 0.414854723 0.559384111 0.705384926
173386.463687228 42.528437249 -139.169608670 -21.793782319 -0.114334977 0.429243186 0.540416654 0.714582144
173386.497021177 42.787432483 -140.278442482 -22.030696294 -0.096991878 0.443730184 0.521204165 0.722524960
173386.530355126 43.045906523 -141.393150850 -22.269203675 -0.079868902 0.457484995 0.501916391 0.729663192
173386.563689075 43.303965764 -142.513213664 -22.509028378 -0.063349279 0.470451653 0.482548535 0.736076778
173386.597023024 43.561187419 -143.639256938 -22.750946618 -0.046455493 0.482300460 0.463305956 0.742007914
173386.630356974 43.817822813 -144.771197459 -22.994941124 -0.029730678 0.494261287 0.442864447 0.747457657
173386.663690923 44.074070816 -145.908323660 -23.240648712 -0.013757404 0.506001382 0.422325705 0.751940380
173386.697024872 44.329409065 -147.050600254 -23.488000035 0.000889228 0.518105488 0.403182237 0.754327513
173386.730358821 44.583766697 -148.197703350 -23.736721512 0.013811818 0.530141863 0.386646568 0.754495375
173386.763692770 44.837475966 -149.349345674 -23.986049121 0.025508632 0.539676425 0.373172520 0.754215444
173386.797026720 45.090421532 -150.505735479 -24.235530268 0.035914405 0.546089546 0.361510738 0.754855185
173386.830360669 45.342266053 -151.667074258 -24.485262111 0.044862641 0.550089163 0.350647937 0.756594529
173386.863694618 45.592892235 -152.833096827 -24.735408467 0.051787841 0.552958951 0.340332108 0.758767734
173386.897028567 45.842363915 -154.002902087 -24.986144012 0.056299805 0.555414694 0.332472389 0.760136146
173386.930362517 46.090797325 -155.176109177 -25.237430336 0.058731499 0.557120541 0.327774357 0.760743902
173386.963696466 46.338332649 -156.352531675 -25.489107383 0.058836818 0.557340349 0.326436973 0.761149701
173386.997030415 46.584959897 -157.532112164 -25.741052359 0.056353205 0.555787517 0.328752132 0.761476584
173387.030364364 46.830470034 -158.715134904 -25.993414709 0.050944960 0.553185452 0.333852203 0.761533435
173387.063698313 47.074839486 -159.901673219 -26.246167423 0.043174309 0.549038948 0.342234863 0.761293315
173387.097032263 47.318202491 -161.091732440 -26.499261030 0.033476096 0.543016146 0.353698690 0.760861389
173387.130366212 47.560721293 -162.285350863 -26.752921235 0.021991014 0.535868681 0.368165886 0.759483399
173387.163700161 47.802618368 -163.482691185 -27.007104921 0.008710596 0.527531046 0.385238579 0.757117136
173387.197034110 48.043950009 -164.684158482 -27.261994493 -0.006349643 0.518222292 0.403761280 0.753911246
173387.230368059 48.284457199 -165.890132653 -27.517700316 -0.023845251 0.507806735 0.423909492 0.749576191
173387.263702009 48.524012557 -167.101148293 -27.774342672 -0.043515637 0.495674992 0.445230809 0.744434160
173387.297035958 48.762656607 -168.317643169 -28.032191332 -0.064374788 0.481816866 0.467060563 0.738622248
173387.330369907 49.000406014 -169.539898628 -28.291370376 -0.085455621 0.465998525 0.489447763 0.732109008
173387.363703856 49.237195116 -170.768216939 -28.552186876 -0.106315798 0.448717643 0.512426506 0.724409073
173387.397037806 49.473159335 -172.002918946 -28.814720985 -0.126892842 0.429999739 0.535701605 0.715557280
173387.430371755 49.708339596 -173.244027447 -29.078756540 -0.147880117 0.409301795 0.559143406 0.705664342
173387.463705704 49.942393912 -174.491410630 -29.344153381 -0.171019756 0.387021365 0.582516478 0.694003789
173387.497039653 50.174952111 -175.745642980 -29.611152618 -0.197333722 0.362599422 0.604644554 0.681165196
173387.530373602 50.406283819 -177.007775586 -29.880671352 -0.224196869 0.337357512 0.623860155 0.668374282
173387.563707552 50.636663029 -178.277078776 -30.152972353 -0.250271356 0.312702512 0.640287392 0.655449039
173387.597041501 50.866250928 -179.553260104 -30.428183545 -0.275156486 0.288642154 0.654495528 0.642347428
173387.630375450 51.095331635 -180.836643736 -30.706656762 -0.298352080 0.265823027 0.667041866 0.628791940
173387.663709399 51.407131254 -181.782859147 -30.906375504 -0.320587123 0.243490044 0.679520229 0.613342280
173387.697043348 51.636383489 -183.079848028 -31.190875526 -0.339146907 0.222931325 0.691100719 0.598047486
173387.730377298 51.865214000 -184.381610401 -31.477858136 -0.355176446 0.204006203 0.702233172 0.582322706
173387.763711247 49.979266360 -189.690947167 -32.501892067 -0.357675174 0.196296254 0.704039955 0.581260692
173387.797045196 50.189209819 -191.006781548 -32.795779448 -0.369951700 0.179527923 0.714120349 0.566513541
173387.830379145 50.940501315 -190.432786868 -32.520576234 -0.387332382 0.159461025 0.726113471 0.545256852
173387.863713095 50.775158133 -192.523709143 -32.965680941 -0.399424977 0.143764029 0.733255825 0.531156744
173387.897047044 50.990873265 -193.870807114 -33.267237214 -0.415562591 0.126741863 0.739752574 0.513819388
173387.930380993 50.834562896 -196.988635742 -34.162254443 -0.431762489 0.110968433 0.742940757 0.499305710
173387.963714942 51.048495477 -198.361765622 -34.473325408 -0.455010377 0.089935877 0.746499534 0.477090705
173387.997048891 51.263096263 -199.741223965 -34.786030181 -0.478496667 0.067718160 0.748541051 0.454028067
173388.030382841 51.478489780 -201.127391345 -35.100094587 -0.499399495 0.045330231 0.749868362 0.431558517
173388.063716790 51.694398997 -202.520114441 -35.415566775 -0.517913130 0.023461224 0.751352283 0.408271121
173388.097050739 51.993792575 -203.880934004 -35.735813297 -0.532989660 0.000679770 0.754284981 0.383374135
173388.130384688 52.211719497 -205.286260795 -36.053490427 -0.544333454 -0.023133128 0.758541443 0.357464443
173388.163718637 52.431301151 -206.698095086 -36.372859037 -0.553587458 -0.047897906 0.763115376 0.330002485
173388.197052587 52.653008157 -208.115796879 -36.694330526 -0.562685816 -0.072775072 0.766384079 0.301237291
173388.230386536 52.877036723 -209.538956378 -37.018004909 -0.572618572 -0.097786053 0.767195149 0.271951214
173388.263720485 53.103398519 -210.967299137 -37.343802181 -0.583777029 -0.122544939 0.764934116 0.243028634
173388.297054434 53.332154108 -212.400754881 -37.671380549 -0.595737081 -0.146837642 0.759834357 0.214913443
173388.330388384 53.563095497 -213.839382488 -38.000156732 -0.606832091 -0.170868607 0.753214575 0.187687335
173388.363722333 53.795657710 -215.283450408 -38.329927271 -0.616113055 -0.194423328 0.746203223 0.160577156
173388.397056282 54.029946131 -216.732943527 -38.660553604 -0.623533236 -0.216808439 0.738995112 0.134486537
173388.430390231 54.265691736 -218.187674971 -38.991919224 -0.629344354 -0.236993370 0.731782385 0.110699444
173388.463724180 54.653620411 -219.550968473 -39.321947535 -0.633690516 -0.255567036 0.724674212 0.089269852
173388.497058130 54.892450120 -221.014990146 -39.654501027 -0.637342928 -0.271439254 0.717617468 0.071693047
173388.530392079 55.238119820 -222.446460664 -39.999060511 -0.640596000 -0.284842329 0.710904824 0.055820645
173388.563726028 55.477936943 -223.919468282 -40.333750994 -0.643403932 -0.294727735 0.705263485 0.042075648
173388.597059977 55.717047337 -225.396726860 -40.669701372 -0.645305689 -0.301440613 0.701260962 0.030776431
173388.630393926 55.955148932 -226.878165405 -41.007027552 -0.646189899 -0.305903450 0.698835804 0.022140747
173388.663727876 56.192406532 -228.363713333 -41.345769228 -0.646915438 -0.308921684 0.696991739 0.016441555
173388.697061825 56.429106824 -229.853400027 -41.685634818 -0.646975437 -0.311196680 0.695969799 0.014333495
173388.730395774 56.665407422 -231.347523217 -42.026500326 -0.645693665 -0.312924749 0.696367940 0.015148755
173388.763729723 56.901576448 -232.846328709 -42.368396691 -0.643907095 -0.313863638 0.697518787 0.018461100
173388.797063673 57.137625601 -234.350155494 -42.711189515 -0.641499442 -0.313713421 0.699644453 0.023664197
173388.830397622 57.373782750 -235.859092581 -43.054922390 -0.639289387 -0.312251586 0.702050822 0.030539652
173388.863731571 57.609994546 -237.373588702 -43.399844896 -0.638548980 -0.308978756 0.703837884 0.037410722
173388.897065520 57.845697708 -238.894183954 -43.745498629 -0.636716467 -0.305541533 0.706656015 0.043287280
173388.930399469 58.080645966 -240.420630298 -44.091741465 -0.633134222 -0.303079943 0.710555957 0.048926848
173388.963733419 58.314658757 -241.952732638 -44.439172312 -0.628496335 -0.302170999 0.714724761 0.053418739
173388.997067368 58.547716055 -243.490184429 -44.788545236 -0.622917826 -0.302427468 0.719300666 0.055835112
173389.030401317 58.779791282 -245.032165550 -45.140783804 -0.616738028 -0.302796688 0.724342288 0.057241780
173389.063735266 59.010550144 -246.578238200 -45.496937907 -0.609985333 -0.302132542 0.730275828 0.057715130
173389.097069215 59.239892959 -248.128326922 -45.858043098 -0.603699715 -0.301187118 0.736008628 0.055895194
173389.130403165 59.468311472 -249.681973257 -46.224698409 -0.599928018 -0.299226586 0.740184878 0.051731712
173389.163737114 59.695740430 -251.238903392 -46.596573376 -0.598809285 -0.298072300 0.741786590 0.048301123
173389.197071063 59.922593771 -252.798507263 -46.973467120 -0.598887405 -0.295372479 0.742775923 0.048712454
173389.230405012 60.149436927 -254.361309945 -47.355748357 -0.601851287 -0.290385693 0.742260821 0.050000522
173389.263738962 60.377201947 -255.927264861 -47.742814522 -0.610108886 -0.284606979 0.737528950 0.053076013
173389.297072911 59.776854629 -258.128780339 -48.192762133 -0.622886938 -0.277507248 0.728764073 0.062486124
173389.330406860 60.000885783 -259.702241497 -48.587389356 -0.636531668 -0.273977489 0.717784231 0.067450496
173389.363740809 60.226242578 -261.283593913 -48.986103433 -0.650033068 -0.270784628 0.706474469 0.070897956
173389.397074758 60.451875791 -262.870062010 -49.386961328 -0.659546437 -0.270615099 0.697336395 0.074080479
173389.430408708 60.677492582 -264.462367697 -49.789542135 -0.662851979 -0.272903736 0.693189235 0.075096535
173389.463742657 60.904065883 -266.060201998 -50.193565380 -0.661218435 -0.275955013 0.693592392 0.074623097
173389.497076606 61.131862137 -267.663245312 -50.600155889 -0.659220494 -0.277925454 0.694838718 0.073382140
173389.530410555 61.361214824 -269.270713760 -51.009360811 -0.661075450 -0.280593456 0.691784410 0.075371684
173389.563744504 61.592456304 -270.882956746 -51.421558145 -0.671271689 -0.279781871 0.681652718 0.080411420
173389.597078454 61.825139061 -272.500704614 -51.835976586 -0.687075494 -0.275097998 0.666741823 0.087770714
173389.630412403 62.058247301 -274.125429164 -52.251381921 -0.701964610 -0.267309381 0.653656644 0.092327533
173389.663746352 62.290798320 -275.757692585 -52.666996141 -0.713119770 -0.256704422 0.645724882 0.092749177
173389.697080301 62.522866497 -277.397149174 -53.082131023 -0.720536099 -0.246911267 0.641109402 0.094028140
173389.730414251 62.754648025 -279.043735570 -53.496676147 -0.726618781 -0.238650142 0.636803896 0.097734617
173389.763748200 62.986377215 -280.697794716 -53.910632917 -0.732641803 -0.230394556 0.631969754 0.103771710
173389.797082149 63.217785687 -282.359558486 -54.323932120 -0.737314032 -0.224560329 0.627457671 0.110623453
173389.830416098 63.448212905 -284.029199924 -54.736337591 -0.739083888 -0.222574861 0.624967807 0.116750498
173389.863750047 63.677718453 -285.706675388 -55.147957876 -0.738334543 -0.224179116 0.624287976 0.121944042
173389.897083997 63.907401285 -287.391831890 -55.559274366 -0.738500810 -0.227384329 0.622036823 0.126424330
173389.930417946 64.137811714 -289.084733342 -55.970104048 -0.741614794 -0.229749980 0.616514437 0.130890769
173389.963751895 64.369122381 -290.786026584 -56.379270560 -0.747118231 -0.231038337 0.608264321 0.135831334
173389.997085844 64.600797371 -292.496909472 -56.785397832 -0.752540367 -0.231541184 0.600589664 0.139153623
173390.030419793 64.831932087 -294.218335478 -57.187218161 -0.754454056 -0.234367048 0.596878589 0.140025402
173390.063753743 65.062424646 -295.950341161 -57.585137344 -0.752975027 -0.238920589 0.597404161 0.138035611
173390.097087692 65.292503709 -297.692294229 -57.980309175 -0.750279779 -0.244143280 0.599455905 0.134636291
173390.130421641 65.560119965 -299.379526638 -58.354626449 -0.747546599 -0.249389459 0.601343327 0.131777020
173390.163755590 65.789046227 -301.139065498 -58.746252043 -0.744438308 -0.253431492 0.603808659 0.130380931
173390.197089540 66.241784415 -301.510630739 -58.591071040 -0.740506312 -0.257742326 0.607645849 0.126435033
173390.230423489 66.470136100 -303.280000504 -58.975330377 -0.734414724 -0.258804496 0.614720168 0.125596023
173390.263757438 66.697997551 -305.058068043 -59.357602978 -0.727046647 -0.257265775 0.624271482 0.124509482
173390.297091387 66.925608346 -306.844441855 -59.737955308 -0.717957081 -0.255561236 0.635637170 0.123253692
173390.330425336 67.153341769 -308.638856855 -60.116730920 -0.706016490 -0.255759570 0.649395425 0.120055571
173390.363759286 67.382168245 -310.440445866 -60.494891389 -0.691555317 -0.257345327 0.665112685 0.114672324
173390.397093235 67.612860966 -312.248275300 -60.873440591 -0.676092255 -0.261485830 0.680288517 0.108314160
173390.430427184 67.845178536 -314.061831227 -61.253956001 -0.659629929 -0.267028094 0.695538436 0.099048663
173390.463761133 68.080006248 -315.879791342 -61.637780725 -0.644539056 -0.272654521 0.708546066 0.090506303
173390.497095082 68.318212959 -317.701108706 -62.025009167 -0.634021660 -0.278108760 0.716329834 0.086854022
173390.530429032 68.277730357 -320.017961283 -62.579665476 -0.627925911 -0.280378119 0.720807151 0.086799842
173390.563762981 68.519626266 -321.853730361 -62.977188212 -0.620933782 -0.283418235 0.726118132 0.082872196
173390.597096930 68.763120992 -323.689329896 -63.377926454 -0.611134554 -0.286154502 0.733711380 0.079358484
173390.630430879 69.246433449 -325.507497468 -63.820148241 -0.599922348 -0.289493445 0.741812731 0.077463502
173390.663764829 69.495524815 -327.348814567 -64.229796322 -0.585925446 -0.295230690 0.750721308 0.077121517
173390.697098778 69.746043099 -329.194558974 -64.646088533 -0.572492636 -0.302169361 0.758338802 0.076603665
173390.730432727 69.594059250 -331.066227292 -64.985682599 -0.561929799 -0.307275308 0.764245597 0.075798763
173390.763766676 69.842246799 -332.917344219 -65.414270648 -0.553104552 -0.313179103 0.768449840 0.074020592
173390.797100625 70.089524509 -334.774797813 -65.849971390 -0.546800101 -0.317991580 0.771104741 0.072721959
173390.830434575 69.795017872 -336.391124980 -66.054303136 -0.543998797 -0.319593672 0.772310341 0.073904874
173390.863768524 70.035579695 -338.250265044 -66.498697291 -0.544777753 -0.319557039 0.771611704 0.075603419
173390.897102473 70.275556381 -340.121060236 -66.949469415 -0.550097129 -0.317802152 0.768383624 0.077340462
173390.930436422 70.514151360 -341.997700575 -67.404339116 -0.558252875 -0.313747002 0.764004347 0.078828320
173390.963770371 70.750239618 -343.881062397 -67.862322631 -0.565187099 -0.308820387 0.760889613 0.078996890
173390.997104321 70.983077768 -345.771366536 -68.322851062 -0.568616705 -0.304082213 0.760299643 0.078444264
173391.030438270 71.213326121 -347.668153582 -68.785784883 -0.570073500 -0.299777022 0.760725974 0.080286577
173391.063772219 71.442341986 -349.571375052 -69.250690724 -0.572215313 -0.296622596 0.759739955 0.085906181
173391.097106168 71.670228247 -351.481807373 -69.717408444 -0.574469641 -0.294905996 0.757934183 0.092470852
173391.130440118 71.897877828 -353.400105083 -70.185836160 -0.577112083 -0.294354449 0.755782558 0.095340585
173391.163774067 72.125790654 -355.326356733 -70.655683477 -0.581028917 -0.294645758 0.753000891 0.092622529
173391.197108016 72.354964966 -357.260056731 -71.125929403 -0.582497315 -0.295516159 0.752012113 0.088571210
173391.230441965 72.586165744 -359.200777801 -71.595870636 -0.582083276 -0.299225513 0.751107664 0.086489470
173391.263775914 72.819572713 -361.148243881 -72.066184782 -0.582192538 -0.302871509 0.749546310 0.086608464
173391.297109864 73.055747832 -363.102324472 -72.537188767 -0.584504592 -0.305529176 0.746377420 0.089033983
173391.330443813 73.294646584 -365.063796566 -73.008822753 -0.591046033 -0.306305601 0.740533708 0.091930912
173391.363777762 73.534801198 -367.033535083 -73.480550169 -0.599619558 -0.304871016 0.733886493 0.094449267
173391.397111711 73.775003227 -369.011975685 -73.951792407 -0.607491017 -0.302504956 0.727991311 0.097334820
173391.430445660 74.015130889 -370.999141813 -74.421574116 -0.613698659 -0.300112814 0.723079459 0.102285629
173391.463779610 74.255112528 -372.994654710 -74.890110944 -0.619056824 -0.296904283 0.718397757 0.111897978
173391.497113559 74.494607626 -374.998392962 -75.359265922 -0.625239164 -0.292063933 0.713737134 0.119807976
173391.530447508 74.733648599 -377.009697102 -75.829569738 -0.630904613 -0.286473257 0.709656412 0.127593963
173391.563781457 74.972317608 -379.028365566 -76.301667446 -0.636238323 -0.282757440 0.705218204 0.133851823
173391.597115407 75.210169281 -381.054383185 -76.776339630 -0.640752099 -0.281342690 0.701561676 0.134514878
173391.630449356 75.448086441 -383.086726185 -77.253340570 -0.641661925 -0.282196676 0.700264061 0.135149009
173391.663783305 75.686159461 -385.124578174 -77.732785532 -0.640331383 -0.287450865 0.698598694 0.138951737
173391.697117254 75.926080790 -387.161292132 -78.216252151 -0.644975439 -0.305017582 0.680158237 0.168391597
173391.730451203 76.168583761 -389.197321991 -78.707657404 -0.662603122 -0.313533286 0.649444410 0.202177990
173391.763785153 76.410785424 -391.236815709 -79.204979200 -0.680072033 -0.319356975 0.619241607 0.228151233
173391.797119102 76.650388116 -393.282195683 -79.706872104 -0.684206292 -0.329517278 0.603734587 0.242455486
173391.830453051 76.886934056 -395.334336326 -80.214142189 -0.678245201 -0.343690155 0.603642780 0.239741358
173391.863787000 77.124321724 -397.391856934 -80.727265627 -0.664800752 -0.361123013 0.610819128 0.233516857
173391.897120949 77.365136327 -399.452588986 -81.248434629 -0.656330545 -0.371737536 0.617709132 0.222433918
173391.930454899 77.610276054 -401.515493424 -81.777393779 -0.657670914 -0.371398082 0.619849252 0.212883393
173391.963788848 77.859123947 -403.581113069 -82.312028610 -0.666416048 -0.362714106 0.617076734 0.208673031
173391.997122797 78.110428339 -405.650899611 -82.849998538 -0.672574342 -0.353560827 0.615162131 0.210271366
173392.030456746 78.363114526 -407.726164532 -83.390556150 -0.670675710 -0.349562794 0.618247749 0.213938465
173392.063790696 78.616923733 -409.807290814 -83.934631848 -0.662801450 -0.349626584 0.626447271 0.214521111
173392.097124645 78.872205942 -411.894196816 -84.483375282 -0.652744383 -0.353203649 0.635691015 0.212294340
173392.130458594 79.128795849 -413.986256242 -85.037174534 -0.643935605 -0.356201252 0.643667653 0.210141755
173392.163792543 79.385960300 -416.083156462 -85.596729917 -0.639385236 -0.357549926 0.648102716 0.208104398
173392.197126492 79.643457256 -418.184773560 -86.161176321 -0.640027071 -0.355321842 0.647693651 0.211198179
173392.230460442 79.900077486 -420.292038299 -86.729663661 -0.646193995 -0.350581106 0.642472995 0.216228260
173392.263794391 80.155763728 -422.406422331 -87.301900947 -0.657027515 -0.340300211 0.636096030 0.218843439
173392.297128340 80.411148315 -424.529316733 -87.875632686 -0.668827392 -0.327237132 0.630147428 0.220227151
173392.330462289 80.666724743 -426.662205916 -88.448855972 -0.678333757 -0.314570774 0.625956837 0.221554915
173392.363796238 80.922685554 -428.806247630 -89.020512687 -0.686011842 -0.302917172 0.623789451 0.220262708
173392.397130188 81.178837513 -430.961657790 -89.589343772 -0.690462412 -0.293578130 0.623601152 0.219533923
173392.430464137 81.435309761 -433.128199402 -90.155689745 -0.693661932 -0.286866914 0.622991163 0.220051148
173392.463798086 81.691748014 -435.305927491 -90.720925672 -0.698886026 -0.280045613 0.620954108 0.218056813
173392.497132035 81.947115821 -437.495141520 -91.285082760 -0.702569729 -0.276428494 0.620729839 0.211370601
173392.530465985 82.201316085 -439.695522550 -91.849044277 -0.701986469 -0.277180356 0.625565902 0.197619204
173392.563799934 82.455574172 -441.905929147 -92.413674743 -0.697147915 -0.281788714 0.633268840 0.183167907
173392.597133883 82.710854316 -444.125241454 -92.980179833 -0.688806838 -0.290228503 0.641921813 0.171023220
173392.630467832 82.967370768 -446.352570673 -93.550277934 -0.678589527 -0.302225609 0.650403048 0.158593221
173392.663801781 84.758549739 -448.269147250 -94.261166508 -0.669935234 -0.317750216 0.656465683 0.138832235
173392.697135731 85.027380582 -450.509433971 -94.843136809 -0.666933105 -0.329997168 0.658219385 0.114233727
173392.730469680 85.298507048 -452.758561245 -95.431388856 -0.668378483 -0.341800927 0.655237612 0.084297102
173392.763803629 85.571695926 -455.014940622 -96.024587370 -0.673341318 -0.352899304 0.647603963 0.051794386
173392.797137578 85.846768952 -457.278869774 -96.621839560 -0.679983180 -0.365516981 0.635403565 0.016808345
173392.830471527 86.123823520 -459.550166517 -97.222593158 0.687813210 0.378386985 -0.619133109 0.020260063
173392.863805477 86.402850333 -461.828507683 -97.826038628 0.696351043 0.392196037 -0.598413700 0.056378509
173392.897139426 86.683695200 -464.113823757 -98.431673201 0.705663089 0.404929282 -0.573932188 0.093132836
173392.930473375 86.965658396 -466.406216129 -99.038499186 0.712149166 0.417747011 -0.549846236 0.126491569
173392.963807324 87.247957867 -468.705423565 -99.645482268 0.713445430 0.432624642 -0.529373047 0.153608966
173392.997141274 87.530755515 -471.011540605 -100.253185532 0.712143536 0.447117274 -0.511324536 0.177439977
173393.030475223 88.458456261 -473.169389120 -100.908741480 0.708517265 0.462054702 -0.494648164 0.199579385
173393.063809172 88.746739899 -475.488790619 -101.520068867 0.703662176 0.475922852 -0.480203177 0.218544936
173393.097143121 91.445875366 -478.535824103 -103.007404543 0.695902888 0.493730230 -0.462817167 0.240312092
173393.130477070 91.750920862 -480.875066786 -103.628576629 0.689419946 0.509352804 -0.444241306 0.260594553
173393.163811020 92.057418448 -483.215564245 -104.251215049 0.682957788 0.525400907 -0.421977192 0.281882593
173393.197144969 92.365637014 -485.561456636 -104.876155752 0.676412128 0.542180563 -0.395949162 0.302871477
173393.230478918 92.675112678 -487.913139608 -105.503273180 0.668982584 0.558483724 -0.368541800 0.323628140
173393.263812867 92.985509990 -490.270728155 -106.132573826 0.661113723 0.573798889 -0.340504140 0.343133227
173393.297146816 93.296630228 -492.634336032 -106.763595999 0.652106739 0.588326628 -0.312018428 0.362316271
173393.330480766 93.608181655 -495.004038128 -107.396555211 0.644041975 0.600182202 -0.284533235 0.379515609
173393.363814715 93.919537465 -497.380146704 -108.031184304 0.635565022 0.610724048 -0.259976711 0.394316307
173393.397148664 94.230579832 -499.762795642 -108.667515047 0.628089586 0.619402729 -0.238096247 0.406391323
173393.430482613 94.541058196 -502.152334600 -109.305719761 0.620853276 0.626343565 -0.220803166 0.416510395
173393.463816563 94.850595789 -504.548825167 -109.945973159 0.614181484 0.632062620 -0.208268778 0.424148636
173393.497150512 95.158981658 -506.952311306 -110.588431385 0.608177349 0.637060129 -0.200505223 0.429036549
173393.530484461 95.466171633 -509.362840984 -111.232974765 0.603154534 0.641228500 -0.197836141 0.431151344
173393.563818410 95.273171034 -512.015999537 -111.918759232 0.600169846 0.644129491 -0.202425301 0.428855865
173393.597152359 95.574166668 -514.444791381 -112.567249454 0.597507786 0.646393403 -0.214328176 0.423347904
173393.630486309 95.872490923 -516.878527858 -113.216191997 0.595328636 0.647083000 -0.233677384 0.415044921
173393.663820258 96.167513050 -519.319356329 -113.865957906 0.592547766 0.647549269 -0.260994891 0.401806863
173393.697154207 96.459178766 -521.766297562 -114.516094719 0.589092861 0.648258807 -0.296447227 0.380590544
173393.730488156 96.748926783 -524.218252954 -115.166760168 0.587170005 0.645962780 -0.334895485 0.354694920
173393.763822105 97.037156244 -526.674441974 -115.818225362 0.587462781 0.639942619 -0.373509167 0.325348778
173393.797156055 97.324249097 -529.134323535 -116.470793134 0.589411515 0.630683629 -0.411059208 0.293023127
173393.830490004 97.610761499 -531.597688971 -117.124271139 0.592136525 0.619427823 -0.445724979 0.258868210
173393.863823953 97.897459372 -534.064938959 -117.779112835 0.596166047 0.605089405 -0.477468938 0.224669243
173393.897157902 98.185188690 -536.536489870 -118.435398590 0.601869948 0.586745787 -0.506639780 0.191828259
173393.930491852 98.474909585 -539.013068031 -119.092620531 0.606531712 0.567168096 -0.533576321 0.160424260
173393.963825801 98.767503476 -541.495994276 -119.751414995 0.608628248 0.546645709 -0.559726172 0.132123947
173393.997159750 99.063534539 -543.985920467 -120.412864923 0.609586982 0.524754745 -0.584252168 0.108099829
173394.030493699 99.363211608 -546.483343067 -121.077443650 0.608474808 0.503405886 -0.607356853 0.086363048
173394.063827648 99.666922534 -548.988309318 -121.745890523 0.607274745 0.482808640 -0.627602667 0.065023793
173394.097161598 99.974956074 -551.500938751 -122.418823872 0.607648354 0.464175667 -0.642973911 0.043462368
173394.130495547 100.287009800 -554.021750330 -123.096813225 0.609202072 0.448265024 -0.653718997 0.024140763
173394.163829496 100.602124170 -556.551569032 -123.780081101 0.610426061 0.437568370 -0.660193413 0.007655215
173394.197163445 100.919108217 -559.091400533 -124.468148828 -0.608088593 -0.435439029 0.663766274 0.005953861
173394.230497394 101.238382426 -561.639673044 -125.160249223 -0.603779138 -0.434756784 0.667889484 0.018998097
173394.263831344 101.560998830 -564.193803056 -125.856850130 -0.601169172 -0.425508294 0.675668390 0.031789062
173394.297165293 101.886311428 -566.753821973 -126.559325507 -0.601642042 -0.406468066 0.686553794 0.038137270
173394.330499242 102.213925646 -569.319963883 -127.266892360 -0.602452464 -0.381678900 0.699877133 0.039296870
173394.363833191 99.245452464 -573.701499521 -128.374725158 -0.604251384 -0.352854855 0.712874781 0.046725396
173394.397167141 102.492506049 -574.508857426 -128.624360002 -0.604377100 -0.330385559 0.723934319 0.038636831
173394.430501090 102.824291667 -577.101610937 -129.342846948 -0.604612207 -0.317069029 0.729325722 0.044668801
173394.463835039 103.158009450 -579.699855439 -130.062158612 -0.606843835 -0.314334438 0.727747967 0.057596158
173394.497168988 103.494162578 -582.304302452 -130.784437741 -0.610277999 -0.310562717 0.725433340 0.069699582
173394.530502937 103.832590211 -584.915623382 -131.510931128 -0.614736486 -0.295517724 0.727371146 0.075495326
173394.563836887 103.800517259 -588.563039644 -132.753225234 -0.618199171 -0.284213831 0.728501740 0.079608411
173394.597170836 104.135211531 -591.195558120 -133.485766853 -0.620024848 -0.283377427 0.727515326 0.077381339
173394.630504785 104.471122304 -593.840202784 -134.220852734 -0.619828781 -0.283186268 0.727630887 0.078556423
173394.663838734 104.808072680 -596.493249632 -134.956943300 -0.616911644 -0.284813812 0.728980005 0.083001618
173394.697172683 105.145443854 -599.154854705 -135.694372208 -0.610811384 -0.288703983 0.732434957 0.084252577
173394.730506633 105.483466140 -601.824691845 -136.434027578 -0.604266319 -0.292289529 0.736840084 0.080596138
173394.763840582 105.821858952 -604.502762088 -137.176046298 -0.596123099 -0.296654249 0.742402582 0.073972386
173394.797174531 106.160983494 -607.189039446 -137.919800754 -0.585030170 -0.301257412 0.749908513 0.067977156
173394.830508480 106.500362362 -609.883440175 -138.666108604 -0.572591913 -0.304322858 0.758563436 0.064090665
173394.863842430 106.839812782 -612.584330123 -139.415314779 -0.559542468 -0.305265059 0.767675254 0.066333817
173394.897176379 107.180453701 -615.291016854 -140.168095426 -0.548413089 -0.308427560 0.773801256 0.073124140
173394.930510328 107.522871161 -618.003961280 -140.925485107 -0.540249740 -0.315030791 0.776417756 0.077854275
173394.963844277 107.866302434 -620.723202232 -141.686454561 -0.529145502 -0.321937492 0.780843146 0.081518522
173394.997178226 108.210563452 -623.448428113 -142.450288198 -0.510508542 -0.331781127 0.788808127 0.084166809
173395.030512176 108.556617563 -626.179031570 -143.218339185 -0.490297207 -0.346821751 0.794993421 0.085491423
173395.063846125 108.905021702 -628.914859925 -143.991836847 -0.478106346 -0.361280045 0.795606399 0.088890439
173395.097180074 109.256403405 -631.656315438 -144.771513155 -0.482617849 -0.367140329 0.789626046 0.093694712
173395.130514023 109.610773572 -634.404901833 -145.556375889 -0.495895362 -0.369270530 0.780194151 0.094995542
173395.163847972 109.967870612 -637.162043161 -146.346415673 -0.509863342 -0.372013713 0.770234928 0.091560499
173395.197181922 110.327387311 -639.928153498 -147.141379881 -0.521400831 -0.374176973 0.762387955 0.083050427
173395.230515871 110.689537249 -642.703419139 -147.941242237 -0.528695873 -0.379338787 0.755566501 0.075511730
173395.263849820 111.053719914 -645.487136800 -148.745282624 -0.538893863 -0.382329158 0.747327429 0.070139387
173395.297183769 111.417763090 -648.279039768 -149.551426235 -0.545023333 -0.381760304 0.743185217 0.069888266
173395.330517719 111.783079306 -651.079785163 -150.360797272 -0.547507895 -0.383742556 0.740218940 0.071082187
173395.363851668 112.151077516 -653.889967103 -151.174356883 -0.550696372 -0.388333489 0.735355165 0.071995752
173395.397185617 112.521667126 -656.709590823 -151.991472499 -0.551862638 -0.393439470 0.731808933 0.071475149
173395.430519566 112.894297585 -659.538333189 -152.811822874 -0.547675950 -0.398304949 0.732720439 0.067267959
173395.463853515 113.269023329 -662.375260900 -153.635491993 -0.539153083 -0.401911029 0.737476427 0.062529971
173395.497187465 113.646275565 -665.219287382 -154.462757673 -0.528850476 -0.405674802 0.743119205 0.059320965
173395.530521414 114.026365002 -668.069314748 -155.294005470 -0.520789466 -0.409072287 0.746975847 0.058866631
173395.563855363 114.409130402 -670.925082689 -156.129125332 -0.518708661 -0.411671463 0.746928159 0.059718140
173395.597189312 114.794103393 -673.787298765 -156.967413180 -0.520302825 -0.413269070 0.744822429 0.061099872
173395.630523261 115.180557312 -676.655881444 -157.808168127 -0.521863593 -0.415705537 0.742245510 0.062601114
173395.663857211 115.568452913 -679.530958709 -158.650881595 -0.522109246 -0.418688044 0.740273988 0.064005314
173395.697191160 115.957718782 -682.412926400 -159.495656947 -0.523151939 -0.420519356 0.738642707 0.062309485
173395.730525109 116.293222718 -685.306519823 -160.335319215 -0.523437520 -0.422187521 0.737637011 0.060518589
173395.763859058 116.684617724 -688.201412859 -161.182763529 -0.523996540 -0.423556043 0.736615521 0.058527600
173395.797193008 117.076891903 -691.102573364 -162.031446783 -0.526823135 -0.422625884 0.735310925 0.056236909
173395.830526957 117.469719028 -694.009837149 -162.880983708 -0.531344702 -0.419862197 0.733816630 0.053867405
173395.863860906 117.863126066 -696.923078338 -163.731616868 -0.538333746 -0.415696875 0.731263248 0.051448488
173395.897194855 118.256855157 -699.842206204 -164.583029110 -0.547401732 -0.409951331 0.727875199 0.049889319
173395.930528804 118.650748040 -702.767560998 -165.435040842 -0.556101788 -0.403415753 0.724990322 0.048944506
173395.963862754 119.044682497 -705.699189452 -166.287724987 -0.563000002 -0.396544659 0.723531349 0.047809186
173395.997196703 119.438584356 -708.637091047 -167.141209586 -0.567869904 -0.390272257 0.723252543 0.046011914
173396.030530652 119.832573229 -711.581358459 -167.995860653 -0.571552414 -0.384425458 0.723642735 0.043429218
173396.063864601 120.226761665 -714.531978668 -168.851797978 -0.574704799 -0.378982652 0.724157472 0.041018272
173396.097198550 120.621411103 -717.489056748 -169.709156503 -0.576522632 -0.374630353 0.725075910 0.039225991
173396.130532500 121.016709814 -720.452498774 -170.568186892 -0.577193445 -0.371804287 0.726070422 0.037829108
173396.163866449 121.412887410 -723.422123911 -171.429057636 -0.577413516 -0.369847901 0.726916027 0.037406576
173396.197200398 121.810237662 -726.397927494 -172.291998600 -0.578503394 -0.368389332 0.726733535 0.038490157
173396.230534347 122.209147420 -729.380012955 -173.157098757 -0.580044510 -0.366754632 0.726142104 0.041917206
173396.263868297 122.609750869 -732.368709203 -174.024458468 -0.580692956 -0.365794136 0.725796604 0.047006718
173396.297202246 123.012084479 -735.364430442 -174.894094725 -0.579852618 -0.365363114 0.726267209 0.053072382
173396.330536195 123.416317887 -738.367360327 -175.766194273 -0.577650745 -0.364894827 0.727762775 0.059436736
173396.363870144 123.822572978 -741.377507917 -176.640948117 -0.575042898 -0.364853819 0.729234690 0.066514075
173396.397204093 124.230935537 -744.395021801 -177.518674573 -0.572746824 -0.364591382 0.730442966 0.074076133
173396.430538043 124.641578441 -747.420153377 -178.399607387 -0.570249064 -0.363686545 0.732058562 0.081476152
173396.463871992 127.077726359 -750.382416290 -179.577652271 -0.566296015 -0.364572833 0.734084813 0.086688870
173396.497205941 127.502693230 -753.423771795 -180.466063733 -0.560718693 -0.364025712 0.737491025 0.095847876
173396.530539890 127.930553744 -756.473264744 -181.357840301 -0.553460932 -0.364634486 0.741255816 0.106124943
173396.563873840 128.361541520 -759.531765117 -182.253818804 -0.546195785 -0.365857613 0.744361129 0.117238564
173396.597207789 128.795913469 -762.599279190 -183.154335545 -0.540167354 -0.367845651 0.745850804 0.128900679
173396.630541738 129.233866948 -765.675630204 -184.059774164 -0.536173456 -0.369668981 0.745643511 0.140991577
173396.663875687 129.675173554 -768.761164150 -184.971152794 -0.534404585 -0.370701561 0.744339770 0.151493889
173396.697209636 130.119755402 -771.856215483 -185.887940619 -0.532107920 -0.372227901 0.743306889 0.160631320
173396.730543586 130.567323725 -774.961361873 -186.809789109 -0.527409580 -0.374263004 0.744465543 0.165943947
173396.763877535 131.017848014 -778.076613005 -187.736828153 -0.520063319 -0.375312396 0.749064788 0.166062318
173396.797211484 131.470822670 -781.201176511 -188.669062417 -0.514455058 -0.376276527 0.753186106 0.162673473
173396.830545433 131.925961715 -784.334602890 -189.606437659 -0.508078711 -0.375334890 0.759010128 0.157744632
173396.863879382 132.382835856 -787.476590656 -190.549044436 -0.497330875 -0.373317091 0.767832326 0.154045024
173396.897213332 132.841394140 -790.626805323 -191.496937362 -0.485156025 -0.371350327 0.776989824 0.151688428
