# timestamp tx ty tz qx qy qz qw
102.533333333 -0.251595307 -0.110949449 0.061047366 0.030994390 -0.022495662 -0.998433785 0.040783205
102.566666666 -0.260636130 -0.125655227 0.064990880 0.031009221 -0.021264969 -0.998446692 0.041114871
102.600000000 -0.273246161 -0.127990420 0.069095588 0.033215365 -0.023143761 -0.998264204 0.042774818
102.633333333 -0.287314535 -0.135274306 0.072615626 0.035235502 -0.024288401 -0.998068204 0.045037689
102.666666666 -0.301206661 -0.142566366 0.076075793 0.037242495 -0.025400898 -0.997863936 0.047279547
102.700000000 -0.314939249 -0.149876137 0.079483798 0.039238722 -0.026482915 -0.997651342 0.049505338
102.733333333 -0.328506387 -0.157204611 0.082835301 0.041222037 -0.027533665 -0.997430788 0.051715224
102.766666666 -0.341901170 -0.164554269 0.086126461 0.043193403 -0.028553190 -0.997202620 0.053907141
102.800000000 -0.373509816 -0.167692728 0.087279713 0.050246154 -0.031915884 -0.996586374 0.057204014
102.833333333 -0.388339603 -0.174478707 0.090349139 0.052325802 -0.032966855 -0.996316809 0.059397074
102.866666666 -0.403164051 -0.181266213 0.093361525 0.054397547 -0.033987752 -0.996038916 0.061580989
102.900000000 -0.417913660 -0.188027817 0.096309757 0.056453513 -0.034976444 -0.995753748 0.063750474
102.933333333 -0.432588646 -0.194762179 0.099188434 0.058489685 -0.035929217 -0.995462273 0.065900767
102.966666666 -0.445240363 -0.194407986 0.101219437 0.059745048 -0.036635704 -0.995126197 0.069370068
103.000000000 -0.437887031 -0.200117982 0.100554354 0.059086141 -0.037425614 -0.994941710 0.072105092
103.033333333 -0.447175479 -0.207114733 0.095700916 0.061649006 -0.037408890 -0.994562951 0.075129965
103.066666666 -0.459648258 -0.212185414 0.097363719 0.063743388 -0.038436954 -0.994211287 0.077480949
103.100000000 -0.470036327 -0.217342527 0.098852064 0.065284377 -0.039340313 -0.993913604 0.079536389
103.133333333 -0.478272180 -0.221574899 0.100741488 0.066551091 -0.040190136 -0.993609038 0.081833880
103.166666666 -0.487381544 -0.226608542 0.101803309 0.067955970 -0.040954749 -0.993274782 0.084320238
103.200000000 -0.495837408 -0.232395214 0.106163073 0.069025440 -0.041588130 -0.992985589 0.086518990
103.233333333 -0.506706900 -0.236794241 0.106659450 0.070778330 -0.042357406 -0.992631220 0.088766773
103.266666666 -0.517392752 -0.240511314 0.109943758 0.072416024 -0.043221944 -0.992296629 0.090747910
103.300000000 -0.529228713 -0.246307389 0.111668247 0.074243362 -0.043732817 -0.991962798 0.092656196
103.333333333 -0.543225903 -0.251257080 0.113341034 0.076327479 -0.044395309 -0.991601225 0.094499647
103.366666666 -0.554957492 -0.257286953 0.116970836 0.078236687 -0.044850602 -0.991228337 0.096611743
103.400000000 -0.567450316 -0.264575984 0.119107739 0.080294590 -0.045074832 -0.990850454 0.098673282
103.433333333 -0.579313191 -0.270200293 0.121928502 0.082085815 -0.045480960 -0.990491817 0.100595037
103.466666666 -0.589956057 -0.274406650 0.125793126 0.083785394 -0.046009402 -0.990116692 0.102625921
103.500000000 -0.599917455 -0.279992680 0.128794449 0.085353804 -0.046247594 -0.989774665 0.104508373
103.533333333 -0.610867408 -0.285839208 0.130659865 0.087099375 -0.046430812 -0.989416470 0.106362248
103.566666666 -0.618086351 -0.290133572 0.132499153 0.088226201 -0.046706965 -0.989086090 0.108366523
103.600000000 -0.626074775 -0.295663109 0.132579879 0.089449179 -0.046752216 -0.988777374 0.110147081
103.633333333 -0.632303094 -0.299774269 0.134147502 0.090472095 -0.046946264 -0.988457046 0.112087095
103.666666666 -0.640480218 -0.306015058 0.134432366 0.091624962 -0.046853380 -0.988175400 0.113661808
103.700000000 -0.648795351 -0.311103986 0.136795406 0.092835339 -0.046930396 -0.987846606 0.115491213
103.733333333 -0.656010534 -0.316234826 0.137926802 0.093924498 -0.046902625 -0.987533153 0.117288547
103.766666666 -0.663614462 -0.320493735 0.140003695 0.095049095 -0.046965446 -0.987206674 0.119091977
103.800000000 -0.667981402 -0.325071103 0.143396047 0.095734266 -0.046860594 -0.986912711 0.121005523
103.833333333 -0.674494873 -0.327897695 0.148816193 0.096567456 -0.047091263 -0.986610171 0.122709047
103.866666666 -0.680172562 -0.331175141 0.151014165 0.097445398 -0.047105342 -0.986313930 0.124379712
103.900000000 -0.686050594 -0.334973553 0.152647404 0.098379450 -0.047001976 -0.986013650 0.126053087
103.933333333 -0.690053390 -0.338534423 0.154303193 0.099144918 -0.046815134 -0.985725921 0.127761644
103.966666666 -0.693593785 -0.341606059 0.155933186 0.099796256 -0.046622861 -0.985454651 0.129406903
104.000000000 -0.697881236 -0.346193567 0.156811263 0.100531096 -0.046275538 -0.985179184 0.131049795
104.033333333 -0.702223416 -0.350126746 0.157893642 0.101253030 -0.045974456 -0.984893743 0.132734656
104.066666666 -0.705785288 -0.354730662 0.157579648 0.101907586 -0.045493196 -0.984634321 0.134314807
104.099999999 -0.709165750 -0.358772893 0.157529836 0.102535613 -0.045039371 -0.984384422 0.135813154
104.133333333 -0.712467552 -0.362113532 0.158122720 0.103153004 -0.044637466 -0.984121553 0.137374391
104.166666666 -0.713541058 -0.367462599 0.156230704 0.103608130 -0.043964601 -0.983878797 0.138978348
104.200000000 -0.715700735 -0.371024362 0.156080417 0.104115073 -0.043453885 -0.983616434 0.140607692
104.233333333 -0.717338046 -0.375986183 0.154257964 0.104560221 -0.042707908 -0.983377904 0.142165723
104.266666666 -0.718720551 -0.379685816 0.154214066 0.104939656 -0.042172037 -0.983137210 0.143702518
104.300000000 -0.720830585 -0.383646053 0.153264543 0.105337077 -0.041502627 -0.982912749 0.145134970
104.333333333 -0.720647343 -0.386307789 0.152403189 0.105591181 -0.040877991 -0.982684814 0.146663043
104.366666666 -0.721613091 -0.390074880 0.151115314 0.105864377 -0.040146659 -0.982467548 0.148116497
104.400000000 -0.722376178 -0.393029793 0.149685330 0.106106804 -0.039428923 -0.982268069 0.149452826
104.433333333 -0.723070133 -0.396118115 0.147908526 0.106302063 -0.038658799 -0.982085651 0.150708801
104.466666666 -0.723271148 -0.398724427 0.145969618 0.106502296 -0.037879790 -0.981890288 0.152032382
104.500000000 -0.722048488 -0.401075605 0.144088620 0.106493430 -0.037062019 -0.981723202 0.153313768
104.533333333 -0.721451225 -0.403798875 0.141625776 0.106527319 -0.036202500 -0.981557870 0.154549208
104.566666666 -0.720637176 -0.406231064 0.139763857 0.106510357 -0.035393965 -0.981402360 0.155731239
104.600000000 -0.719665816 -0.408755427 0.137296143 0.106449624 -0.034473586 -0.981249765 0.156936128
104.633333333 -0.718244009 -0.410719549 0.135168039 0.106329690 -0.033583669 -0.981110006 0.158080011
104.666666666 -0.717323117 -0.412479286 0.133011260 0.106223864 -0.032705027 -0.980977946 0.159151319
104.700000000 -0.715342273 -0.413925042 0.131143501 0.106007448 -0.031815721 -0.980846539 0.160281774
104.733333333 -0.714451132 -0.415972701 0.128098332 0.105912979 -0.030831899 -0.980728424 0.161256298
104.766666666 -0.713890426 -0.417588186 0.125578263 0.105750046 -0.029871064 -0.980611825 0.162250103
104.800000000 -0.712798884 -0.419243428 0.122846656 0.105509028 -0.028869567 -0.980518281 0.163151140
104.833333333 -0.710794726 -0.420424385 0.120069132 0.105227827 -0.027880610 -0.980424507 0.164065727
104.866666666 -0.708725486 -0.422181736 0.117168533 0.104895148 -0.026825488 -0.980337478 0.164972210
104.900000000 -0.706740798 -0.423141371 0.114549857 0.104511217 -0.025804759 -0.980268918 0.165784101
104.933333333 -0.704853364 -0.424372657 0.111565617 0.104153407 -0.024733504 -0.980190539 0.166633817
104.966666666 -0.703248173 -0.425754785 0.108575322 0.103770701 -0.023663897 -0.980125974 0.167405907
105.000000000 -0.700920197 -0.427103972 0.105255650 0.103294239 -0.022546604 -0.980085099 0.168092684
105.033333333 -0.698465860 -0.428410313 0.101984204 0.102826217 -0.021434303 -0.980030924 0.168839354
105.066666666 -0.695232328 -0.429703884 0.098697488 0.102250242 -0.020269393 -0.979982858 0.169610254
105.100000000 -0.691774382 -0.430503432 0.095292065 0.101634258 -0.019089650 -0.979959283 0.170252361
105.133333333 -0.687835306 -0.431154376 0.091771253 0.100971341 -0.017913023 -0.979940611 0.170880984
105.166666666 -0.683443823 -0.431843373 0.087897557 0.100229543 -0.016684856 -0.979952573 0.171372718
105.200000000 -0.679759011 -0.433446248 0.083599465 0.099508599 -0.015424502 -0.979966602 0.171830098
105.233333333 -0.675425991 -0.433919706 0.079390000 0.098717265 -0.014164476 -0.979988505 0.172269555
105.266666666 -0.671130872 -0.435033772 0.075422702 0.097925943 -0.012885208 -0.980004207 0.172731687
105.300000000 -0.666650858 -0.435728197 0.071682506 0.097033916 -0.011600450 -0.980042979 0.173105773
105.333333333 -0.662000665 -0.436337372 0.067560067 0.096101853 -0.010319116 -0.980090163 0.173439389
105.366666666 -0.657576938 -0.436959953 0.063029641 0.095137789 -0.008984965 -0.980159733 0.173651861
105.400000000 -0.652703970 -0.438602412 0.057897235 0.094166067 -0.007603501 -0.980229258 0.173854940
105.433333333 -0.647764803 -0.439485551 0.052851534 0.093132286 -0.006232591 -0.980319288 0.173958687
105.466666666 -0.642777183 -0.440009629 0.048237629 0.092070852 -0.004880357 -0.980409604 0.174057891
105.500000000 -0.637240310 -0.440401140 0.043510046 0.090954209 -0.003514093 -0.980510364 0.174110334
105.533333333 -0.630306817 -0.440723346 0.039071864 0.089793188 -0.002144247 -0.980601926 0.174219542
105.566666666 -0.623501745 -0.441523481 0.034171043 0.088652628 -0.000765153 -0.980697002 0.174279996
105.600000000 -0.616133674 -0.442550006 0.029264314 0.087406825 0.000660904 -0.980822997 0.174200625
105.633333333 -0.608714240 -0.444534281 0.023052508 0.086235604 0.002159202 -0.980946216 0.174078371
105.666666666 -0.601981200 -0.446161106 0.017574986 0.085017841 0.003593535 -0.981066303 0.173976900
105.700000000 -0.594923490 -0.447263590 0.012255937 0.083744027 0.005061892 -0.981191343 0.173852994
105.733333333 -0.588127773 -0.448688834 0.006968484 0.082453538 0.006505108 -0.981318633 0.173703308
105.766666666 -0.579993264 -0.450153382 0.001619263 0.081071894 0.008000999 -0.981467296 0.173451086
105.800000000 -0.572789056 -0.450510172 -0.002780778 0.079679479 0.009385793 -0.981620308 0.173160789
105.833333333 -0.564805339 -0.451711453 -0.007743660 0.078244047 0.010843441 -0.981792894 0.172751270
105.866666666 -0.557295568 -0.452778646 -0.012413473 0.076821768 0.012236004 -0.981957606 0.172359962
105.900000000 -0.549495920 -0.453572032 -0.017151156 0.075365700 0.013644993 -0.982133394 0.171894799
105.933333333 -0.540563083 -0.454155784 -0.021683826 0.073828507 0.015061377 -0.982319790 0.171377758
105.966666666 -0.533558470 -0.455171349 -0.026601251 0.072441190 0.016317017 -0.982497949 0.170832693
106.000000000 -0.525347447 -0.455328270 -0.030657058 0.070897151 0.017662658 -0.982686073 0.170263639
106.033333333 -0.516865453 -0.454956462 -0.034409368 0.069252226 0.019014921 -0.982865907 0.169756212
106.066666666 -0.508445980 -0.455011536 -0.038318587 0.067654482 0.020352647 -0.983065233 0.169089882
106.100000000 -0.499262935 -0.455146010 -0.042229379 0.065991713 0.021718316 -0.983277626 0.168340482
106.133333333 -0.490756392 -0.454807075 -0.045559616 0.064292474 0.023034587 -0.983494871 0.167552153
106.166666666 -0.481181804 -0.454219006 -0.048870374 0.062544812 0.024411269 -0.983711891 0.166742773
106.200000000 -0.472941354 -0.453254936 -0.052038772 0.060777540 0.025673366 -0.983907281 0.166052497
106.233333333 -0.463640212 -0.452282420 -0.055337001 0.058961683 0.026979794 -0.984104829 0.165327842
106.266666666 -0.455540673 -0.451452880 -0.058651301 0.057187164 0.028242476 -0.984314194 0.164491817
106.300000000 -0.446410846 -0.450092619 -0.061779086 0.055343305 0.029503371 -0.984523945 0.163643733
106.333333333 -0.436243502 -0.450935340 -0.066000331 0.053534439 0.031170073 -0.984750107 0.162572188
106.366666666 -0.427500068 -0.449400184 -0.068603052 0.051673375 0.032473480 -0.984966796 0.161603668
106.400000000 -0.418973818 -0.448077946 -0.071132272 0.049756092 0.033744955 -0.985191443 0.160572198
106.433333333 -0.411550649 -0.446131790 -0.073158848 0.047823484 0.034949943 -0.985426841 0.159453308
106.466666666 -0.404016291 -0.444985967 -0.075575118 0.045906720 0.036153489 -0.985656356 0.158325763
106.500000000 -0.397121290 -0.443557051 -0.077836629 0.043988673 0.037269046 -0.985884301 0.157188294
106.533333333 -0.391227533 -0.441910663 -0.079761420 0.042048112 0.038355039 -0.986113069 0.156018786
106.566666666 -0.384924815 -0.439793363 -0.081396095 0.040035863 0.039429681 -0.986347063 0.154796324
106.600000000 -0.378340580 -0.437666322 -0.082845520 0.037997012 0.040533900 -0.986575404 0.153564980
106.633333333 -0.370398184 -0.436741393 -0.084967279 0.036002190 0.041649419 -0.986800636 0.152294693
106.666666666 -0.363024116 -0.434919188 -0.086556660 0.033965994 0.042745945 -0.987022114 0.151018021
106.700000000 -0.355503256 -0.433329633 -0.088002371 0.031912456 0.043815276 -0.987245858 0.149691123
106.733333333 -0.347449281 -0.431956216 -0.089437720 0.029881824 0.044811198 -0.987478287 0.148275642
106.766666666 -0.341120547 -0.430753206 -0.091096407 0.027936183 0.045748465 -0.987693131 0.146931705
106.800000000 -0.332618259 -0.430196770 -0.092828209 0.025940210 0.046781042 -0.987928413 0.145382565
106.833333333 -0.323563386 -0.431376873 -0.095382598 0.024132616 0.047788319 -0.988157410 0.143801343
106.866666666 -0.315930922 -0.430347565 -0.096403332 0.022139179 0.048728022 -0.988378014 0.142282599
106.900000000 -0.307768231 -0.428914341 -0.097028392 0.020036550 0.049736799 -0.988604088 0.140665363
106.933333333 -0.300044287 -0.427573612 -0.097838804 0.017995497 0.050646149 -0.988822013 0.139076082
106.966666666 -0.292299573 -0.426084769 -0.098219321 0.015872662 0.051615134 -0.989043002 0.137396788
107.000000000 -0.285173773 -0.424561246 -0.098546151 0.013777510 0.052478100 -0.989257905 0.135738821
107.033333333 -0.278174822 -0.423032416 -0.099016268 0.011767949 0.053198731 -0.989476396 0.134044291
107.066666666 -0.271531239 -0.421356999 -0.099615900 0.009751369 0.053873894 -0.989689378 0.132353499
107.100000000 -0.264000308 -0.419445947 -0.100049902 0.007741358 0.054552232 -0.989906036 0.130576283
107.133333333 -0.256610379 -0.417796596 -0.100926921 0.005824407 0.055145642 -0.990119524 0.128795817
107.166666666 -0.249051212 -0.416004278 -0.101673186 0.003954338 0.055740825 -0.990334875 0.126941556
107.200000000 -0.240542904 -0.413599063 -0.102056504 0.002069205 0.056342444 -0.990550620 0.125022863
107.233333333 -0.232121389 -0.410742917 -0.102131682 0.000137363 0.056921827 -0.990761965 0.123087836
107.266666666 -0.224457104 -0.407905856 -0.102523834 -0.001666703 0.057363254 -0.990973663 0.121152291
107.300000000 -0.215815744 -0.405676462 -0.103033732 -0.003460486 0.057877130 -0.991181591 0.119152494
107.333333333 -0.206441149 -0.402590618 -0.103662564 -0.005204303 0.058337465 -0.991390174 0.117111820
107.366666666 -0.198969667 -0.400703063 -0.103903692 -0.006981704 0.058823998 -0.991584910 0.115110201
107.400000000 -0.190570468 -0.399592461 -0.104763478 -0.008597308 0.059334884 -0.991784961 0.112995796
107.433333333 -0.182260611 -0.398515080 -0.105261017 -0.010226500 0.059918614 -0.991977121 0.110844798
107.466666666 -0.175107154 -0.397097745 -0.105476538 -0.011906060 0.060369255 -0.992165331 0.108727897
107.500000000 -0.168651860 -0.395781801 -0.105618158 -0.013583724 0.060727343 -0.992352927 0.106598970
107.533333333 -0.161580805 -0.394505158 -0.105852162 -0.015293395 0.061066029 -0.992534270 0.104464224
107.566666666 -0.155027681 -0.393003339 -0.105801103 -0.017032360 0.061360897 -0.992711525 0.102316017
107.600000000 -0.148314558 -0.391355683 -0.105837525 -0.018728978 0.061602598 -0.992887977 0.100138958
107.633333333 -0.141719648 -0.389556434 -0.105829970 -0.020431022 0.061779748 -0.993059984 0.097967873
107.666666666 -0.134966551 -0.387334898 -0.105438885 -0.022186180 0.061965341 -0.993227886 0.095741510
107.700000000 -0.128932558 -0.385677959 -0.105241907 -0.023847988 0.062126370 -0.993390445 0.093525462
107.733333333 -0.124849032 -0.383346961 -0.104589094 -0.025534172 0.062147708 -0.993559156 0.091246212
107.766666666 -0.120216817 -0.381019463 -0.103956970 -0.027171165 0.062198864 -0.993723719 0.088916808
107.800000000 -0.116379058 -0.378218528 -0.103316066 -0.028800554 0.062114741 -0.993887281 0.086604622
107.833333333 -0.111580448 -0.375367725 -0.103111741 -0.030279331 0.062025557 -0.994049959 0.084265486
107.866666666 -0.107615570 -0.372576648 -0.102519491 -0.031830601 0.061928186 -0.994205399 0.081898330
107.900000000 -0.102066111 -0.371054522 -0.102201751 -0.033211065 0.062069027 -0.994345133 0.079512370
107.933333333 -0.096577753 -0.368758676 -0.101991740 -0.034528711 0.062093579 -0.994486071 0.077133717
107.966666666 -0.090024727 -0.366727748 -0.102169898 -0.035677664 0.062180130 -0.994622609 0.074743566
108.000000000 -0.085932662 -0.364762625 -0.101544646 -0.037004780 0.062163809 -0.994750546 0.072371669
108.033333333 -0.081818198 -0.361959592 -0.100707710 -0.038401605 0.062044153 -0.994878930 0.069941073
108.066666666 -0.077734828 -0.359011903 -0.099847603 -0.039748690 0.061915488 -0.995004895 0.067466832
108.100000000 -0.074105146 -0.355281092 -0.099119080 -0.041066843 0.061638668 -0.995131807 0.065014429
108.133333333 -0.070160344 -0.351750907 -0.098484243 -0.042331579 0.061401004 -0.995252919 0.062526640
108.166666666 -0.066492483 -0.348504496 -0.097361153 -0.043683801 0.061193738 -0.995363232 0.059992406
108.199999999 -0.062232228 -0.346811128 -0.095998457 -0.044990815 0.061204753 -0.995451630 0.057496589
108.233333333 -0.056216501 -0.345158179 -0.095863446 -0.045843733 0.061349711 -0.995537131 0.055139690
108.266666666 -0.053791277 -0.343216602 -0.094247801 -0.047186754 0.061163387 -0.995622972 0.052605584
108.300000000 -0.051467621 -0.341575457 -0.092503818 -0.048529430 0.060967559 -0.995701336 0.050066965
108.333333333 -0.047051830 -0.340963076 -0.091020664 -0.049675751 0.061004157 -0.995762836 0.047614998
108.366666666 -0.047909139 -0.339954228 -0.089041461 -0.051026495 0.060559865 -0.995839467 0.045083877
108.400000000 -0.047889322 -0.340308941 -0.086892996 -0.052287013 0.060354205 -0.995898913 0.042529913
108.433333333 -0.048838845 -0.340142780 -0.084734596 -0.053550515 0.059987066 -0.995959307 0.039986904
108.466666666 -0.049963176 -0.340211575 -0.082527044 -0.054768756 0.059624955 -0.996014080 0.037432623
108.500000000 -0.052158930 -0.339596758 -0.080255392 -0.056037308 0.059060638 -0.996070427 0.034862094
108.533333333 -0.054734907 -0.339057525 -0.077913882 -0.057284916 0.058465630 -0.996121526 0.032281784
108.566666666 -0.057695125 -0.338601187 -0.075507965 -0.058503748 0.057841807 -0.996167450 0.029699312
108.600000000 -0.061045541 -0.338231427 -0.073042709 -0.059697352 0.057191293 -0.996207906 0.027114405
108.633333333 -0.064788666 -0.337946300 -0.070515410 -0.060864418 0.056512139 -0.996243046 0.024529451
108.666666666 -0.068926530 -0.337746351 -0.067930827 -0.062005443 0.055805471 -0.996272841 0.021943132
108.700000000 -0.073463493 -0.337637558 -0.065290150 -0.063119499 0.055072101 -0.996297232 0.019360227
108.733333333 -0.078401976 -0.337624231 -0.062596223 -0.064206375 0.054312427 -0.996316333 0.016776982
108.766666666 -0.083748342 -0.337705238 -0.059846736 -0.065265365 0.053527851 -0.996330090 0.014196922
108.800000000 -0.089509722 -0.337881868 -0.057051840 -0.066298046 0.052717565 -0.996338517 0.011618423
108.833333333 -0.090526637 -0.336289927 -0.053146709 -0.067473720 0.052047032 -0.996322764 0.008908099
108.866666666 -0.096848667 -0.336615330 -0.050280761 -0.068435546 0.051203131 -0.996320267 0.006382923
108.900000000 -0.103704833 -0.337049686 -0.047318087 -0.069386854 0.050317903 -0.996312712 0.003814919
108.933333333 -0.110984807 -0.337591323 -0.044315240 -0.070308481 0.049410047 -0.996300054 0.001251726
108.966666666 -0.118699686 -0.338243334 -0.041279934 0.071202575 -0.048479604 0.996282198 0.001305314
109.000000000 -0.126852023 -0.339008156 -0.038208643 0.072067550 -0.047528614 0.996259212 0.003857574
109.033333333 -0.135442273 -0.339886507 -0.035103803 0.072903511 -0.046555700 0.996231226 0.006402314
109.066666666 -0.144475496 -0.340879942 -0.031962972 0.073711654 -0.045561208 0.996198187 0.008940957
109.100000000 -0.153955530 -0.341995540 -0.028792596 0.074491434 -0.044545109 0.996160198 0.011472539
109.133333333 -0.163884485 -0.343233916 -0.025598987 0.075240650 -0.043508990 0.996117420 0.013996343
109.166666666 -0.174268289 -0.344600353 -0.022379511 0.075960524 -0.042453754 0.996069761 0.016513924
109.200000000 -0.185110469 -0.346096326 -0.019139771 0.076649414 -0.041380529 0.996017385 0.019023343
109.233333333 -0.196413693 -0.347719295 -0.015884251 0.077309660 -0.040286640 0.995960319 0.021523139
109.266666666 -0.208180678 -0.349475464 -0.012616688 0.077940377 -0.039175752 0.995898565 0.024012611
109.300000000 -0.220413185 -0.351369899 -0.009337926 0.078540135 -0.038051818 0.995832133 0.026492820
109.333333333 -0.233115653 -0.353406604 -0.006048962 0.079110068 -0.036908882 0.995761233 0.028963755
109.366666666 -0.246292506 -0.355592138 -0.002753297 0.079646681 -0.035751839 0.995686082 0.031423545
109.400000000 -0.259944186 -0.357921326 0.000545319 0.080154104 -0.034582196 0.995606390 0.033871934
109.433333333 -0.274073196 -0.360396202 0.003841268 0.080630864 -0.033398595 0.995522374 0.036309797
109.466666666 -0.288683925 -0.363022481 0.007130810 0.081076038 -0.032200457 0.995434200 0.038737055
109.500000000 -0.303772998 -0.365801936 0.010412195 0.081489932 -0.030987438 0.995341955 0.041152920
109.533333333 -0.319342781 -0.368735183 0.013681867 0.081872585 -0.029765431 0.995245632 0.043554908
109.566666666 -0.335398440 -0.371826406 0.016939540 0.082224724 -0.028532460 0.995145256 0.045944680
109.600000000 -0.351937723 -0.375075322 0.020180370 0.082544528 -0.027288616 0.995041036 0.048322552
109.633333333 -0.368961084 -0.378485915 0.023407124 0.082833307 -0.026035265 0.994932926 0.050688069
109.666666666 -0.386470698 -0.382059764 0.026609045 0.083088057 -0.024773310 0.994821352 0.053038995
109.700000000 -0.404471552 -0.385801293 0.029785211 0.083311538 -0.023502382 0.994706060 0.055377609
109.733333333 -0.422963905 -0.389709941 0.032929299 0.083503416 -0.022222947 0.994587174 0.057703318
109.766666666 -0.441944659 -0.393789473 0.036047963 0.083662221 -0.020937071 0.994464992 0.060013763
109.800000000 -0.461423000 -0.398046323 0.039137958 0.083788522 -0.019646445 0.994339414 0.062310760
109.833333333 -0.481397439 -0.402480655 0.042194588 0.083882252 -0.018351838 0.994210734 0.064590978
109.866666666 -0.501870846 -0.407091666 0.045210563 0.083943761 -0.017052459 0.994078763 0.066858596
109.900000000 -0.522843629 -0.411881653 0.048188358 0.083971335 -0.015749782 0.993943834 0.069111600
109.933333333 -0.544314343 -0.416852370 0.051121956 0.083965185 -0.014444003 0.993806098 0.071348844
109.966666666 -0.566285175 -0.422007244 0.054009259 0.083927332 -0.013136374 0.993665496 0.073569836
110.000000000 -0.588758237 -0.427349607 0.056843069 0.083855366 -0.011826568 0.993522142 0.075777056
110.033333333 -0.611736801 -0.432885742 0.059625220 0.083749804 -0.010518151 0.993376249 0.077967730
110.066666666 -0.635211663 -0.438617015 0.062352092 0.083610505 -0.009209405 0.993227993 0.080141276
110.100000000 -0.659185407 -0.444541328 0.065022272 0.083438010 -0.007904366 0.993077415 0.082297428
110.133333333 -0.683660134 -0.450660369 0.067631402 0.083232418 -0.006600255 0.992924355 0.084439487
110.166666666 -0.708634629 -0.456977240 0.070174928 0.082993391 -0.005299721 0.992769303 0.086562817
110.200000000 -0.734109382 -0.463496417 0.072648965 0.082719640 -0.004002516 0.992612304 0.088669355
110.233333333 -0.760079695 -0.470219967 0.075056054 0.082411107 -0.002708976 0.992453354 0.090760185
110.266666666 -0.786543270 -0.477149462 0.077392244 0.082069974 -0.001421966 0.992292507 0.092833603
110.300000000 -0.813499973 -0.484285591 0.079653014 0.081695601 -0.000140796 0.992130025 0.094888470
110.333333333 -0.840950331 -0.491629476 0.081835433 0.081285790 0.001133216 0.991966212 0.096924557
110.366666666 -0.868900247 -0.499185685 0.083936561 0.080842363 0.002399931 0.991801002 0.098942030
110.400000000 -0.897344127 -0.506954750 0.085949688 0.080365607 0.003658144 0.991634449 0.100941103
110.433333333 -0.926282165 -0.514942700 0.087875260 0.079854016 0.004906704 0.991466756 0.102921967
110.466666666 -0.955709772 -0.523150441 0.089716242 0.079309932 0.006144946 0.991297958 0.104883426
110.500000000 -0.985625149 -0.531577050 0.091469066 0.078730716 0.007373330 0.991128382 0.106825271
110.533333333 -1.016026393 -0.540228325 0.093130630 0.078115191 0.008587837 0.990958066 0.108749146
110.566666666 -1.046913746 -0.549103775 0.094695974 0.077467499 0.009791229 0.990787100 0.110651894
110.600000000 -1.078280341 -0.558207450 0.096159135 0.076785377 0.010981861 0.990615577 0.112535252
110.633333333 -1.110123834 -0.567538104 0.097518557 0.076068575 0.012157306 0.990443746 0.114398246
110.666666666 -1.142441229 -0.577096553 0.098779863 0.075319087 0.013317297 0.990271710 0.116239517
110.700000000 -1.175235599 -0.586889084 0.099934418 0.074534900 0.014464467 0.990099469 0.118060873
110.733333333 -1.208505182 -0.596916643 0.100978640 0.073716034 0.015592184 0.989927327 0.119861241
110.766666666 -1.242249322 -0.607176806 0.101912934 0.072863907 0.016704570 0.989755457 0.121638581
110.800000000 -1.276465572 -0.617679701 0.102736967 0.071978831 0.017798289 0.989583852 0.123393957
110.833333333 -1.313250760 -0.620544578 0.108346155 0.071206786 0.019103883 0.989390309 0.125185667
110.866666666 -1.348820819 -0.629399923 0.110239733 0.070289791 0.020210563 0.989214784 0.126905439
110.900000000 -1.384495449 -0.640365580 0.110870429 0.069301583 0.021245932 0.989044791 0.128593552
110.933333333 -1.420652896 -0.651579923 0.111387764 0.068279407 0.022261425 0.988875496 0.130259757
110.966666666 -1.457268730 -0.663040564 0.111784907 0.067225441 0.023257297 0.988706989 0.131902720
111.000000000 -1.494341322 -0.674748400 0.112061284 0.066137858 0.024230732 0.988539710 0.133521147
111.033333333 -1.531863863 -0.686702833 0.112216155 0.065017386 0.025180707 0.988373923 0.135113510
111.066666666 -1.569832301 -0.698903469 0.112245453 0.063863875 0.026107275 0.988209631 0.136680432
111.100000000 -1.608244987 -0.711355129 0.112150371 0.062679137 0.027012885 0.988046360 0.138224526
111.133333333 -1.646638061 -0.723036452 0.113781684 0.061506530 0.027911596 0.987884326 0.139722756
111.166666666 -1.685587012 -0.734443813 0.115766660 0.060307777 0.028797160 0.987723372 0.141195739
111.200000000 -1.725469433 -0.747320403 0.115919259 0.059035791 0.029632746 0.987566090 0.142653053
111.233333333 -1.766001263 -0.760638586 0.115738980 0.057726484 0.030441213 0.987411053 0.144084693
111.266666666 -1.807180568 -0.774272054 0.115445881 0.056384857 0.031224412 0.987258914 0.145484088
111.300000000 -1.848604324 -0.788105627 0.115013259 0.055011109 0.031977300 0.987108990 0.146857322
111.333333333 -1.901317271 -0.771545608 0.134689087 0.054012410 0.033384644 0.986917930 0.148192866
111.366666666 -1.948558800 -0.765713705 0.148100493 0.052854453 0.034478137 0.986728517 0.149614501
111.400000000 -1.993775418 -0.766471935 0.157565476 0.051587253 0.035390568 0.986570556 0.150880085
111.433333333 -2.036697129 -0.777641089 0.159593621 0.050131953 0.036060833 0.986429139 0.152131384
111.466666666 -2.080045473 -0.788505850 0.162025866 0.048658878 0.036709622 0.986291062 0.153344899
111.500000000 -2.123776613 -0.798657535 0.165426797 0.047172879 0.037345059 0.986156795 0.154514862
111.533333333 -2.168168741 -0.808408424 0.169144532 0.045663265 0.037956570 0.986025384 0.155653803
111.566666666 -2.212955587 -0.818449092 0.172723601 0.044121331 0.038533258 0.985897663 0.156761904
111.600000000 -2.258512627 -0.819666146 0.182780452 0.042673789 0.039215761 0.985760464 0.157852400
111.633333333 -2.304060978 -0.826420561 0.189179311 0.041124310 0.039777206 0.985636914 0.158891282
111.666666666 -2.350279639 -0.833552654 0.194947080 0.039532399 0.040300502 0.985516018 0.159910091
111.700000000 -2.400145182 -0.812268141 0.220803728 0.038266631 0.041228193 0.985363754 0.160916664
111.733333333 -2.446173112 -0.820158237 0.225622608 0.036601325 0.041650153 0.985248881 0.161895798
111.766666666 -2.497020671 -0.809975700 0.239677594 0.035071257 0.042319004 0.985105203 0.162932033
111.800000000 -2.546509189 -0.773580406 0.268511257 0.033791690 0.043284788 0.984931429 0.163995818
111.833333333 -2.589636384 -0.754579880 0.289363437 0.032352084 0.043903822 0.984789650 0.164970128
111.866666666 -2.637887464 -0.740349379 0.303446733 0.030756274 0.044448152 0.984648209 0.165970835
111.900000000 -2.682963797 -0.734737699 0.314129604 0.029085061 0.044814352 0.984531868 0.166861419
111.933333333 -2.720891455 -0.721904841 0.327442691 0.027473186 0.045166392 0.984385133 0.167902150
111.966666666 -2.762179931 -0.712211618 0.341909363 0.025841072 0.045473219 0.984271774 0.168740925
112.000000000 -2.807110339 -0.715861437 0.348684492 0.024030158 0.045606780 0.984182644 0.169490695
112.033333333 -2.854669772 -0.720574563 0.353880688 0.022161004 0.045708611 0.984096704 0.170215420
112.066666666 -2.890371965 -0.724725267 0.358383626 0.020322777 0.045688832 0.983990947 0.171059439
112.100000000 -2.927947591 -0.684936808 0.381901669 0.018809090 0.046137765 0.983761843 0.172424362
112.133333333 -2.970354338 -0.682755429 0.389651022 0.017016927 0.046173609 0.983670744 0.173119291
112.166666666 -3.020697003 -0.680304331 0.395112343 0.015092329 0.046216110 0.983573665 0.173836528
112.200000000 -3.069775103 -0.655630101 0.410192737 0.013314495 0.046448184 0.983450372 0.174615737
112.233333333 -3.116773710 -0.653652844 0.417517011 0.011393010 0.046384490 0.983383585 0.175143951
112.266666666 -3.161798789 -0.617450686 0.439520311 0.009682478 0.046616268 0.983250239 0.175932207
112.300000000 -3.205315302 -0.580068045 0.457683669 0.007939799 0.046805440 0.983117190 0.176711068
112.333333333 -3.239157321 -0.527917764 0.481589255 0.006311473 0.047029506 0.982935789 0.177723451
112.366666666 -3.275213811 -0.505315201 0.492396506 0.004482051 0.046937678 0.982834193 0.178363993
112.400000000 -3.313068273 -0.491426967 0.500530323 0.002550767 0.046724612 0.982763378 0.178847552
112.433333333 -3.349506541 -0.468082209 0.510779275 0.000642277 0.046551062 0.982683507 0.179348015
112.466666666 -3.384730349 -0.454363116 0.513496672 -0.001365191 0.046238089 0.982603411 0.179863036
112.500000000 -3.436479883 -0.442675539 0.518204950 -0.003422833 0.045970510 0.982555271 0.180166967
112.533333333 -3.487898089 -0.430178243 0.520988846 -0.005523505 0.045662542 0.982504574 0.180469346
112.566666666 -3.528662665 -0.409203756 0.526912489 -0.007548023 0.045327853 0.982476602 0.180632611
112.600000000 -3.578664480 -0.392729282 0.530353608 -0.009654011 0.044963598 0.982442147 0.180810681
112.633333333 -3.617079028 -0.356547298 0.535041563 -0.011664314 0.044677949 0.982330849 0.181366833
112.666666666 -3.662016191 -0.339575525 0.537360576 -0.013725443 0.044233687 0.982293874 0.181531645
112.700000000 -3.703481788 -0.316222236 0.535730575 -0.015834090 0.043779906 0.982227966 0.181826359
112.733333333 -3.728186396 -0.296553544 0.533524091 -0.017878240 0.043186158 0.982152309 0.182187174
112.766666666 -3.766032820 -0.280770525 0.531894709 -0.019962105 0.042597057 0.982116079 0.182304724
112.800000000 -3.801268704 -0.269871196 0.524942354 -0.022115169 0.041910877 0.982089021 0.182361050
112.833333333 -3.833881955 -0.261414940 0.517692418 -0.024262476 0.041165909 0.982057353 0.182428220
112.866666666 -3.859189621 -0.252224176 0.510235982 -0.026375742 0.040366287 0.982023980 0.182493250
112.900000000 -3.881546431 -0.241440765 0.503188550 -0.028466365 0.039537643 0.981998238 0.182499046
112.933333333 -3.900345741 -0.221116626 0.498933150 -0.030504910 0.038738094 0.981970403 0.182490929
112.966666666 -3.910765896 -0.217647998 0.488254031 -0.032589179 0.037747026 0.981955798 0.182416880
113.000000000 -3.896781756 -0.220557932 0.472204691 -0.034639847 0.036581339 0.981930178 0.182414398
113.033333333 -3.880422448 -0.216018028 0.455212986 -0.036662788 0.035455693 0.981887740 0.182469722
113.066666666 -3.873909125 -0.220953763 0.441947646 -0.038684140 0.034286623 0.981880882 0.182312639
113.100000000 -3.845807236 -0.230931749 0.424716108 -0.040680586 0.032958289 0.981893218 0.182056444
113.133333333 -3.824202876 -0.251704849 0.407667641 -0.042707534 0.031564845 0.981918507 0.181702427
113.166666666 -3.806890591 -0.261636472 0.393462621 -0.044700944 0.030253768 0.981938686 0.181336571
113.200000000 -3.817284888 -0.253474434 0.383415607 -0.046718615 0.029163230 0.981955329 0.180916025
113.233333333 -3.828635483 -0.241713784 0.375840003 -0.048701708 0.028097618 0.981942202 0.180632721
113.266666666 -3.854401902 -0.228820726 0.371400270 -0.050676584 0.027077899 0.981943324 0.180238672
113.300000000 -3.892657740 -0.226170425 0.367892895 -0.052683114 0.026005266 0.981979448 0.179623436
113.333333333 -3.923684443 -0.227850023 0.361881522 -0.054696220 0.024833652 0.982035678 0.178878563
113.366666666 -3.950301895 -0.225262104 0.356433046 -0.056673606 0.023657348 0.982080678 0.178173998
113.400000000 -3.971410428 -0.224394233 0.349410803 -0.058622802 0.022436532 0.982125384 0.177453373
113.433333333 -3.993040445 -0.223708017 0.341536160 -0.060557334 0.021207261 0.982164438 0.176737314
113.466666666 -4.023172724 -0.216413596 0.336221483 -0.062469548 0.020032505 0.982207867 0.175965791
113.500000000 -4.049824510 -0.213707441 0.327692645 -0.064383738 0.018799528 0.982250038 0.175174700
113.533333333 -4.072986837 -0.209937222 0.319794448 -0.066256837 0.017546716 0.982296087 0.174346041
113.566666666 -4.095855059 -0.209386853 0.307606967 -0.068144451 0.016253879 0.982349943 0.173437984
113.600000000 -4.120008447 -0.185222049 0.297197673 -0.069977675 0.015119050 0.982352563 0.172794623
113.633333333 -4.139262098 -0.175607895 0.286223619 -0.071770307 0.013862666 0.982394340 0.171925011
113.666666666 -4.159658300 -0.171940569 0.277414660 -0.073543917 0.012543193 0.982459468 0.170901595
113.700000000 -4.176018238 -0.179618501 0.266821413 -0.075307781 0.011118035 0.982547462 0.169722163
113.733333333 -4.198343940 -0.175890923 0.256781138 -0.077054731 0.009766150 0.982625122 0.168567675
113.766666666 -4.214625540 -0.179591490 0.246162154 -0.078762114 0.008335282 0.982725601 0.167264596
113.800000000 -4.239844096 -0.178785160 0.238739882 -0.080444387 0.006946202 0.982821614 0.165958208
113.833333333 -4.266764261 -0.181875527 0.231552589 -0.082097581 0.005524330 0.982937256 0.164510850
113.866666666 -4.294437832 -0.181560168 0.224142146 -0.083728443 0.004110334 0.983050585 0.163046623
113.900000000 -4.312039371 -0.181752441 0.216793658 -0.085294856 0.002650461 0.983175706 0.161503230
113.933333333 -4.323020132 -0.189929774 0.205525186 -0.086834167 0.001114351 0.983331801 0.159740898
113.966666666 -4.347765158 -0.194038954 0.199646778 -0.088364001 -0.000377011 0.983464781 0.158078099
114.000000000 -4.376084309 -0.198549883 0.194253845 -0.089852012 -0.001850275 0.983597246 0.156395812
114.033333333 -4.405137774 -0.201091354 0.189036852 -0.091302180 -0.003310990 0.983726789 0.154707961
114.066666666 -4.432105328 -0.210418573 0.183387796 -0.092713761 -0.004824179 0.983875224 0.152873903
114.100000000 -4.462190230 -0.213761267 0.177201014 -0.094101209 -0.006287165 0.984003785 0.151135652
114.133333333 -4.497910203 -0.219552801 0.171959837 -0.095455437 -0.007745268 0.984136522 0.149343817
114.166666666 -4.537559851 -0.222746935 0.167318649 -0.096779899 -0.009177913 0.984262968 0.147566347
114.200000000 -4.576387367 -0.222687456 0.160569428 -0.098068650 -0.010589452 0.984387366 0.145780376
114.233333333 -4.613050260 -0.231809536 0.154542065 -0.099311888 -0.012065529 0.984532500 0.143830902
114.266666666 -4.649499798 -0.240468238 0.148801794 -0.100515548 -0.013543923 0.984680716 0.141834670
114.300000000 -4.688854731 -0.250381546 0.143765728 -0.101681879 -0.015015773 0.984828205 0.139816768
114.333333333 -4.727024034 -0.259441445 0.138952237 -0.102800843 -0.016479430 0.984974409 0.137789071
114.366666666 -4.766352044 -0.267902894 0.134024938 -0.103881024 -0.017932381 0.985121271 0.135732253
114.400000000 -4.798292481 -0.284552028 0.127934200 -0.104900990 -0.019443745 0.985291363 0.133486529
114.433333333 -4.835221564 -0.298715311 0.122527407 -0.105892221 -0.020927299 0.985453300 0.131265678
114.466666666 -4.869572565 -0.310972480 0.115516355 -0.106838140 -0.022382166 0.985606486 0.129091073
114.500000000 -4.905128010 -0.325836053 0.109040446 -0.107738545 -0.023834925 0.985762514 0.126872254
114.533333333 -4.944292387 -0.337622842 0.103360596 -0.108601552 -0.025256470 0.985916839 0.124642693
114.566666666 -4.982247266 -0.350555082 0.097673703 -0.109412817 -0.026670459 0.986073386 0.122379734
114.600000000 -5.019246168 -0.363677790 0.092051932 -0.110174023 -0.028073850 0.986232111 0.120082335
114.633333333 -5.057549983 -0.375173435 0.087250156 -0.110889870 -0.029447586 0.986385536 0.117812776
114.666666666 -5.094019592 -0.387523003 0.082243855 -0.111552809 -0.030814623 0.986544375 0.115484312
114.700000000 -5.130778670 -0.399419358 0.077541194 -0.112168452 -0.032164348 0.986705298 0.113120945
114.733333333 -5.159541036 -0.412438738 0.073323870 -0.112710371 -0.033508391 0.986864866 0.110775885
114.766666666 -5.194188036 -0.424829720 0.068575569 -0.113220753 -0.034821165 0.987028539 0.108366095
114.800000000 -5.230639588 -0.435861412 0.064349657 -0.113689060 -0.036104367 0.987190361 0.105955009
114.833333333 -5.264741066 -0.448181244 0.059933288 -0.114103378 -0.037377423 0.987354557 0.103510031
114.866666666 -5.298611979 -0.461450252 0.055460906 -0.114468943 -0.038634021 0.987520996 0.101027497
114.900000000 -5.332295517 -0.473597088 0.052311520 -0.114782277 -0.039854968 0.987683331 0.098581180
114.933333333 -5.365312615 -0.488307893 0.049441448 -0.115043439 -0.041065331 0.987849815 0.096080118
114.966666666 -5.401417517 -0.498829265 0.046194926 -0.115266777 -0.042215697 0.988007924 0.093657609
115.000000000 -5.433814825 -0.511395699 0.043377675 -0.115431393 -0.043353409 0.988169170 0.091201793
115.033333333 -5.467218642 -0.521589501 0.040524960 -0.115551984 -0.044445253 0.988326549 0.088786210
115.066666666 -5.500469969 -0.532801674 0.038148203 -0.115624909 -0.045509973 0.988484094 0.086365034
115.100000000 -5.534927331 -0.543179743 0.035862946 -0.115651909 -0.046540123 0.988642017 0.083938157
115.133333333 -5.568628521 -0.552497977 0.033506051 -0.115630273 -0.047536346 0.988801209 0.081499104
115.166666666 -5.602203934 -0.561867268 0.031255877 -0.115562369 -0.048500925 0.988961059 0.079050764
115.200000000 -5.635641754 -0.571278337 0.029116129 -0.115446299 -0.049432428 0.989121719 0.076595114
115.233333333 -5.668938988 -0.580733600 0.027088453 -0.115283410 -0.050329739 0.989283064 0.074132797
115.266666666 -5.702098245 -0.590232144 0.025174100 -0.115074028 -0.051193840 0.989444906 0.071665446
115.300000000 -5.735120391 -0.599773445 0.023373321 -0.114818417 -0.052019289 0.989607795 0.069189143
115.333333333 -5.768007882 -0.609352504 0.021690594 -0.114516211 -0.052809649 0.989771136 0.066710401
115.366666666 -5.800761634 -0.618969100 0.020125804 -0.114168455 -0.053563358 0.989935178 0.064225174
115.400000000 -5.833381627 -0.628620436 0.018681350 -0.113774888 -0.054279896 0.990099852 0.061735334
115.433333333 -5.865868978 -0.638304704 0.017355235 -0.113336076 -0.054957743 0.990264951 0.059244466
115.466666666 -5.898230057 -0.648023121 0.016147147 -0.112853348 -0.055597200 0.990430386 0.056751426
115.500000000 -5.930468400 -0.657772496 0.015063247 -0.112326116 -0.056196002 0.990596307 0.054256879
115.533333333 -5.960301695 -0.671984985 0.015851891 -0.111739118 -0.056783290 0.990767031 0.051678996
115.566666666 -5.992712866 -0.682401932 0.015144489 -0.111123160 -0.057303688 0.990934075 0.049168991
115.600000000 -6.024587374 -0.692284829 0.014442730 -0.110465408 -0.057779043 0.991100836 0.046670216
115.633333333 -6.056341301 -0.702185965 0.013869311 -0.109765723 -0.058211117 0.991267720 0.044173062
115.666666666 -6.087984942 -0.712108551 0.013425128 -0.109026341 -0.058601274 0.991434499 0.041674716
115.700000000 -6.119523299 -0.722056505 0.013116438 -0.108244387 -0.058947331 0.991601390 0.039179683
115.733333333 -6.150956864 -0.732029167 0.012943109 -0.107421710 -0.059250428 0.991768206 0.036684992
115.766666666 -6.182291623 -0.742021777 0.012900393 -0.106559382 -0.059509071 0.991934813 0.034192051
115.800000000 -6.213528913 -0.752031987 0.012989353 -0.105657701 -0.059721622 0.992101229 0.031700628
115.833333333 -6.244672095 -0.762058156 0.013212546 -0.104717851 -0.059889240 0.992267127 0.029212986
115.866666666 -6.275721800 -0.772099095 0.013567155 -0.103739630 -0.060011987 0.992432484 0.026728540
115.900000000 -6.306682873 -0.782155225 0.014054938 -0.102724479 -0.060089389 0.992597071 0.024248721
115.933333333 -6.337558499 -0.792222322 0.014671953 -0.101673969 -0.060120351 0.992760766 0.021771752
115.966666666 -6.368352389 -0.802299959 0.015423198 -0.100587554 -0.060105490 0.992923472 0.019299031
116.000000000 -6.399066540 -0.812383073 0.016307762 -0.099465612 -0.060045047 0.993085024 0.016832096
116.033333333 -6.429705032 -0.822472970 0.017324258 -0.098310557 -0.059937654 0.993245170 0.014371625
116.066666666 -6.460274386 -0.832565281 0.018475044 -0.097120522 -0.059783043 0.993404049 0.011915852
116.100000000 -6.490777531 -0.842664064 0.019760738 -0.095897891 -0.059582115 0.993561267 0.009464369
116.133333333 -6.521222673 -0.852763175 0.021178408 -0.094644046 -0.059333187 0.993716651 0.007021007
116.166666666 -6.551612008 -0.862860801 0.022729892 -0.093358357 -0.059037810 0.993870085 0.004583451
116.200000000 -6.581951501 -0.872953972 0.024420386 -0.092043142 -0.058696147 0.994021220 0.002153398
116.233333333 -6.612245947 -0.883043224 0.026242727 0.090698705 0.058306595 -0.994170013 0.000267899
116.266666666 -6.642495171 -0.893120130 0.028197168 0.089325244 0.057870966 -0.994316227 0.002682101
116.300000000 -6.672706861 -0.903187221 0.030280030 0.087925712 0.057389554 -0.994459457 0.005088881
116.333333333 -6.702889344 -0.913245699 0.032490310 0.086497455 0.056862490 -0.994599805 0.007488353
116.366666666 -6.733046705 -0.923294754 0.034832094 0.085045026 0.056288263 -0.994736829 0.009880036
116.399999999 -6.763185114 -0.933330958 0.037304218 0.083567038 0.055670895 -0.994870326 0.012261184
116.433333333 -6.793312008 -0.943347890 0.039905035 0.082062924 0.055006681 -0.995000433 0.014631464
116.466666666 -6.823428858 -0.953345685 0.042629767 0.080534895 0.054294619 -0.995126837 0.016994232
116.500000000 -6.853540865 -0.963326228 0.045480008 0.078986231 0.053541668 -0.995248803 0.019346455
116.533333333 -6.883653203 -0.973280538 0.048451969 0.077416675 0.052744143 -0.995366427 0.021688486
116.566666666 -6.913773323 -0.983207472 0.051545490 0.075823845 0.051901663 -0.995479733 0.024022125
116.600000000 -6.943907907 -0.993105289 0.054755514 0.074210766 0.051016844 -0.995588301 0.026343477
116.633333333 -6.974066746 -1.002972646 0.058087034 0.072579976 0.050087049 -0.995691929 0.028653396
116.666666666 -7.004251963 -1.012802194 0.061538407 0.070931352 0.049116860 -0.995790202 0.030954019
116.700000000 -7.034467725 -1.022592499 0.065104908 0.069263936 0.048106005 -0.995883148 0.033242661
116.733333333 -7.064717395 -1.032345028 0.068785364 0.067580170 0.047052191 -0.995970566 0.035519636
116.766666666 -7.095006720 -1.042060810 0.072574128 0.065880209 0.045960891 -0.996052102 0.037783648
116.800000000 -7.125345691 -1.051737329 0.076471659 0.064166287 0.044828496 -0.996127581 0.040036689
116.833333333 -7.155739233 -1.061371019 0.080475908 0.062437523 0.043657897 -0.996196903 0.042276173
116.866666666 -7.186194264 -1.070960947 0.084583279 0.060697174 0.042448127 -0.996259771 0.044502562
116.899999999 -7.216713598 -1.080504244 0.088792930 0.058943333 0.041203522 -0.996316000 0.046715957
116.933333333 -7.247307349 -1.089996284 0.093103498 0.057179088 0.039922747 -0.996365416 0.048915077
116.966666666 -7.277982662 -1.099435267 0.097511923 0.055403076 0.038605075 -0.996408094 0.051098503
117.000000000 -7.308741325 -1.108818118 0.102016999 0.053616774 0.037253080 -0.996443430 0.053272317
117.033333333 -7.339592737 -1.118144732 0.106616109 0.051822775 0.035869030 -0.996471487 0.055429121
117.066666666 -7.370545087 -1.127415075 0.111307771 0.050020499 0.034451485 -0.996492119 0.057571707
117.100000000 -7.401604149 -1.136628761 0.116090974 0.048211327 0.033004059 -0.996505076 0.059699531
117.133333333 -7.432773891 -1.145781211 0.120964812 0.046395936 0.031525446 -0.996510285 0.061812749
117.166666666 -7.464066293 -1.154872665 0.125923984 0.044573135 0.030016563 -0.996507757 0.063910343
117.200000000 -7.495487530 -1.163901415 0.130963395 0.042747528 0.028479521 -0.996497268 0.065990613
117.233333333 -7.527038178 -1.172865552 0.136082507 0.040916246 0.026914926 -0.996478709 0.068056083
117.266666666 -7.558726818 -1.181760811 0.141280217 0.039082411 0.025325038 -0.996452076 0.070103264
117.300000000 -7.590563623 -1.190585345 0.146550703 0.037246610 0.023710367 -0.996417162 0.072134237
117.333333333 -7.622555900 -1.199339053 0.151893241 0.035408680 0.022072640 -0.996374075 0.074146656
117.366666666 -7.654710547 -1.208017024 0.157303430 0.033568841 0.020413798 -0.996322645 0.076141955
117.400000000 -7.687031533 -1.216617272 0.162776343 0.031727371 0.018733657 -0.996262861 0.078120010
117.433333333 -7.719528314 -1.225139430 0.168307040 0.029887957 0.017032373 -0.996194723 0.080079229
117.466666666 -7.752207801 -1.233577774 0.173899557 0.028048035 0.015314218 -0.996118249 0.082019611
117.500000000 -7.785080838 -1.241932079 0.179550178 0.026210261 0.013578609 -0.996033453 0.083940478
117.533333333 -7.818151806 -1.250199313 0.185252665 0.024375433 0.011825007 -0.995940422 0.085841038
117.566666666 -7.851423952 -1.258375546 0.191002888 0.022542325 0.010058005 -0.995839118 0.087721896
117.600000000 -7.884906807 -1.266464940 0.196796339 0.020713594 0.008277284 -0.995729466 0.089583834
117.633333333 -7.918611704 -1.274462758 0.202631748 0.018889829 0.006487124 -0.995611713 0.091424333
117.666666666 -7.952545296 -1.282368781 0.208504823 0.017070152 0.004684979 -0.995485959 0.093243589
117.700000000 -7.986713930 -1.290176077 0.214414189 0.015255356 0.002874367 -0.995352244 0.095041690
117.733333333 -8.021122636 -1.297884757 0.220356094 0.013447286 0.001056766 -0.995210886 0.096816045
117.766666666 -8.055781297 -1.305493927 0.226325059 0.011645959 -0.000766928 -0.995061805 0.098568691
117.800000000 -8.090690987 -1.312997564 0.232318380 0.009852357 -0.002594088 -0.994905153 0.100299247
117.833333333 -8.125860696 -1.320397580 0.238336144 0.008064481 -0.004427473 -0.994741243 0.102005987
117.866666666 -8.161303464 -1.327698367 0.244368268 0.006285680 -0.006262696 -0.994570131 0.103689548
117.900000000 -8.197023181 -1.334891814 0.250414990 0.004515837 -0.008096816 -0.994392183 0.105348161
117.933333333 -8.233029988 -1.341977813 0.256470772 0.002755880 -0.009930727 -0.994207431 0.106983033
117.966666666 -8.269325311 -1.348951388 0.262532445 0.001005788 -0.011760845 -0.994016332 0.108591905
118.000000000 -8.305918774 -1.355809155 0.268599229 -0.000733524 -0.013586990 -0.993818940 0.110176085
118.033333333 -8.342822285 -1.362550671 0.274668741 -0.002462904 -0.015408512 -0.993615802 0.111732495
118.066666666 -8.380038134 -1.369180196 0.280735865 -0.004179916 -0.017221984 -0.993406885 0.113263821
118.100000000 -8.417575855 -1.375690930 0.286799251 -0.005885945 -0.019028524 -0.993192908 0.114765496
118.133333333 -8.455440967 -1.382081328 0.292855006 -0.007581626 -0.020826447 -0.992973704 0.116241135
118.166666666 -8.493641965 -1.388349507 0.298898585 -0.009262444 -0.022611603 -0.992749977 0.117687749
118.200000000 -8.532180781 -1.394493962 0.304926902 -0.010931830 -0.024385126 -0.992521750 0.119106826
118.233333333 -8.571069978 -1.400508530 0.310936093 -0.012586009 -0.026145678 -0.992289570 0.120496492
118.266666666 -8.610310951 -1.406394568 0.316921078 -0.014226551 -0.027891398 -0.992053593 0.121857886
118.300000000 -8.649913207 -1.412148358 0.322875909 -0.015852725 -0.029618123 -0.991814368 0.123189764
118.333333333 -8.689890554 -1.417771119 0.328800051 -0.017463899 -0.031328679 -0.991572256 0.124490911
118.366666666 -8.730245347 -1.423255566 0.334692104 -0.019061599 -0.033019354 -0.991327616 0.125761425
118.400000000 -8.770985890 -1.428606215 0.340545235 -0.020642537 -0.034689019 -0.991080889 0.127000906
118.433333333 -8.812114116 -1.433819088 0.346360718 -0.022208763 -0.036337477 -0.990832417 0.128208738
118.466666666 -8.853644183 -1.438888757 0.352132009 -0.023759193 -0.037963457 -0.990582738 0.129383603
118.500000000 -8.895579301 -1.443816485 0.357861704 -0.025293208 -0.039564500 -0.990332214 0.130525897
118.533333333 -8.937926746 -1.448604979 0.363545201 -0.026809809 -0.041140175 -0.990081243 0.131635301
118.566666666 -8.980693560 -1.453246725 0.369176235 -0.028308152 -0.042689009 -0.989830367 0.132710743
118.600000000 -9.023883973 -1.457737917 0.374748747 -0.029790773 -0.044208823 -0.989579878 0.133752592
118.633333333 -9.067505313 -1.462079705 0.380264823 -0.031256149 -0.045699718 -0.989330137 0.134760785
118.666666666 -9.111562453 -1.466272504 0.385718897 -0.032702640 -0.047160757 -0.989081603 0.135734970
118.700000000 -9.156062923 -1.470315757 0.391109426 -0.034130745 -0.048589976 -0.988834889 0.136673588
118.733333333 -9.201014802 -1.474205524 0.396426513 -0.035540474 -0.049985597 -0.988590442 0.137576351
118.766666666 -9.246421479 -1.477938148 0.401670291 -0.036931403 -0.051347353 -0.988348642 0.138443067
118.800000000 -9.292283351 -1.481512113 0.406836224 -0.038303389 -0.052675060 -0.988109788 0.139273958
118.833333333 -9.338609216 -1.484923733 0.411921017 -0.039656951 -0.053964785 -0.987874578 0.140067652
118.866666666 -9.385407574 -1.488174940 0.416924120 -0.040988317 -0.055219373 -0.987643436 0.140823371
118.900000000 -9.432687117 -1.491269840 0.421846801 -0.042300455 -0.056435085 -0.987416775 0.141541038
118.933333333 -9.480454226 -1.494202083 0.426678595 -0.043592441 -0.057611956 -0.987194765 0.142221862
118.966666666 -9.528715452 -1.496970082 0.431419956 -0.044865121 -0.058749559 -0.986978073 0.142863202
119.000000000 -9.577470158 -1.499569738 0.436067786 -0.046116247 -0.059845723 -0.986767011 0.143466536
119.033333333 -9.626724810 -1.501998472 0.440620537 -0.047346370 -0.060901181 -0.986561769 0.144032088
119.066666666 -9.676484348 -1.504256224 0.445071770 -0.048553744 -0.061914452 -0.986363188 0.144557242
119.100000000 -9.726758914 -1.506341474 0.449415146 -0.049740187 -0.062884515 -0.986171366 0.145043054
119.133333333 -9.777551190 -1.508255506 0.453649499 -0.050904684 -0.063809359 -0.985986842 0.145488923
119.166666666 -9.828866660 -1.509996223 0.457777475 -0.052047812 -0.064690212 -0.985809832 0.145894406
119.200000000 -9.880712115 -1.511558425 0.461796572 -0.053166428 -0.065526067 -0.985640977 0.146258433
119.233333333 -9.933093168 -1.512938359 0.465701251 -0.054261582 -0.066317335 -0.985480134 0.146583072
119.266666666 -9.986015431 -1.514142731 0.469495662 -0.055333277 -0.067062796 -0.985327881 0.146866524
119.300000000 -10.039481321 -1.515170460 0.473176496 -0.056382479 -0.067758273 -0.985184702 0.147108585
119.333333333 -10.093495227 -1.516019484 0.476743662 -0.057409020 -0.068407813 -0.985050422 0.147310017
119.366666666 -10.148062544 -1.516690060 0.480192676 -0.058411185 -0.069007643 -0.984925758 0.147469761
119.400000000 -10.203184609 -1.517181568 0.483518825 -0.059389127 -0.069558364 -0.984810922 0.147587307
119.433333333 -10.258864190 -1.517493145 0.486724491 -0.060340894 -0.070061467 -0.984706029 0.147663143
119.466666666 -10.315109060 -1.517620884 0.489807531 -0.061269887 -0.070514198 -0.984611561 0.147695030
119.500000000 -10.371923734 -1.517571645 0.492764216 -0.062172512 -0.070917263 -0.984527476 0.147685371
119.533333333 -10.429313979 -1.517336441 0.495593456 -0.063050302 -0.071270277 -0.984454045 0.147632790
119.566666666 -10.487283462 -1.516912476 0.498290865 -0.063901989 -0.071571127 -0.984391350 0.147539081
119.600000000 -10.545831178 -1.516298137 0.500855799 -0.064727670 -0.071822177 -0.984339903 0.147400338
119.633333333 -10.604961234 -1.515495531 0.503287781 -0.065527013 -0.072022350 -0.984299356 0.147220141
119.666666666 -10.664677599 -1.514503320 0.505584209 -0.066299952 -0.072170154 -0.984270481 0.146994580
119.700000000 -10.724981996 -1.513321882 0.507745030 -0.067045133 -0.072268479 -0.984252544 0.146728136
119.733333333 -10.785879939 -1.511953305 0.509767119 -0.067760673 -0.072314585 -0.984246252 0.146418605
119.766666666 -10.847375971 -1.510392684 0.511648645 -0.068449116 -0.072309087 -0.984251385 0.146066171
119.800000000 -10.909470516 -1.508637901 0.513390008 -0.069109499 -0.072250711 -0.984268195 0.145670289
119.833333333 -10.972166315 -1.506686025 0.514994899 -0.069743010 -0.072140591 -0.984296459 0.145231296
119.866666666 -11.035467406 -1.504531691 0.516462875 -0.070347434 -0.071981142 -0.984336143 0.144749133
119.900000000 -11.099380551 -1.502179384 0.517792018 -0.070924404 -0.071770479 -0.984387012 0.144225305
119.933333333 -11.163904053 -1.499628776 0.518983971 -0.071469980 -0.071507226 -0.984449731 0.143657528
119.966666666 -11.229039616 -1.496878019 0.520038533 -0.071986501 -0.071193517 -0.984523913 0.143045765
120.000000000 -11.294795899 -1.493925814 0.520954353 -0.072473549 -0.070828716 -0.984609548 0.142390015
120.033333333 -11.361168165 -1.490774850 0.521725861 -0.072930816 -0.070414049 -0.984706228 0.141691927
120.066666666 -11.428153739 -1.487423851 0.522349613 -0.073355148 -0.069950553 -0.984813795 0.140952941
120.100000000 -11.495757333 -1.483871319 0.522827170 -0.073748565 -0.069436072 -0.984932334 0.140171602
120.133333333 -11.563977638 -1.480117923 0.523159099 -0.074110126 -0.068872558 -0.985061823 0.139346566
120.166666666 -11.632814722 -1.476160553 0.523351071 -0.074439123 -0.068259559 -0.985201918 0.138479712
120.200000000 -11.702272999 -1.472001369 0.523399046 -0.074736623 -0.067597985 -0.985352209 0.137571703
120.233333333 -11.772356052 -1.467642659 0.523298121 -0.075002577 -0.066889304 -0.985512244 0.136623755
120.266666666 -11.843065713 -1.463080576 0.523051357 -0.075235238 -0.066132434 -0.985682148 0.135635040
120.300000000 -11.914405039 -1.458311695 0.522661430 -0.075434473 -0.065328687 -0.985861951 0.134603181
120.333333333 -11.986370401 -1.453333405 0.522128998 -0.075600199 -0.064477651 -0.986050982 0.133531658
120.366666666 -12.058962492 -1.448146088 0.521450681 -0.075732436 -0.063579270 -0.986249136 0.132419472
120.400000000 -12.132183422 -1.442752969 0.520628082 -0.075830625 -0.062635249 -0.986456203 0.131265764
120.433333333 -12.206039095 -1.437152353 0.519665065 -0.075893929 -0.061649494 -0.986671292 0.130073877
120.466666666 -12.280525644 -1.431343584 0.518563834 -0.075921488 -0.060618682 -0.986894678 0.128841754
120.500000000 -12.355637837 -1.425327531 0.517324127 -0.075913539 -0.059544177 -0.987125730 0.127571228
120.533333333 -12.431377703 -1.419102321 0.515948586 -0.075871441 -0.058427542 -0.987364264 0.126259876
120.566666666 -12.507746889 -1.412666137 0.514437383 -0.075793725 -0.057271221 -0.987609202 0.124913500
120.600000000 -12.584743620 -1.406019531 0.512787066 -0.075680012 -0.056073755 -0.987860904 0.123527747
120.633333333 -12.662372619 -1.399164522 0.511003296 -0.075529315 -0.054836308 -0.988118820 0.122104463
120.666666666 -12.740628505 -1.392102291 0.509083482 -0.075343490 -0.053560743 -0.988382437 0.120643121
120.700000000 -12.819511802 -1.384827499 0.507031000 -0.075120612 -0.052247850 -0.988651205 0.119146342
120.733333333 -12.899019600 -1.377344699 0.504847814 -0.074860312 -0.050897064 -0.988924889 0.117613714
120.766666666 -12.979153577 -1.369654036 0.502536162 -0.074562724 -0.049512258 -0.989202941 0.116045159
120.800000000 -13.059910003 -1.361753235 0.500092184 -0.074228568 -0.048093623 -0.989484912 0.114440956
120.833333333 -13.141289477 -1.353645102 0.497518465 -0.073855296 -0.046639897 -0.989770445 0.112803288
120.866666666 -13.223289686 -1.345327144 0.494821804 -0.073445989 -0.045153616 -0.990059001 0.111130609
120.900000000 -13.305906843 -1.336795196 0.492002654 -0.072997160 -0.043637400 -0.990350302 0.109423358
120.933333333 -13.389139641 -1.328051061 0.489064358 -0.072509219 -0.042090744 -0.990643623 0.107684699
120.966666666 -13.472985199 -1.319095202 0.486008649 -0.071984768 -0.040514801 -0.990938572 0.105912656
121.000000000 -13.557443367 -1.309928572 0.482834599 -0.071422425 -0.038913061 -0.991234421 0.104110203
121.033333333 -13.642510842 -1.300551025 0.479545956 -0.070819736 -0.037285157 -0.991531053 0.102276847
121.066666666 -13.728186992 -1.290964026 0.476149183 -0.070178548 -0.035631991 -0.991828066 0.100411255
121.100000000 -13.814469959 -1.281166897 0.472648386 -0.069498735 -0.033954726 -0.992124858 0.098515319
121.133333333 -13.901359153 -1.271163329 0.469042804 -0.068780455 -0.032255028 -0.992420944 0.096589503
121.166666666 -13.988850955 -1.260950936 0.465337245 -0.068023382 -0.030534959 -0.992715642 0.094636619
121.200000000 -14.076943728 -1.250523035 0.461531049 -0.067227645 -0.028795545 -0.993008743 0.092654714
121.233333333 -14.165631287 -1.239884263 0.457627023 -0.066394555 -0.027036999 -0.993299546 0.090646434
121.266666666 -14.254910602 -1.229040131 0.453627056 -0.065522218 -0.025261144 -0.993587806 0.088611424
121.300000000 -14.336414958 -1.209727410 0.446079709 -0.064622979 -0.023485961 -0.993875495 0.086508852
121.333333333 -14.423717781 -1.196602127 0.441043098 -0.063680165 -0.021689570 -0.994157194 0.084414889
121.366666666 -14.514681344 -1.206001593 0.438019406 -0.062719618 -0.019850767 -0.994431544 0.082329219
121.400000000 -14.606185459 -1.195835080 0.433453272 -0.061695648 -0.018020700 -0.994705314 0.080188775
121.433333333 -14.697747234 -1.186336751 0.428667100 -0.060636913 -0.016180977 -0.994974151 0.078024220
121.466666666 -14.788778026 -1.174533230 0.423675315 -0.059539989 -0.014335893 -0.995237963 0.075834483
121.500000000 -14.886160065 -1.158352927 0.418595865 -0.058386513 -0.012485313 -0.995497541 0.073619137
121.533333333 -14.981171783 -1.138696261 0.413018875 -0.057199610 -0.010635824 -0.995751151 0.071377369
121.566666666 -15.065495517 -1.088902279 0.402756497 -0.055966612 -0.008822531 -0.996005305 0.069016911
121.600000000 -15.156990359 -1.052906778 0.394594431 -0.054701029 -0.006991551 -0.996248658 0.066689786
121.633333333 -15.239960256 -1.019249561 0.386148198 -0.053419844 -0.005162501 -0.996483787 0.064340742
121.666666666 -15.310046624 -0.966477398 0.375652772 -0.052106961 -0.003367097 -0.996713599 0.061931653
121.700000000 -15.381028319 -0.929850213 0.366125754 -0.050780326 -0.001559200 -0.996932756 0.059531564
121.733333333 -15.446118458 -0.886684441 0.355428668 -0.049422724 0.000234274 -0.997144931 0.057090512
121.766666666 -15.504914560 -0.842064464 0.343371573 -0.048041641 0.002013081 -0.997348027 0.054633877
121.800000000 -15.555711047 -0.792092001 0.329160719 -0.046634526 0.003771054 -0.997541870 0.052165293
121.833333333 -15.524165989 -0.699790467 0.302472037 -0.045309379 0.005404371 -0.997732154 0.049481328
121.866666666 -15.543938146 -0.648419451 0.288035585 -0.043900733 0.007110735 -0.997905002 0.046986917
121.900000000 -15.531166891 -0.590470610 0.271550498 -0.042508727 0.008778526 -0.998067702 0.044461297
121.933333333 -15.541715466 -0.556789846 0.260292208 -0.041063336 0.010478943 -0.998215815 0.042061637
121.966666666 -15.605914386 -0.534244496 0.250086251 -0.039493592 0.012223778 -0.998360607 0.039584515
122.000000000 -15.669720989 -0.505216099 0.239107661 -0.037882656 0.013949289 -0.998495318 0.037113626
122.033333333 -15.707742903 -0.470256113 0.226753326 -0.036284433 0.015630407 -0.998619664 0.034610646
122.066666666 -15.728022907 -0.432422690 0.213362662 -0.034689212 0.017272160 -0.998733223 0.032097972
122.100000000 -15.788192592 -0.422247280 0.201285781 -0.033020585 0.018950499 -0.998835841 0.029622337
122.133333333 -15.827973376 -0.400754105 0.190303485 -0.031345234 0.020587692 -0.998929130 0.027096414
122.166666666 -15.822191094 -0.371023308 0.176676080 -0.029718600 0.022153660 -0.999011137 0.024551330
122.200000000 -15.756643037 -0.358078170 0.156082887 -0.028190544 0.023655567 -0.999080685 0.021988464
122.233333333 -15.643986175 -0.345871781 0.131761470 -0.026715728 0.025093932 -0.999140461 0.019362420
122.266666666 -15.632648868 -0.303799821 0.119440000 -0.025001528 0.026569276 -0.999194622 0.016706423
122.300000000 -15.598545285 -0.298602127 0.105502134 -0.023349425 0.028023585 -0.999234424 0.014143889
122.333333333 -15.560996274 -0.318131225 0.092816675 -0.021695903 0.029476879 -0.999262108 0.011646523
122.366666666 -15.546886671 -0.338028354 0.083179218 -0.019975108 0.030924898 -0.999280180 0.009152473
122.400000000 -15.464530297 -0.351329911 0.072397460 -0.018345283 0.032277480 -0.999288584 0.006628750
122.433333333 -15.434646798 -0.360297764 0.064347410 -0.016599707 0.033632404 -0.999288119 0.004070180
122.466666666 -15.384416509 -0.350151419 0.053785340 -0.014847395 0.034917071 -0.999278957 0.001385006
